#Position (bp)	Coverage
384368.0	22.586324286002327
1153103.0	23.60443455807268
1921838.0	24.721863841245682
2690573.0	26.684213675714
3459308.0	23.860455163352782
4228043.0	24.80577962496829
4996778.0	24.649267953195835
5765513.0	25.82187229669522
6534248.0	24.63258860335486
7302983.0	22.405568889149055
8071718.0	20.894455176361166
8840453.0	17.265077042153667
9609188.0	20.435451748652007
1.0377923E7	15.896771969534365
1.0801324E7	19.777178577375842
1.11856915E7	22.29983146750682
1.1915393E7	21.793867847827926
1.2684128E7	25.503842026185875
1.3452863E7	25.95279777816803
1.4221598E7	23.989712970009172
1.4990333E7	25.692627498422734
1.5759068E7	27.07499723571842
1.6527803E7	26.0024247627596
1.7296538E7	23.46462435039383
1.8065273E7	10.75956083695942
1.8834008E7	15.711829173902581
1.9602743E7	17.790827788509695
2.018777E7	15.802752922238918
2.05721375E7	9.804001458836849
2.1140213E7	10.83709861005418
2.1908948E7	14.681956721106753
2.2677683E7	22.532390225500336
2.3446418E7	25.829441875288623
2.4215153E7	24.278168679714074
2.4983888E7	27.621007239165642
2.5752623E7	27.310724762109178
2.6521358E7	26.351228967069275
2.7290093E7	21.73123117849454
2.8058828E7	17.776756619641358
2.86485735E7	19.894158575894206
2.9032941E7	21.957232128141595
2.9596298E7	25.517244564121576
3.0365033E7	26.987325931562893
3.1133768E7	26.557599172666784
3.1902503E7	25.19137544147203
3.2671238E7	24.208298048091994
3.3439973E7	25.78139280766454
3.4208708E7	28.210339063526444
3.4977443E7	22.736379896843516
3.5659712E7	20.076669637447278
3.60440795E7	19.37672032937802
3.6514913E7	22.335201337261864
3.7283648E7	24.684706693463937
3.8052383E7	26.288123995915367
3.8821118E7	27.464578821050168
3.9589853E7	28.87680930359617
4.0358588E7	25.391285683623096
4.1127323E7	25.783282925845707
4.1896058E7	27.281431182397053
4.2664793E7	26.918769146715057
4.3049519E7	178.38354253835425
4.34338865E7	18.124969727272017
4.4202263E7	15.101547347265312
4.4970998E7	12.685639394589813
4.5739733E7	20.721195210313045
4.6508468E7	19.4781790864212
4.7277203E7	14.466200966522925
4.8045938E7	17.272141895451618
4.8668911E7	10.512523810222312
4.90532785E7	24.100046651390624
4.9583408E7	23.40257956252805
5.0352143E7	25.823001424418038
5.1120878E7	27.351558079182034
5.1889613E7	24.47556830377178
5.2658348E7	25.692320500562612
5.3427083E7	26.88057002738265
5.38687855E7	26.744213830993285
5.4253153E7	19.642477429613265
5.4964553E7	17.73320585117108
5.5733288E7	18.69223594606724
5.6502023E7	22.37842689613456
5.7270758E7	23.023156224186486
5.8039493E7	23.597622067422453
5.85039505E7	22.26881008865027
5.8888318E7	12.155869231211641
5.9576963E7	13.181603543483776
6.0345698E7	13.703202013697828
6.1114433E7	15.166439670367552
6.1883168E7	14.540015740144524
6.2651903E7	15.179917656929891
6.3087631E7	13.080460665297261
6.34719985E7	8.813026452897386
6.4189373E7	15.58127573220941
6.4958108E7	14.847129374882112
6.5726843E7	16.02798493629144
6.6495578E7	13.6352371103176
6.7140034E7	9.914798232140214
6.75244015E7	25.066378873341435
6.8033048E7	21.74122682068593
6.8801783E7	21.26207991050232
6.9570518E7	19.679464314750856
7.0339253E7	19.31862605449212
7.11040115E7	16.633592803194606
7.1488379E7	16.619891864705142
7.1876723E7	21.332496894248344
7.2645458E7	26.074583569110292
7.3414193E7	28.062419429322198
7.4182928E7	26.113868888498637
7.4951663E7	24.794025249273158
7.5358208E7	19.78094916018487
7.57425755E7	17.379755100913886
7.6489133E7	22.010271419930145
7.7257868E7	20.5787039747117
7.8026603E7	20.89584056924688
7.8795338E7	21.14535828341366
7.92080895E7	21.218115839909807
7.9592457E7	21.883887876825753
8.0332808E7	16.32215002569156
8.1101543E7	17.493160842162773
8.1870278E7	16.86808458051214
8.26063115E7	15.646374685070493
8.2990679E7	12.42701405134321
8.3407748E7	15.057633644884127
8.4176483E7	12.64499339824517
8.4945218E7	14.310883464392802
8.5713953E7	15.843883783098207
8.6362088E7	14.26556531794099
8.67464555E7	10.92108623548922
8.7251423E7	14.646674081445491
8.8020158E7	15.52531366465687
8.8788893E7	14.512911471443346
8.9557628E7	14.074142584895965
9.0098611E7	9.554271448228304
9.04829785E7	20.452443886332503
9.1095098E7	21.77891861304611
9.1863833E7	22.36832978854872
9.2632568E7	21.71889012468536
9.3401303E7	19.124820646906933
9.38242175E7	14.358730899940333
9.4208585E7	15.250799186283057
9.4938773E7	18.174416411377134
9.5707508E7	16.13013327089309
9.6476243E7	16.51759448964858
9.71220675E7	9.718754900423397
9.7506435E7	17.271168858641044
9.8013713E7	20.13919881363539
9.8782448E7	15.4772763045783
9.9551183E7	13.813614574593325
1.00269334E8	11.10883102370249
1.006537015E8	4.383985054562707
1.01088653E8	14.81199893331252
1.01857388E8	15.317736281033126
1.02626123E8	14.696315375259354
1.033545365E8	21.69708120425757
1.03738904E8	7.578959116104311
1.04163593E8	9.659207659336442
1.04932328E8	7.267271556518176
1.05701063E8	8.241335440691525
1.06347158E8	8.121252065602583
1.067315255E8	19.992706294846705
1.07238533E8	14.607577383623745
1.08007268E8	14.373772496373913
1.08776003E8	17.325605052456307
1.09309377E8	20.469932519722295
1.096937445E8	23.88759395141931
1.10313473E8	23.55393601175958
1.11082208E8	26.84578690966328
1.11850943E8	35.84028566411052
1.12235708E8	30.82893081761006
1.126200755E8	9.644149282496029
1.13388413E8	10.44347271816686
1.14157148E8	11.683753178923816
1.147696095E8	10.47653160539076
1.15153977E8	9.613386146723533
1.15694618E8	8.659409289286945
1.16463353E8	9.71152347688085
1.17232088E8	12.04279237968871
1.17668795E8	20.528109745030044
1.180531625E8	25.245754876094786
1.18769558E8	27.464721913273106
1.19538293E8	26.567440015089726
1.2014897E8	23.153983814201347
1.205333375E8	18.288780068076274
1.21075763E8	14.877528667226027
1.21844498E8	18.08153134695311
1.225916085E8	18.38919152126988
1.22975976E8	19.797775671113783
1.23381968E8	21.510849642594653
1.24150703E8	21.139217025372854
1.24919438E8	15.658483092353022
1.253769895E8	12.707962122868386
1.25761357E8	12.99813293442615
1.26456908E8	13.254827736476159
1.27225643E8	14.807282093309137
1.277254535E8	11.703282139237546
1.28109821E8	13.017506772346886
1.28763113E8	14.20064131332644
1.29531848E8	16.968470279094877
1.300272615E8	13.6428056841309
1.30411629E8	13.30176916195762
1.31069318E8	14.336753237461544
1.31838053E8	14.332098837700899
1.322676755E8	17.90778919456414
1.32652043E8	13.24086844336319
1.33375523E8	16.11755676533526
1.34030498E8	11.709496226083903
1.344148655E8	5.182616912798875
1.34912993E8	15.309327661677951
1.35681728E8	14.390284038062532
1.361569665E8	10.89673823331976
1.36541334E8	9.74729511254819
1.37219198E8	11.875119514527112
1.37895604E8	12.765085767801164
1.382799715E8	7.692745507911924
1.38756668E8	10.813626282138838
1.39525403E8	9.945332266645853
1.400102465E8	11.219385723953978
1.40394614E8	9.359931523134719
1.41062873E8	16.152622164985335
1.417121025E8	9.729319419169228
1.4209647E8	16.91430519934229
1.42600343E8	15.183463742381965
1.43369078E8	16.499281286789337
1.437831155E8	17.720610043815302
1.44167483E8	14.602698073710696
1.44906548E8	10.208373496718636
1.45465214E8	6.172155813159608
1.458495815E8	13.698670436856462
1.46444018E8	14.152852413380424
1.47106683E8	14.093026347703447
1.474910505E8	12.876661638540586
1.47981488E8	11.332431852328826
1.48737048E8	8.637880614505951
1.491214155E8	15.5119165085389
1.49518958E8	18.33388879132601
1.50287693E8	19.253599745035675
1.50728883E8	22.048765893792073
1.511132505E8	16.41936985757682
1.51825163E8	16.9863281885175
1.52332369E8	14.031610610679877
1.527167365E8	26.159492828711155
1.53362633E8	23.78552817290744
1.5389724E8	19.417606554867394
1.542816075E8	6.498065160937607
1.54900103E8	6.932701125875627
1.55461321E8	5.964523707877557
1.558456885E8	22.433265708351605
1.56437573E8	21.364679636025418
1.57018682E8	22.584688538005455
1.574030495E8	10.833581166789251
1.57975043E8	21.393299381451346
1.585640605E8	25.070901539213292
1.58948428E8	17.3960131873635
1.59512513E8	22.109335466708295
1.6009777E8	24.56275713763039
1.604821375E8	5.629770326687669
1.61049983E8	9.331159632383072
1.616289075E8	16.775759803039726
1.62013275E8	21.864917904963107
1.62587453E8	12.948805505148067
1.631586895E8	9.343021046829596
1.63543057E8	18.65573662584779
1.64124923E8	17.314880940766322
1.64685819E8	12.140300291454354
1.650701865E8	15.459011542588254
1.65662393E8	15.390576726700358
1.66204869E8	18.395857907702624
1.665892365E8	6.074496484117759
1.67199863E8	13.987669352897942
1.67707403E8	4.0379102478231745
1.680917705E8	20.72578724707594
1.68737333E8	15.799159658399839
1.69197014E8	10.076394006386638
1.695813815E8	13.452485649757
1.70274803E8	11.446300740827464
1.706842435E8	9.088980177880588
1.71068611E8	8.748210729638222
1.717757825E8	7.11546609864981
1.7216015E8	14.811978460147161
1.72581008E8	19.102576310432074
1.732448375E8	20.842558201115
1.73629205E8	10.580303225283707
1.74118478E8	10.15135905090831
1.7470787E8	5.703711019902499
1.750922375E8	11.926074616795749
1.75655948E8	14.419444932258841
1.761671155E8	13.571068611987382
1.76551483E8	14.827427761654711
1.77193418E8	17.065488107085017
1.775981795E8	50.9298077866039
1.77982547E8	25.831938314190456
1.786433205E8	26.814991576819406
1.79027688E8	11.710783110172153
1.79499623E8	8.094409647017503
1.80059845E8	17.9196238936166
1.804442125E8	17.268748231525134
1.81037093E8	16.469910957612182
1.814629515E8	6.735291991034201
1.81847319E8	6.6270741797702675
1.824697645E8	7.017450074936778
1.82854132E8	14.980448193437883
1.83343298E8	13.149198358341952
1.83845386E8	17.836001376140945
1.842297535E8	4.552809519702078
1.848263935E8	15.468514483640561
1.85210761E8	11.150300232645817
1.85649503E8	18.794561194689976
1.861815255E8	21.700267515492193
1.86565893E8	9.697878227807996
1.871516995E8	12.044728640423497
1.87536067E8	14.021545919741449
1.87955708E8	15.065717054641716
1.88487033E8	12.936420393651225
1.888714005E8	10.888812602670486
1.89437117E8	16.003090100256923
1.898214845E8	19.79868357681811
1.90261913E8	13.297986952590945
1.907655555E8	21.84441836093062
1.91149923E8	17.477895451587653
1.917006725E8	17.397898528654995
1.9208504E8	8.51847574472827
1.92568118E8	10.914934275140327
1.93014003E8	20.665558580891616
1.933983705E8	9.902000929224098
1.939421735E8	7.8942965246002545
1.94326541E8	9.554424484975323
1.948700135E8	8.504901883396744
1.95254381E8	9.55783733611788
1.95643058E8	14.799572024169578
1.96173218E8	18.474825522574893
1.965575855E8	9.167647490307031
1.970859405E8	8.853559596935606
1.97470308E8	6.461905642923219
1.97949263E8	8.842571237162351
1.98379719E8	18.081278410015514
1.987640865E8	6.493084111044434
1.99284827E8	9.215130315162376
1.996691945E8	13.982865789030539
2.001689555E8	12.2659515536083
2.00553323E8	18.954440109810722
2.01024203E8	18.164409061640228
2.0143258E8	10.079593494241863
2.018169475E8	12.017406301511276
2.023091665E8	14.64059881238577
2.02693534E8	12.25498551522436
2.03168465E8	13.741847233555657
2.035528325E8	8.834858561345659
2.04022535E8	12.802082470240562
2.044069025E8	9.011930868838764
2.048603755E8	10.47605906624388
2.05244743E8	0.60433188937021
2.05636613E8	15.679542365054278
2.060816995E8	20.071452099013488
2.06466067E8	14.98899577782687
2.069158215E8	12.238910123229664
2.07300189E8	19.517303198502294
2.07743072E8	13.020894099549619
2.081274395E8	13.642473441270413
2.08563085E8	11.067136640815262
2.089474525E8	23.30888474284021
2.09377998E8	16.428371635454795
2.097623655E8	7.954365040570925
2.101865875E8	6.026898537579364
2.10570955E8	6.603895219866903
2.10991954E8	14.58675381069183
2.113763215E8	6.738354518679275
2.117807295E8	12.031643881205692
2.12165097E8	14.933807582198318
2.12555228E8	9.269700221792945
2.12951007E8	2.897690925820444
2.133353745E8	22.767359956670493
2.137362725E8	24.483251019969938
2.1412064E8	10.990573065058477
2.145168735E8	7.290858621382637
2.14901241E8	23.934030261827058
2.15295174E8	23.905637639624494
2.156795415E8	14.051220320363948
2.160708055E8	179.08470765949883
2.16455173E8	10.56707533583767
2.16845987E8	4.440466224996611
2.172303545E8	17.489187038125174
2.176193275E8	18.244741689195212
2.18003695E8	10.81642382560232
2.183870575E8	6.98147533814859
2.18771425E8	9.255258205850957
2.191437085E8	9.798287020817583
2.19528076E8	10.41214414125152
2.19895419E8	7.912627491030276
2.202797865E8	11.767373163305574
2.20645687E8	7.544380118987275
2.21025053E8	10.374686134746808
2.21390679E8	8.7666699990003
2.217493495E8	11.117457283505198
2.22133717E8	6.668925191784615
2.22491112E8	10.671375420306003
2.228754795E8	13.532147873281199
2.232300165E8	12.495994825948408
2.23614384E8	6.669902801666257
2.239617555E8	9.228039019509755
2.24346123E8	18.291937589108215
2.2468963E8	7.880249486894404
2.250739975E8	8.741781468087423
2.254154375E8	6.223282334366942
2.25799805E8	8.71569552369224
2.261404185E8	10.257284928359834
2.26524786E8	19.14836761698067
2.2685767E8	17.993697777832754
2.272420375E8	10.111706526358793
2.275674865E8	13.77227948554228
2.27901798E8	20.49320471020582
2.282642395E8	12.911349288796547
2.28575658E8	13.168851690659524
2.289600255E8	15.67813097028576
2.29270193E8	17.1199519134442
2.296545605E8	14.318625288405466
2.299644725E8	22.798180237252346
2.3034884E8	8.548843133249036
2.30655893E8	11.26190577099668
2.309973965E8	17.534536491664788
2.313463715E8	4.717303564762971
2.31650276E8	5.815055518205029
2.320346435E8	5.565630397236615
2.32330417E8	13.311931526589406
2.327147845E8	7.113058639776143
2.33008396E8	6.283772286863222
2.333832675E8	11.574818968487044
2.336859445E8	4.058761583824769
2.33975938E8	14.20330840738331
2.343603055E8	15.13498604024261
2.346438945E8	24.163830758016683
2.35028262E8	13.086597263112116
2.353116695E8	8.625128556736373
2.35668032E8	22.8510753646838
2.359736405E8	10.158632387073737
2.36248209E8	19.57638904379602
2.366325765E8	12.798779425851208
2.36905892E8	12.855086099703716
2.372902595E8	17.823936332658246
2.375596255E8	17.744758654314968
2.378457775E8	8.06217954992057
2.38209635E8	15.410347653883552
2.384723095E8	7.559938951349577
2.38856677E8	7.44761343922586
2.391161115E8	10.66534686029449
2.394117615E8	12.954912464275116
2.39756603E8	20.953013779693972
2.40012063E8	17.628582994737396
2.403964305E8	7.539145318782309
2.40651522E8	5.942735510389281
2.40935513E8	7.758088952619314
2.41282414E8	6.931637385244554
2.415260005E8	7.679959500034914
2.41910368E8	19.008025875206037
2.42153892E8	2.201352207901965
2.423992835E8	7.284022219936221
2.427812845E8	12.29456524867603
2.430194555E8	11.000942587832048
2.43354977E8	20.928019075304714
2.436401495E8	10.432092699504565
2.43875304E8	13.889921823212575
2.442596715E8	13.561630625217738
2.44494215E8	11.27000507064644
2.447631205E8	17.478192590170423
2.451110035E8	9.095802082070291
2.45340206E8	5.336533600608402
2.45672164E8	18.393701238443295
2.45942791E8	6.889647869184022
2.46158155E8	10.59608663768107
2.46536439E8	18.357800487160375
2.46757852E8	10.99630147119257
2.469695205E8	8.142644161782231
2.47353888E8	10.843429865898507
2.47564574E8	11.343912109956587
2.47805319E8	6.975759128334167
2.48157783E8	9.888210412713885
2.48365893E8	16.00314014343865
2.486381075E8	14.275226619553548
2.489579875E8	11.44739775128619
2.49165224E8	11.865786387753921
2.49467076E8	15.389249329564223
2.4975636E8	13.106331537711096
2.499626485E8	13.959199502314721
2.502879155E8	14.453626410711982
2.5054851E8	6.851244913325607
2.507484705E8	10.38171588811586
2.510885645E8	11.943194936607206
2.51332072E8	4.126859182129265
2.51527848E8	8.087566211778684
2.51873065E8	9.400950883903889
2.5210593E8	15.986730693094596
2.5229909E8	16.680367120210118
2.52643082E8	6.951429736949456
2.5287344E8	18.70994786442273
2.53058026E8	19.723480606474563
2.5338655E8	9.28785194790398
2.53626707E8	5.5983149336986395
2.53810996E8	8.715525261686864
2.541215335E8	7.88535740175296
2.543774555E8	6.809901124204253
2.545591305E8	7.043613519402847
2.54848343E8	7.992162322356541
2.551248655E8	17.217797278125165
2.553049575E8	24.022310653778682
2.555674465E8	11.075639812561954
2.55866877E8	16.79725300196507
2.560427725E8	13.304441194438787
2.562705875E8	10.23394400395862
2.56600938E8	11.966193449481803
2.56774153E8	12.488642160540135
2.569624935E8	6.001823180605553
2.57304699E8	22.96333142748237
2.57500726E8	7.130924135767368
2.576711905E8	7.774583520160038
2.57986484E8	8.579597659816178
2.582258865E8	25.030771346671685
2.583930965E8	18.12178507377517
2.586566015E8	17.753548125706754
2.58942833E8	14.678990588478642
2.5910475E8	10.327040884677684
2.593058495E8	12.157983692086601
2.59625725E8	14.167906000419194
2.59808993E8	7.264362666666667
2.59968316E8	9.158114736303727
2.60263454E8	7.549727633789108
2.60511936E8	9.493071237651225
2.60669987E8	7.234127416577668
2.60895678E8	11.619046404814192
2.61207803E8	6.719694310346493
2.613664795E8	23.564162525577316
2.61520696E8	11.848423858802153
2.61824593E8	18.82367579677534
2.62058165E8	10.242685207622669
2.622109925E8	11.743542435424354
2.624361765E8	22.465562367906195
2.627407855E8	9.195286661132414
2.62899969E8	13.770519489292711
2.63050826E8	9.211145616584934
2.633441895E8	14.804803612882568
2.635851015E8	8.832875478000966
2.63733667E8	2.6302910799753305
2.639380475E8	13.512038632602048
2.64231582E8	9.25407676762169
2.64411569E8	8.95756127616729
2.645558915E8	28.374143411585667
2.648102425E8	16.52235519888346
2.65083559E8	6.358604484815388
2.65224529E8	15.012187885150865
2.653750005E8	8.522885935864906
2.65651351E8	12.304945827928307
2.65885247E8	7.168441278132357
2.66021552E8	9.939885070652243
2.66196816E8	15.430785348012277
2.664682985E8	9.850697622914513
2.66677402E8	11.329974811083124
2.668104465E8	7.900624568609956
2.670024795E8	12.295351046504614
2.672676815E8	13.912717809459153
2.67460016E8	4.85403542236612
2.67590504E8	8.90713836277899
2.67790844E8	6.889929137108315
2.680494615E8	8.334791978356757
2.68233489E8	6.881111827937448
2.683623315E8	10.647766066977349
2.685626535E8	13.600066400012647
2.688141505E8	9.332655951228489
2.68998196E8	14.563140827540662
2.691212125E8	14.754799724836621
2.69305491E8	9.31564249292491
2.69544969E8	12.462145911221326
2.69745058E8	11.772808995706033
2.698635095E8	20.929685001598976
2.700194335E8	14.058956925675675
2.7025476E8	21.55353576819626
2.704832035E8	16.07982191056072
2.706000615E8	23.428009736004494
2.707192135E8	6.380200507859522
2.70946674E8	7.1055789950681705
2.711728175E8	10.688663395381086
2.713243835E8	15.820677211302211
2.714361945E8	24.973418661240874
2.71620605E8	8.73112656317861
2.718435565E8	10.150233644859814
2.720435135E8	10.93325213978822
2.721547675E8	20.58236258138814
2.722872195E8	13.09485324232082
2.725064275E8	9.364423367144411
2.727249785E8	7.283098939735209
2.72867561E8	9.527222047385694
2.729767215E8	10.510416116945485
2.731596875E8	7.2588597555286
2.733731465E8	7.228452615040126
2.73574548E8	8.244510448153502
2.736806165E8	20.943866374589266
2.737972355E8	12.334151973727796
2.74008185E8	8.968756678206608
2.7421821E8	8.405901363872884
2.74380672E8	19.220906563184837
2.744841805E8	20.07335371846675
2.746317545E8	12.74762007682559
2.74835029E8	10.083450345123195
2.750368585E8	20.97382005899705
2.751721665E8	6.139543530488503
2.752717585E8	8.22360277279198
2.754346305E8	19.41947599853426
2.75629477E8	10.476400714267228
2.75822252E8	17.090717200863033
2.75947145E8	3.2154036315523755
2.760430425E8	7.15610997811751
2.762057895E8	13.619530187297268
2.763968555E8	19.31776200050264
2.76587426E8	9.224019058738147
2.767135505E8	7.71938808373591
2.76808458E8	9.064628273891085
2.76967139E8	17.76348689934457
2.77156076E8	6.8961626121650985
2.773432765E8	8.86980459140374
2.774748495E8	9.746557189627397
2.775673295E8	9.25497277475275
2.77713495E8	9.002853376586039
2.77897569E8	9.231163461276896
2.780813245E8	6.3147746943485785
2.78227624E8	5.078884776799243
2.78318713E8	8.19867640035478
2.78445831E8	15.92459284557698
2.78624475E8	8.201823780601917
2.78799759E8	5.426738066130596
2.7896884E8	7.506103177556411
2.79055951E8	4.393547760178797
2.791480645E8	10.99147387544844
2.793219045E8	7.54285615618381
2.794951505E8	14.795059855975177
2.796670295E8	7.134284544763464
2.797860375E8	12.351834164104707
2.798713395E8	14.928097067510956
2.80007599E8	12.559350228805181
2.801762495E8	14.365263095379499
2.8034403E8	17.44569658035303
2.80507948E8	10.497619121720456
2.805915035E8	3.9505885997521686
2.80677891E8	7.058490010161196
2.80844071E8	19.90398154672641
2.810100155E8	19.491341469297186
2.81175222E8	4.915480205389968
2.813072575E8	15.51172793600386
2.81389511E8	15.718450485377147
2.81503931E8	9.33510946722087
2.816671245E8	6.741528656150798
2.81829173E8	9.582300107088251
2.819906385E8	15.77479520640468
2.820985375E8	5.388304910320494
2.821788915E8	5.243809505889437
2.823119855E8	9.513815229899434
2.82471554E8	12.662329425210844
2.8263049E8	6.843807326436825
2.827887405E8	20.121175650851967
2.82881078E8	15.125536280544674
2.829592085E8	8.874374304783093
2.831008305E8	13.557559757588368
2.832545715E8	13.023019766549117
2.8340819E8	9.752903095549781
2.8356106E8	10.302220148885983
2.83650187E8	12.516521472157194
2.837259075E8	12.261357110955146
2.838639935E8	8.715434915245245
2.84014566E8	36.17542249446318
2.841642325E8	4.241173074857695
2.843131325E8	9.342747137558458
2.844097475E8	10.802233932351484
2.844837785E8	9.387145944277224
2.84609444E8	8.991447435246318
2.847568575E8	4.743972219201914
2.84903889E8	8.495640217546677
2.850507725E8	4.712902435038405
2.85162443E8	12.102451461070798
2.85235427E8	6.12626109983737
2.8534268E8	8.251380815456859
2.85486983E8	10.403453055027406
2.85630282E8	9.086396531832325
2.85773144E8	14.230630163479528
2.859069595E8	6.839804037719537
2.859767315E8	4.576049787990699
2.86052856E8	8.079708196792781
2.861903485E8	14.10434048253469
2.86326707E8	20.760562651910845
2.86461012E8	9.894867580731102
2.865942015E8	8.781443422871222
2.866994605E8	39.57773614162036
2.867650045E8	77.66706395024023
2.868562865E8	6.578034547514473
2.86985097E8	7.500182517183799
2.87113018E8	20.703022339027594
2.872400565E8	10.608449484211356
2.8736678E8	12.422981725013246
2.874684495E8	7.352332145365625
2.875308515E8	16.777951671466134
2.876171135E8	13.242628529237091
2.877417145E8	12.084622792937399
2.87865989E8	8.42864403908059
2.87989856E8	10.830520660823202
2.881135245E8	10.502314814814815
2.88225463E8	19.877966608522303
2.882869705E8	9.019171441163508
2.883595355E8	9.98063541326364
2.884818635E8	18.491539569287163
2.88604014E8	14.144063562272187
2.88725668E8	6.403595027346296
2.88845977E8	12.5349637757025
2.889652565E8	13.678795609412239
2.890345995E8	3.8377215449236757
2.89094055E8	12.279588284417793
2.892031115E8	8.756982581449412
2.893211245E8	8.312373190567936
2.8943711E8	15.516102869999738
2.89550763E8	15.762040892424336
2.896633655E8	8.01326309430744
2.897663725E8	10.778235558504377
2.898226395E8	10.731244761106455
2.89887659E8	12.422078214707394
2.899984115E8	11.946560052101235
2.901089365E8	14.026263394150014
2.90218437E8	9.995124648633704
2.903262345E8	7.6796806424502755
2.9043256E8	11.681236441488807
2.905335855E8	7.5685459633122605
2.905862925E8	3.569139399372479
2.906432345E8	9.472484756097561
2.907479405E8	10.149973193428561
2.90851896E8	7.256256101450816
2.90955247E8	10.950214542390283
2.91058116E8	12.929713644568027
2.91160204E8	8.33665089839793
2.912615545E8	7.700772124331816
2.91331315E8	6.686397755902444
2.9138107E8	7.5274139881001165
2.91461273E8	11.283821443303118
2.91559725E8	0.5641953911001262
2.91657178E8	8.514984753436893
2.917545145E8	8.136901947077329
2.91851644E8	9.913687683662422
2.91948596E8	0.46000268265252425
2.920451375E8	5.107784617944345
2.9210626E8	15.180897971703539
2.921538905E8	18.689245446660884
2.922360205E8	15.343584350021034
2.923310645E8	7.224707393061637
2.924255295E8	12.024126402759737
2.925187585E8	10.295722745742198
2.92610929E8	6.884603235117913
2.92702327E8	7.937971887329516
2.92792108E8	13.70456469950661
2.928622145E8	7.354866194183029
2.929062585E8	11.84670471382319
2.92967363E8	7.053193101920408
2.930529085E8	2.776474310894431
2.931380435E8	8.289750653387017
2.9322235E8	6.444263842908534
2.93305647E8	0.902801394064373
2.93388439E8	9.571466592468033
2.93470965E8	10.168343629765387
2.935531875E8	11.310064104126551
2.936254925E8	12.4380714879468
2.936664795E8	4.24791430631373
2.9371692E8	5.493770177872163
2.937980535E8	9.213219642591952
2.938782955E8	11.721009036144578
2.93957456E8	19.19178291222136
2.940359865E8	2.6368655955113494
2.94113718E8	7.095557026595538
2.94190606E8	7.294658100165509
2.94267212E8	0.5276742635233201
2.9434356E8	12.279071598199877
2.94403587E8	14.263384811916874
2.944416325E8	17.64946983319898
2.944955125E8	6.12389743861415
2.9457076E8	10.130859192681593
2.9464554E8	7.035603652894557
2.947198625E8	4.701582201582202
2.947938495E8	1.098254397834912
2.94867693E8	12.2026779785057
2.94941437E8	3.7997584836026648
2.950150255E8	5.065817409766455
2.9508846E8	7.686046353194446
2.951596985E8	10.203723003879336
2.951959055E8	9.375975975975976
2.9523318E8	2.3306561451298107
2.953042615E8	4.208079612088408
2.95375117E8	5.353893764042562
2.95445692E8	8.907463449980819
2.95515887E8	9.292813575785278
2.955858525E8	10.21969566958412
2.956554665E8	39.463580745700106
2.957244435E8	2.3378441369264387
2.957929165E8	4.0083020967553
2.958609135E8	1.2122957842181452
2.959283655E8	5.9683510400857065
2.95962472E8	1.0407149950347567
2.959959795E8	7.533102048236578
2.960623185E8	4.788090595470226
2.961285905E8	9.645110362206637
2.961944545E8	6.918729310292465
2.96259386E8	5.115655610929713
2.963231915E8	10.036225275934719
2.963866495E8	11.070063493066305
2.964495135E8	8.251530105425065
2.96511883E8	8.244669073405536
2.96574108E8	5.802189134808853
2.966360135E8	7.353613461725513
2.966975155E8	3.9551355230111875
2.967299425E8	1.8834841628959276
2.967605265E8	7.569943781232649
2.968197085E8	4.502716854376605
2.968803715E8	8.295425289632638
2.969406465E8	10.109747147908466
2.970003935E8	6.810860290906648
2.97059853E8	15.130428925077045
2.971191925E8	7.277952038854599
2.971783685E8	7.543756561790903
2.972373605E8	4.9696080095028
2.972962345E8	5.693342174164371
2.973550285E8	12.068861664114344
2.974136535E8	9.176590287277701
2.974716695E8	0.23747219905476785
2.975006415E8	0.0
2.975297915E8	4.424190094632866
2.975874835E8	9.814653072586818
2.97644944E8	7.733275306815215
2.977022745E8	7.842893596196868
2.977593955E8	14.819555992003647
2.97816386E8	9.104573786322536
2.97873337E8	18.99522362898836
2.97929694E8	9.933347678734735
2.979853355E8	12.687981843072267
2.98040566E8	7.06004186004186
2.980954345E8	4.114469265586217
2.98150189E8	5.548239121296855
2.982045775E8	6.096337402885682
2.98250394E8	11.02661485641285
2.98277297E8	13.058399556459065
2.98312184E8	1.1783306251284063
2.983655255E8	0.37544691581047007
2.98418571E8	6.050954692251034
2.98471025E8	9.711618776342887
2.985229515E8	9.262419547539215
2.98574718E8	9.246054338774957
2.98626245E8	16.031605562579013
2.986775555E8	9.499394602195055
2.987287515E8	36.820849451021765
2.9877965E8	18.087965066882692
2.98830158E8	4.0417220513837915
2.98880377E8	8.429756360801871
2.9893041E8	6.443567245617892
2.989803155E8	16.056089035316806
2.9902156E8	6.949283115771453
2.99046443E8	6.695162708883026
2.990795815E8	18.323981146641746
2.991287095E8	12.459089611290125
2.991776335E8	8.067357725242758
2.99226409E8	6.90477460656175
2.992750675E8	0.3121243310004117
2.99323612E8	4.838442350903956
2.993721015E8	9.251640189808128
2.99420364E8	4.3904276350015605
2.994682855E8	7.7629948941156774
2.995160355E8	10.29269366197183
2.99563736E8	10.263939273207658
2.99611366E8	12.553614597128503
2.99658856E8	15.383745702292813
2.99706222E8	8.619001331276547
2.99753043E8	6.689932856926963
2.997914265E8	5.418746715712033
2.998145535E8	1.2036568391749969
2.998454455E8	7.168950367567097
2.998912785E8	8.161245841358781
2.999369015E8	8.90302471574696
2.99982407E8	8.049655688293402
3.000278035E8	10.127613586237318
3.00072936E8	2.8652198107957707
3.001178095E8	8.79269108919727
3.001626E8	4.641390558323466
3.002072585E8	5.113357870640513
3.0025153E8	10.720018188018642
3.002951105E8	5.838081341486011
3.00338256E8	9.047756001391628
3.00381246E8	3.509343287064038
3.00424041E8	10.268905792861322
3.00466617E8	2.988215051735923
3.00509036E8	17.994034566503974
3.005513965E8	11.11564641928622
3.005739685E8	2.9544812985179956
3.0059498E8	4.881089081119702
3.006355E8	7.556450264031922
3.00677186E8	264.14551672647576
3.00718655E8	6.03375425549895
3.007599975E8	10.906295434719395
3.008009635E8	12.760451505016722
3.00841504E8	14.696241680480986
3.00881871E8	5.250142619738572
3.009221625E8	13.181989768042516
3.00962411E8	3.996122393179389
3.01002529E8	2.322634670666167
3.010424755E8	5.568466706778981
3.010823325E8	11.06171847536785
3.011221535E8	3.6575497287522603
3.01161883E8	3.966980299170093
3.012013185E8	7.395355358417457
3.01240271E8	13.236548853323681
3.01278813E8	5.006353008566147
3.013171725E8	5.4153267905617035
3.013402245E8	10.073151950718685
3.01359325E8	5.049097306718406
3.01393599E8	8.583287448543485
3.01431711E8	2.149822764868058
3.014697935E8	5.780698529411764
3.015075635E8	3.6949546182594766
3.01544826E8	7.420072845002023
3.015818905E8	4.449249946039283
3.01618727E8	12.983637903247836
3.01655231E8	3.2568477155965825
3.01691575E8	9.92242828405302
3.01727817E8	23.51360685177511
3.017639465E8	8.966781277728483
3.018000005E8	4.910526023748751
3.018360275E8	6.784448764232158
3.018718265E8	6.393615825559177
3.019074095E8	0.19461464950250154
3.0194275E8	9.526735606643307
3.01977819E8	9.31108891108891
3.020128525E8	5.402489152774606
3.02047874E8	11.19173973893919
3.020828745E8	35.03526721920549
3.021066125E8	7.890357200064072
3.021240165E8	10.341546456410716
3.0215234E8	5.1533284777858706
3.021865385E8	11.826661188072318
3.022202135E8	3.9269186850171285
3.02253491E8	11.780328755596958
3.022863395E8	2.1282233189389266
3.02318457E8	0.6003771805752004
3.023501625E8	5.079440435498165
3.02381257E8	4.286503448501291
3.024117055E8	8.20168954593453
3.024418645E8	3.6013860198574
3.024718665E8	7.0828276092030675
3.02501802E8	13.016933837555637
3.0253152E8	10.097749957705972
3.02561013E8	9.30525636233903
3.025904035E8	14.77594548551959
3.026196635E8	10.698902982516284
3.02648696E8	15.846270981138606
3.026774925E8	2.669872464980138
3.0270614E8	1.4518655803056264
3.0273473E8	7.625581639436028
3.0276322E8	4.037046166848611
3.02791553E8	97.94948530192083
3.02819683E8	5.498195848665643
3.02847463E8	0.4515579092458921
3.02871419E8	6.738976552130954
3.028851665E8	6.088646532438479
3.029023805E8	3.560932688077431
3.02929608E8	8.768571323448251
3.029566585E8	11.610727286234306
3.02983539E8	9.140541748947427
3.030103E8	11.602668365626053
3.03036936E8	7.47162360374591
3.030633795E8	6.594113620807666
3.03089659E8	18.863485777388522
3.031158375E8	8.503218884120171
3.03141897E8	8.360911501364178
3.0316784E8	2.4913969763755173
3.03193613E8	16.145738426196317
3.03219033E8	13.216440752076958
3.03244142E8	2.84968676429512
3.03269183E8	12.642780064745613
3.032941495E8	13.735308285163777
3.03318984E8	9.681261865331017
3.03343729E8	3.630412808797962
3.03368407E8	8.472241400316777
3.03392961E8	6.66640800490096
3.034173935E8	0.06784249384741592
3.034417695E8	8.222263252913178
3.03466092E8	19.699501503728424
3.03490315E8	1.8749431183551897
3.03514472E8	4.462325504328735
3.03538466E8	9.321549880488112
3.035622675E8	9.942540831789863
3.03585904E8	7.196921376025854
3.036094165E8	8.915050195678067
3.03632882E8	4.504418733723264
3.036474595E8	9.665387299371947
3.03659146E8	4.502295788220622
3.036795675E8	2.904965089216447
3.03702759E8	11.080324403606403
3.037259045E8	4.185590653396798
3.03749014E8	8.7217534293998
3.037721115E8	10.742917785670969
3.03795153E8	12.02208983780493
3.038181055E8	6.686397764972935
3.03840977E8	10.942456754981388
3.038636995E8	21.12702344095533
3.038862345E8	6.640204808548531
3.03908542E8	8.667253441661025
3.03930611E8	11.55997816494564
3.039525865E8	8.30803896576839
3.03974351E8	11.137099392421502
3.039958025E8	3.763096242151626
3.040171415E8	6.131796025496813
3.04038313E8	5.845099252630075
3.040591685E8	1.659679289026275
3.04079863E8	5.602997341068407
3.04100481E8	14.318475986569997
3.04120937E8	20.723883895682924
3.041411265E8	8.4227695074433
3.04161089E8	10.929723212940171
3.041809935E8	7.823434830670284
3.04200889E8	50.07934033888079
3.042207195E8	7.0015172971879425
3.042404435E8	6.481042894897337
3.04260093E8	3.2774805075676503
3.042797115E8	12.553635158560212
3.04299283E8	9.95043268984587
3.043188045E8	8.779696628061904
3.0433822E8	0.11637417818501838
3.04357514E8	9.915313164859114
3.043766445E8	0.19436545550289627
3.04395624E8	12.13701302124519
3.044120845E8	0.3302752293577982
3.044215395E8	0.5475998386446148
3.044334495E8	7.6853992153536215
3.044520715E8	6.901207703187901
3.04470397E8	9.309814439761345
3.04488589E8	2.0416229643941484
3.0450666E8	1.4831086703278415
3.0452464E8	0.7851447052919199
3.04542522E8	1.1856317649038193
3.04560353E8	2.4562839997756716
3.045781455E8	5.164301002590966
3.045958945E8	5.670705590622182
3.04613409E8	8.18275961816604
3.04630615E8	4.804752729608221
3.046477165E8	12.752108222066058
3.04664782E8	22.3026678393433
3.046818275E8	0.7552242310401502
3.04698855E8	9.28949997062107
3.047157445E8	12.615871121718378
3.047322845E8	11.498897058823529
3.047485745E8	15.985608856088561
3.047647915E8	5.616606899962903
3.04780937E8	4.306074331451263
3.04797045E8	5.4130691347288655
3.04813105E8	4.187815991511141
3.04829099E8	0.0325671697876871
3.04844809E8	18.598653983045363
3.04860144E8	1504.8279555760005
3.04875228E8	16.368604106748712
3.048899345E8	16.77568800995713
3.04904393E8	6.850086475268073
3.04918797E8	1.4233958057548945
3.04933121E8	9.754529555788737
3.049473325E8	15.540416194790486
3.049613855E8	9.174846186865073
3.049753525E8	8.58383490971625
3.04989176E8	4.903294134833102
3.050028535E8	6.203088407494145
3.050165075E8	12.495822339489886
3.05030149E8	0.755847202874111
3.05043766E8	9.236998896653182
3.05057328E8	9.01160470101264
3.050707775E8	4.533956619296934
3.050840815E8	10.833131893035201
3.050973185E8	0.24644907827138107
3.0511055E8	4.804188402510017
3.051237565E8	6.664492643713029
3.051369355E8	9.26601882781658
3.05150043E8	7.84765774745074
3.05163013E8	2.446693029386679
3.05175888E8	12.76651365439975
3.05185055E8	0.052545155993431854
3.051914585E8	1.657111657111657
3.052015075E8	7.218290009395552
3.05214187E8	0.7842218161595297
3.052267085E8	47.327392421323054
3.05239162E8	5.472010280298771
3.052514665E8	2.9973679881559465
3.052635855E8	0.062334437086092716
3.05275651E8	1.5224462700190855
3.052876965E8	16.441362126245846
3.052997075E8	3.1471373727257554
3.05311672E8	5.965849167154934
3.053236175E8	2.2252176825184193
3.053355615E8	7.419122572002679
3.05347491E8	9.2898866974402
3.0535937E8	21.22316980494807
3.053711045E8	0.09151900911749528
3.053827095E8	4.454506215469613
3.05394203E8	9.356397439270367
3.05405586E8	6.744433688286544
3.05416915E8	0.1915891987605135
3.054282015E8	0.628391558787019
3.054393975E8	23.393827604822746
3.05450508E8	1.9712793733681462
3.054616145E8	3.6129119394921663
3.05472713E8	3.44161933098909
3.054837595E8	23.834030176331577
3.05494683E8	3.9345320424158596
3.055054885E8	8.591770388259334
3.055161465E8	4.11042654028436
3.05526661E8	1.9582975474759041
3.05537127E8	332.44953601836795
3.055475015E8	2.016219891219891
3.055577785E8	12.518522129069995
3.05567969E8	5.017978860021732
3.05578E8	4.582553576818594
3.05587934E8	1.5139490381710141
3.055978485E8	12.86989898989899
3.056077465E8	19.17795068714632
3.05617534E8	16.083066432482696
3.05627204E8	0.905289307525101
3.0563683E8	1.5156917943905746
3.056464125E8	0.5588050971380824
3.05655943E8	6.543375144935174
3.05665429E8	0.49752240379546653
3.056749135E8	4.347427245887811
3.05684391E8	4.642804350121423
3.056938605E8	24.870088719898607
3.05703288E8	1.0513476083945883
3.0571261E8	12.19790428864643
3.057218545E8	2.8797660311958406
3.057310705E8	14.518804347826087
3.057402675E8	4.78333695888623
3.057494535E8	1.0380257136631075
3.057585785E8	11.23203262786596
3.05767648E8	10.206462997683909
3.05776642E8	10.683555655195606
3.057855425E8	15.204054054054055
3.05794349E8	0.4297492270697355
3.05803082E8	6.690598877819764
3.058116615E8	6.013648231663898
3.058200515E8	3.0314819248264304
3.058282875E8	4.276053215077606
3.058363865E8	8.945915841584158
3.058444065E8	5.080276381909548
3.058523285E8	5.055048198883815
3.058601015E8	7.831767162620726
3.058677105E8	0.03838009528851244
3.058752425E8	13.048215237080447
3.05882709E8	3.105723905723906
3.058900985E8	7.672695131901007
3.05897348E8	4.906088173547936
3.059044835E8	0.0885489755823744
3.059115865E8	2.00225988700565
3.059186575E8	6.933729821580289
3.059257075E8	4.635549872122762
3.059327345E8	7.688711516533638
3.059397415E8	2.2307802229208344
3.05946737E8	54.57986557986558
3.05953382E8	14.597903763696998
3.059568435E8	7.5
3.059606085E8	8.755359212050985
3.059675075E8	0.38685813751087905
3.05974393E8	0.04376908535698706
3.059812595E8	3.7682322053675614
3.0598811E8	1.3596785975164354
3.05994947E8	3.123737003953727
3.060017745E8	28.565631409317316
3.06008546E8	5.185052850975138
3.06015243E8	0.4310319005541411
3.06021916E8	1.4786324786324787
3.06028584E8	5.798260086995651
3.060351805E8	0.27995709469813057
3.060416715E8	17.551889714993806
3.06048088E8	1.7432962207934766
3.06054431E8	23.9923918212078
3.06060702E8	5.688111663725333
3.06066934E8	31.492697801316
3.060731045E8	0.39459901800327335
3.06079204E8	0.30990310395795695
3.060852755E8	5.944499504459861
3.06091306E8	0.05343765606792076
3.060973105E8	7.823225591469511
3.06103308E8	2.514266644418488
3.06109298E8	8.55236345415066
3.06115231E8	3.6278278618812725
3.06121083E8	0.06678111587982832
3.061268995E8	19.22159090909091
3.061326905E8	1.5500519570488396
3.061384525E8	14.77686956521739
3.06144196E8	0.07408052989367266
3.06149915E8	6.145588493246799
3.061556135E8	11.474719101123595
3.061612865E8	9.962123893805309
3.061668935E8	25.96135873472322
3.061724375E8	43.495836350470675
3.06177958E8	0.013956860612651804
3.06183465E8	0.284882663270875
3.0618895E8	35.66563128083318
3.061944175E8	2.83046503112413
3.061998695E8	6.0202131569276
3.062052965E8	0.006097560975609756
3.062107035E8	23.00259163272862
3.062160895E8	18.97728119180633
3.06221455E8	6.487595597836225
3.062267975E8	0.18369646882043575
3.062321055E8	0.09504913076341648
3.062373925E8	0.007194244604316547
3.062426715E8	1.5784685367702804
3.06247945E8	8.054828305824321
3.062532015E8	0.3195345288057993
3.062584425E8	16.591030534351145
3.06263673E8	7.932963033901552
3.062688905E8	36.96279248177982
3.06274102E8	3.732770205413707
3.06279276E8	18.590387234870597
3.062844135E8	5.58547507788162
3.062895485E8	0.22146474483833267
3.06294667E8	0.05173427395649618
3.06299761E8	9.189970501474926
3.063048415E8	2.1972025216706066
3.063099165E8	13.345880961765864
3.063149815E8	0.027492088607594937
3.063200175E8	0.10845295055821372
3.063250325E8	10.80594335859593
3.06330018E8	0.29110349001412145
3.063349735E8	0.0
3.063399235E8	0.22907399919126567
3.06344861E8	0.8888212619192534
3.063497735E8	6.248366013071895
3.06354609E8	26.53675392670157
3.06359362E8	5.264426125554851
3.06364072E8	2.176370228193645
3.06368756E8	1.547125454156871
3.063734225E8	10.803180060163301
3.063780725E8	0.6564786913473956
3.06382707E8	5.26844040666234
3.063873235E8	0.19609544468546639
3.06391931E8	8.8814332247557
3.063965295E8	4.285278745644599
3.06401082E8	2.3822291158874362
3.064055785E8	6.080580357142857
3.06410055E8	0.3208137715179969
3.0641452E8	3.6037693515817817
3.0641896E8	0.6649333031878816
3.064233765E8	2.953061224489796
3.06427766E8	19.439688715953306
3.064321085E8	65.99606116774791
3.06436424E8	0.8528389339513326
3.06440737E8	0.31222454186963583
3.064450465E8	1.3177808727948004
3.06449342E8	0.5274340415596545
3.06453625E8	0.009105766985757647
3.06457902E8	13.370639194568017
3.064621725E8	1.2276346604215456
3.06466441E8	12.747129130536678
3.06470704E8	17.64921343038272
3.064749595E8	7.155926622765757
3.064792095E8	0.23116760828625235
3.06483446E8	5.41207100591716
3.064876545E8	48.24666030534351
3.064918455E8	0.13102625298329357
3.0649603E8	30.10002392916966
3.065001735E8	0.192064264849075
3.06504273E8	44.911513077487164
3.065083565E8	0.06575073601570167
3.06512427E8	3.961869618696187
3.06516488E8	7.59181661326103
3.065205265E8	26.55597014925373
3.065245425E8	4.341475573280159
3.06528524E8	0.039483675018982534
3.06532471E8	7.601826020796348
3.065364115E8	24.829101066531233
3.065403375E8	0.009708737864077669
3.0654423E8	20.544820459829502
3.06548097E8	0.08309603934765726
3.0655195E8	0.2529274004683841
3.065557735E8	0.491062039957939
3.06559577E8	5.6368656323954776
3.065633635E8	0.4649867374005305
3.065671335E8	3.3039787798408486
3.065709005E8	10.578905419766206
3.065746505E8	2.1268736616702357
3.065783835E8	52.33994638069705
3.06582112E8	14.63992487255165
3.06585833E8	0.42799461641991926
3.06589543E8	6.323346828609987
3.065932395E8	5.023318872017353
3.065969265E8	12.854042322300597
3.06600612E8	4.737042062415196
3.066042955E8	35.72053231939164
3.06607968E8	1.9568659568659568
3.0661163E8	11.859328052444686
3.066152875E8	1.08648056923919
3.06618939E8	0.03453000822143053
3.066225875E8	0.0756578947368421
3.066262295E8	18.335533553355337
3.066298605E8	4.5780474351902924
3.066334545E8	0.17349803481190343
3.06637011E8	0.0557589411433399
3.0664056E8	1.2624753312658585
3.066440915E8	19.022468714448237
3.066476025E8	11.011979463776383
3.066511055E8	1.9208571428571428
3.06654603E8	62.3101573676681
3.066580945E8	8.097477064220184
3.066615705E8	0.1558891454965358
3.06665033E8	6.03496099393239
3.06668493E8	0.019658860942468923
3.066719485E8	4.652954808806489
3.066753845E8	5.397953216374269
3.06678798E8	0.42001761080129146
3.066821985E8	0.26370064820271066
3.06685591E8	0.0
3.066889815E8	15.679646017699115
3.066923705E8	11.43211334120425
3.066957585E8	1.423848878394333
3.066991455E8	35.79356172474897
3.067025305E8	1.9556737588652482
3.06705914E8	17.59532958912208
3.067092965E8	0.013305736250739207
3.06712672E8	0.08667260314633422
3.06716041E8	17.95992876224399
3.067194095E8	11.048396674584323
3.067227775E8	18.26900237529691
3.067248635E8	0.513681592039801
3.06726541E8	0.23167385339082713
3.067294915E8	0.28746268656716417
3.067328405E8	5.411290322580645
3.067361665E8	0.39739709443099275
3.06739469E8	0.046046652529536505
3.06742768E8	0.025477707006369428
3.06746065E8	3.0506521079769486
3.067493595E8	13.081409477521264
3.067526505E8	5.148936170212766
3.06755933E8	0.09129770992366412
3.067591995E8	14.428790669122161
3.067624565E8	59.86547911547912
3.067657115E8	4.816533497234174
3.06768965E8	0.1773747310175223
3.06772208E8	12.690071141354778
3.067754395E8	0.17058823529411765
3.067786575E8	8.794135995009357
3.067818625E8	2.705056179775281
3.067850465E8	10.871997471554995
3.0678821E8	0.6582358520392033
3.067913705E8	24.193793540215328
3.067945245E8	0.0
3.06797666E8	20.192786466645387
3.0680079E8	0.0
3.06803903E8	2.28351012536162
3.068070135E8	0.049517684887459806
3.068101235E8	21.509646302250804
3.06813233E8	19.018012222579607
3.068163365E8	4.700129115558425
3.068194285E8	0.06156837329876863
3.06822513E8	31.840090820629257
3.068255925E8	7.6267880364109235
3.068286625E8	2.3077676240208875
3.068317255E8	25.839320705421294
3.068347845E8	0.8553664921465969
3.068378385E8	0.06094364351245085
3.0684088E8	0.17650940283734742
3.06843903E8	19.87860696517413
3.068469175E8	23.718314532183147
3.068499285E8	6.300531914893617
3.068529315E8	37.5657104736491
3.06855925E8	0.06992305118768818
3.06858904E8	9.660154934321321
3.06861871E8	0.03946037099494098
3.06864829E8	8.314808539478143
3.068677785E8	0.0
3.06870722E8	3.8057162300102076
3.068736605E8	19.21715452688904
3.06876586E8	12.705801579128046
3.06879498E8	0.4723462727585022
3.068824045E8	0.2556857339765679
3.068853035E8	8.180593922651934
3.06888198E8	0.036640165917732455
3.0689109E8	0.02282947077135939
3.068939665E8	0.4612159329140461
3.06896809E8	0.5543747786043216
3.068996235E8	0.2637205987170349
3.069024245E8	32.39198855507868
3.06905212E8	0.6419575386829794
3.069079905E8	4.096832253419726
3.069107675E8	0.4596541786743516
3.06913543E8	2.3300900900900903
3.06916313E8	0.09873417721518987
3.06919067E8	17.19686474662778
3.069218095E8	29.60977388767323
3.069245455E8	4.351648351648351
3.06927266E8	13.01327923275544
3.06929975E8	5.36941263391208
3.069326695E8	0.05965697240865026
3.069353465E8	11.620508982035927
3.06938016E8	0.2399700037495313
3.06940674E8	100.52963382408456
3.06943317E8	2.069776260902541
3.069459505E8	0.09467680608365019
3.069485655E8	14.46653846153846
3.06951153E8	0.37398058252427185
3.069537225E8	39.02535101404056
3.069562725E8	0.1553627760252366
3.069587885E8	0.0
3.069612825E8	7.842696629213483
3.069637735E8	3.159839357429719
3.0696626E8	15.174385823600483
3.06968739E8	16.493333333333332
3.06971213E8	0.046097856854023456
3.06973672E8	0.0
3.069761095E8	0.05473251028806585
3.06978536E8	1.4411886091621957
3.0698095E8	0.18877338877338878
3.06983354E8	0.0928006658343737
3.06985755E8	0.8628595248020008
3.06988152E8	1.283089770354906
3.06990543E8	27.359447004608295
3.069929255E8	0.44028595458368375
3.069953025E8	1.9793771043771045
3.069976725E8	8.006345177664974
3.070000295E8	0.2051063829787234
3.07002367E8	0.05333333333333334
3.07004687E8	0.0
3.070070005E8	0.5302768166089965
3.070093035E8	0.015257192676547515
3.070115925E8	0.0
3.07013868E8	37.52801058667843
3.07016134E8	120.5373068432671
3.07018396E8	4.857459052678176
3.07020655E8	0.06463036741921203
3.070229135E8	0.13108945969884853
3.0702516E8	13.711409395973154
3.07027389E8	0.47548358074673863
3.0702961E8	10.977917981072554
3.070318285E8	24.33092876465284
3.070340435E8	0.3105786618444846
3.070362525E8	9.215775158658206
3.07038456E8	5.363925488414357
3.07040653E8	0.0
3.0704284E8	0.6070609812012838
3.070450185E8	8.920496323529411
3.07047178E8	2.202519832011199
3.0704932E8	0.03549743110695937
3.07051452E8	5.787564766839378
3.070535745E8	0.0
3.07055696E8	2.446016030174446
3.07057816E8	18.375648890986316
3.07059934E8	0.15162966461974492
3.0706204E8	0.0
3.070641345E8	0.12416427889207259
3.07066228E8	4.483038700430005
3.070683165E8	0.1482725527831094
3.070704E8	0.3053288526164186
3.07072481E8	75.55796055796056
3.07074558E8	0.35566265060240965
3.070766325E8	0.019286403085824494
3.070787045E8	6.111594202898551
3.07080772E8	1.450363196125908
3.070828335E8	4.005830903790088
3.07084889E8	0.0
3.07086942E8	0.1412566975158305
3.07088987E8	0.0
3.070910185E8	2.646594274432379
3.07093044E8	9.203456790123457
3.07095069E8	38.525432098765435
3.07097091E8	3.8256562654779596
3.07099108E8	1.0024813895781637
3.071011185E8	7.272681954137587
3.07103122E8	0.04547726136931534
3.071051185E8	6.613453815261044
3.071071095E8	14.726130653266331
3.071090915E8	13.49341438703141
3.07111059E8	0.01580826109127996
3.071130195E8	0.11479591836734694
3.07114979E8	0.13272077590607453
3.07116933E8	37.884556182657775
3.071188785E8	0.21112255406797117
3.071208195E8	0.634020618556701
3.07122752E8	0.23584415584415586
3.071246735E8	4.423879040667362
3.071265845E8	0.6039915966386554
3.07128479E8	0.0
3.07130355E8	0.09748259239421532
3.07132213E8	0.7409410492157923
3.071340475E8	0.0
3.07135863E8	2.977912755383766
3.071376725E8	11.56858407079646
3.07139478E8	0.2723239046034387
3.07141279E8	0.09116175653140633
3.071430775E8	0.25695216907675195
3.07144871E8	0.8054779206260481
3.071466595E8	0.0
3.07148442E8	6.2104670793472145
3.07150216E8	0.9751552795031055
3.071519825E8	0.13847900113507378
3.071537425E8	0.13594994311717862
3.071554995E8	1.9555808656036446
3.071572545E8	0.2953249714937286
3.07159008E8	0.022818026240730177
3.071607605E8	1.6358447488584476
3.071625115E8	1.3811428571428572
3.07164259E8	0.0
3.07165998E8	0.0
3.071677295E8	0.08323699421965318
3.07169459E8	0.061885482938114515
3.07171187E8	17.55761436016213
3.07172911E8	5.58047646717025
3.071746285E8	4.560093348891482
3.071763405E8	12.79766081871345
3.0717805E8	0.023405500292568753
3.07179757E8	12.547800586510263
3.0718146E8	0.03997648442092887
3.07183154E8	0.04445761707172496
3.071848325E8	0.0
3.071864995E8	49.26983173076923
3.07188158E8	15.843920145190562
3.07189806E8	2.043822276323798
3.07191447E8	10.322757779133617
3.071930855E8	0.1807081807081807
3.07194713E8	59.28324056895485
3.07196327E8	2.3047796399751705
3.071979365E8	14.307835820895523
3.07199539E8	2.319348778960551
3.07201133E8	0.863607793840352
3.072027235E8	0.02389937106918239
3.072043025E8	0.10076530612244898
3.07205867E8	0.039077514413837285
3.07207427E8	0.024374599101988453
3.07208982E8	0.8310767246937459
3.072105315E8	0.0
3.07212076E8	11.056456846203764
3.072136115E8	0.18104575163398692
3.072151395E8	8.18872870249017
3.072166655E8	7.694626474442988
3.07218189E8	0.25509533201840895
3.07219709E8	0.0
3.07221218E8	0.09539693128752502
3.072227155E8	0.10561497326203209
3.072242065E8	0.3566621803499327
3.07225692E8	0.039057239057239054
3.072271765E8	13.29177897574124
3.07228659E8	10.093180283592167
3.072301395E8	0.0
3.072316155E8	0.0
3.072330835E8	0.6796448087431693
3.0723454E8	9.641131815044858
3.072359815E8	9.94700139470014
3.072374155E8	0.0
3.07238849E8	11.268667131891137
3.072402775E8	0.08567415730337079
3.072416995E8	10.28169014084507
3.072431125E8	2.3428165007112374
3.072445175E8	0.4024216524216524
3.07245921E8	0.024233784746970778
3.07247322E8	0.0
3.072487205E8	0.5679542203147353
3.072501165E8	0.34146341463414637
3.072515085E8	29.828776978417267
3.072528945E8	0.1287988422575977
3.07254274E8	0.11183732752360204
3.072556495E8	6.9104803493449785
3.072570195E8	18.22254758418741
3.07258382E8	11.78440029433407
3.07259739E8	0.0
3.072610935E8	0.0
3.072624475E8	4.604135893648449
3.072637995E8	5.189629629629629
3.07265146E8	0.05658972449739389
3.072664865E8	4.609865470852018
3.072678185E8	0.16515837104072398
3.072691435E8	0.0
3.072704615E8	0.7736280487804879
3.07271773E8	12.666666666666666
3.072730825E8	8.079510703363914
3.072743855E8	0.0
3.072756825E8	3.5462962962962963
3.072769735E8	0.0
3.07278257E8	0.0
3.07279535E8	0.043137254901960784
3.07280808E8	0.13611329661683713
3.07282078E8	2.748620961386919
3.07283345E8	2.015810276679842
3.072846035E8	5.023162939297125
3.072858485E8	0.2633279483037157
3.072870805E8	9.619902120717782
3.07288306E8	1.373061224489796
3.072895305E8	0.0
3.0729075E8	0.06502057613168724
3.072919625E8	0.08429752066115702
3.0729317E8	1.3228215767634854
3.072943745E8	0.04983388704318937
3.07295576E8	0.0
3.07296769E8	1.653748946925021
3.072979505E8	0.08333333333333333
3.072991265E8	0.0
3.073002965E8	0.0
3.0730146E8	0.235597592433362
3.0730262E8	4.8055315471045805
3.073037765E8	0.026816608996539794
3.073049325E8	0.14359861591695502
3.073060875E8	0.16464471403812825
3.07307234E8	0.0324846356453029
3.073083675E8	0.02925531914893617
3.0730949E8	0.12444046553267682
3.07310606E8	15.82780269058296
3.073117205E8	0.0
3.07312834E8	19.502246181491465
3.07313946E8	0.0
3.07315057E8	0.027002700270027002
3.073161665E8	0.5009025270758123
3.07317273E8	1.8262443438914027
3.073183765E8	3.338475499092559
3.073194775E8	0.3663636363636364
3.073205775E8	2.3336363636363635
3.07321677E8	0.13466787989080983
3.073227755E8	0.07285974499089254
3.073238735E8	143.54189435336977
3.07324967E8	3.1395775941230486
3.07326045E8	0.03280224929709466
3.07327112E8	0.3364573570759138
3.07328175E8	0.125590179414542
3.07329233E8	2.826868495742668
3.073302885E8	8.202087286527513
3.0733134E8	26.988560533841753
3.07332388E8	0.0
3.073334315E8	0.6298076923076923
3.073344645E8	0.05165692007797271
3.073354855E8	1.6338582677165354
3.073365005E8	2.282051282051282
3.07337512E8	0.3676907829534192
3.07338521E8	0.0
3.07339524E8	6.025075225677031
3.073405195E8	0.0
3.073415095E8	0.0
3.073424955E8	0.0
3.07343481E8	0.0
3.07344466E8	0.07411167512690356
3.07345449E8	4.921508664627931
3.0734643E8	0.0
3.073474095E8	0.0
3.073483845E8	0.053497942386831275
3.073493565E8	0.0
3.07350326E8	0.6980351602895554
3.073512895E8	0.0
3.07352248E8	0.0
3.07353193E8	13.168274383708468
3.07354126E8	0.5787781350482315
3.073550565E8	0.052801724137931036
3.073559835E8	0.490280777537797
3.073569075E8	0.13232104121475055
3.073578275E8	0.0
3.073587445E8	0.0
3.07359658E8	0.07354555433589462
3.07360568E8	2.3223322332233223
3.07361477E8	0.0
3.073623815E8	0.07
3.0736328E8	0.0
3.073641745E8	0.0
3.073650655E8	0.3741573033707865
3.07365955E8	0.23622047244094488
3.073668425E8	0.11851015801354402
3.07367728E8	0.0
3.07368608E8	0.0
3.073694805E8	0.0
3.0737035E8	28.554660529344073
3.073712185E8	0.0
3.07372084E8	5.497103128621089
3.073729445E8	0.0
3.07373801E8	24.450292397660817
3.07374652E8	0.0448642266824085
3.07375497E8	17.30011862396204
3.07376337E8	2.6356033452807646
3.07377173E8	1.3377245508982036
3.073780065E8	2.923076923076923
3.07378836E8	0.0471584038694075
3.073796625E8	0.0
3.07380485E8	9.92918192918193
3.073812975E8	0.18114143920595532
3.073821025E8	2.050995024875622
3.073829055E8	0.04987531172069826
3.07383704E8	0.0
3.073844975E8	0.24873737373737373
3.073852875E8	0.0
3.07386072E8	7.594110115236876
3.07386853E8	0.19206145966709348
3.073876335E8	0.0
3.07388411E8	0.32129032258064516
3.073891845E8	0.0
3.073899525E8	1.5235602094240839
3.073907155E8	0.06561679790026247
3.073914765E8	0.0
3.073922355E8	0.05804749340369393
3.07392992E8	0.0
3.073937465E8	0.10610079575596817
3.073944975E8	0.0
3.073952445E8	0.0
3.073959905E8	0.0
3.073967355E8	0.0
3.073974755E8	0.0
3.073982085E8	0.44931506849315067
3.07398938E8	0.04526748971193416
3.07399665E8	0.18344827586206897
3.074003845E8	0.0
3.074010975E8	0.06320224719101124
3.07401809E8	0.0
3.074025195E8	0.30422535211267604
3.074032295E8	0.08732394366197183
3.074039365E8	0.05113636363636364
3.0740464E8	0.0
3.0740534E8	0.11190817790530846
3.074060365E8	0.0
3.07406728E8	3.7802037845705967
3.07407414E8	0.08905109489051095
3.07408095E8	0.0
3.07408771E8	0.07703703703703704
3.074094455E8	0.0
3.07410119E8	0.0
3.07410791E8	0.0
3.074114535E8	0.0
3.074121015E8	0.11214953271028037
3.07412743E8	10.218408736349454
3.07413383E8	0.19561815336463223
3.07414021E8	0.0
3.07414658E8	1.1459968602825745
3.07415294E8	0.0
3.074159275E8	0.0
3.074165575E8	0.1480891719745223
3.07417184E8	0.5888
3.074178075E8	0.0
3.074184285E8	0.20806451612903226
3.07419046E8	0.05365853658536585
3.074196585E8	0.12459016393442623
3.07420267E8	2.7116968698517296
3.07420871E8	0.0
3.07421472E8	0.0
3.074220725E8	0.095
3.07422671E8	0.0
3.074232665E8	0.0
3.074238595E8	0.41216216216216217
3.074244515E8	0.06418918918918919
3.07425042E8	3.66213921901528
3.074256305E8	0.0
3.074262165E8	0.15924657534246575
3.074268005E8	0.3150684931506849
3.074273815E8	0.0
3.074279595E8	0.0
3.07428537E8	0.0
3.07429113E8	0.18956521739130436
3.074296855E8	0.1543859649122807
3.07430254E8	0.4409171075837742
3.07430819E8	0.5381882770870338
3.074313815E8	0.0
3.074319415E8	0.0
3.07432497E8	0.8028933092224232
3.074330485E8	0.0
3.074335975E8	0.06751824817518248
3.074341455E8	26.133211678832115
3.07434693E8	0.0
3.0743524E8	0.0
3.074357865E8	0.7655677655677655
3.074363325E8	0.37545787545787546
3.07436878E8	0.0
3.07437422E8	0.0
3.07437964E8	1.756007393715342
3.07438504E8	2.25417439703154
3.074390425E8	4.644981412639405
3.07439579E8	0.0
3.074401125E8	0.0
3.07440644E8	0.8342749529190208
3.07441174E8	4.219281663516068
3.074417025E8	0.0
3.07442227E8	0.12284069097888675
3.07442747E8	0.0
3.07443264E8	8.174757281553399
3.074437785E8	0.07587548638132295
3.0744429E8	0.0
3.07444798E8	0.6094674556213018
3.074453045E8	0.0
3.0744581E8	0.0
3.074463125E8	0.414
3.07446812E8	310.62725450901803
3.074473085E8	0.0
3.074478015E8	0.0
3.074482925E8	0.0
3.074487815E8	0.0
3.07449269E8	1.373716632443532
3.074497555E8	0.06172839506172839
3.07450239E8	0.0
3.0745072E8	0.0
3.07451198E8	0.0
3.074516695E8	0.0
3.074521375E8	0.0
3.074526035E8	0.0
3.07453067E8	0.8120950323974082
3.07453528E8	0.0
3.07453982E8	0.0
3.074544305E8	0.0
3.074548775E8	0.0
3.07455321E8	0.21541950113378686
3.074557615E8	0.0
3.07456201E8	0.0
3.07456637E8	0.0
3.0745707E8	0.0
3.07457503E8	0.0
3.07457932E8	0.0
3.07458353E8	3.179856115107914
3.0745877E8	0.0
3.07459185E8	0.0
3.074595975E8	0.4538834951456311
3.07460009E8	0.13381995133819952
3.07460419E8	0.45232273838630804
3.074608275E8	0.8602941176470589
3.07461234E8	0.0
3.07461637E8	0.4139650872817955
3.07462037E8	0.0
3.07462436E8	0.0
3.074628295E8	0.0
3.074632175E8	0.29381443298969073
3.07463604E8	0.9818181818181818
3.074639885E8	0.0
3.074643725E8	0.0
3.07464756E8	0.0
3.074651385E8	11.193717277486911
3.0746552E8	0.0
3.074659E8	0.0
3.074662785E8	0.0
3.07466655E8	5.992
3.07467028E8	0.0
3.07467397E8	0.23160762942779292
3.07467764E8	0.4332425068119891
3.074681295E8	0.0
3.074684925E8	0.0
3.074688535E8	7.013888888888889
3.074692125E8	0.8687150837988827
3.07469565E8	204.11239193083574
3.0746991E8	0.10204081632653061
3.07470252E8	0.2727272727272727
3.074705915E8	0.0
3.07470929E8	0.0
3.07471266E8	0.0
3.07471601E8	0.0
3.07471933E8	2.773413897280967
3.074722625E8	0.2073170731707317
3.0747259E8	0.2996941896024465
3.07472917E8	0.0
3.074732435E8	0.0
3.07473569E8	0.0
3.07473894E8	0.0
3.07474218E8	0.0
3.07474541E8	0.0
3.07474863E8	0.0
3.074751825E8	0.0
3.074754995E8	0.0
3.074758155E8	0.0
3.0747613E8	1.8562300319488818
3.074764425E8	0.0
3.074767535E8	0.0
3.07477063E8	1.0
3.07477372E8	0.0
3.074776785E8	0.33223684210526316
3.074779805E8	0.0
3.0747828E8	0.0
3.074785785E8	0.0
3.07478873E8	0.16838487972508592
3.074791635E8	8.803448275862069
3.074794525E8	0.0
3.07479739E8	0.256140350877193
3.07480024E8	0.0
3.074803065E8	0.0
3.074805865E8	0.0
3.07480866E8	0.0
3.07481141E8	0.0
3.07481412E8	0.15129151291512916
3.074816825E8	1.2296296296296296
3.0748195E8	0.0
3.07482213E8	0.3563218390804598
3.074824735E8	0.0
3.074827325E8	0.0
3.074829885E8	0.0
3.074832415E8	7.468253968253968
3.074834925E8	0.0
3.07483741E8	0.0
3.07483986E8	0.4732510288065844
3.07484227E8	0.0
3.07484466E8	0.0
3.07484705E8	0.0
3.07484943E8	0.26582278481012656
3.074851795E8	0.0
3.074854115E8	0.0
3.07485639E8	0.21585903083700442
3.074858655E8	0.28761061946902655
3.074860915E8	0.168141592920354
3.074863175E8	0.0
3.07486542E8	0.0
3.07486762E8	0.0
3.074869785E8	0.0
3.074871945E8	0.0
3.07487409E8	0.0
3.07487621E8	0.0
3.0748783E8	0.0
3.074880335E8	0.0
3.07488232E8	0.0
3.07488428E8	0.0
3.074886225E8	0.9381443298969072
3.0748881E8	0.0
3.07488991E8	0.0
3.07489172E8	0.0
3.07489351E8	0.2994350282485876
3.074895275E8	0.0
3.07489703E8	0.0
3.07489878E8	0.5142857142857142
3.07490053E8	0.0
3.074902265E8	0.0
3.07490395E8	0.0
3.074905575E8	0.0
3.074907135E8	0.0
3.07490864E8	0.0
3.07491012E8	0.5306122448979592
3.074911565E8	0.0
3.07491297E8	0.0
3.074914355E8	0.0
3.074915695E8	0.0
3.074916995E8	0.0
3.074918285E8	0.0
3.074919565E8	1.078125
3.07492084E8	0.0
3.07492211E8	0.0
3.07492338E8	0.0
3.074924645E8	0.0
3.074925885E8	0.0
3.074927095E8	0.0
3.074928275E8	0.0
3.074929365E8	0.0
3.074930385E8	0.0
3.074931395E8	0.0
3.07493239E8	0.0
3.07493338E8	0.0
3.07493436E8	0.0
3.07493525E8	0.0
3.074936035E8	0.0
3.07493678E8	0.0
3.074937455E8	0.0
3.07493806E8	0.0
