#Insert size (bp)	insert size
2.0	820.0
3.0	702.0
4.0	692.0
5.0	644.0
6.0	741.0
7.0	743.0
8.0	791.0
9.0	793.0
10.0	837.0
11.0	815.0
12.0	966.0
13.0	944.0
14.0	967.0
15.0	932.0
16.0	982.0
17.0	988.0
18.0	1024.0
19.0	60038.0
20.0	31953.0
21.0	14122.0
22.0	7650.0
23.0	4383.0
24.0	2914.0
25.0	2698.0
26.0	2567.0
27.0	2367.0
28.0	2166.0
29.0	2088.0
30.0	2051.0
31.0	2052.0
32.0	2554.0
33.0	2082.0
34.0	2075.0
35.0	2262.0
36.0	2160.0
37.0	2238.0
38.0	2562.0
39.0	2208.0
40.0	2207.0
41.0	2298.0
42.0	2241.0
43.0	2185.0
44.0	2441.0
45.0	2420.0
46.0	2411.0
47.0	2436.0
48.0	2437.0
49.0	2426.0
50.0	2587.0
51.0	2599.0
52.0	2659.0
53.0	2752.0
54.0	2770.0
55.0	2829.0
56.0	2779.0
57.0	3048.0
58.0	2941.0
59.0	2922.0
60.0	2838.0
61.0	2884.0
62.0	2912.0
63.0	2894.0
64.0	3044.0
65.0	3214.0
66.0	3190.0
67.0	3301.0
68.0	3234.0
69.0	3249.0
70.0	3453.0
71.0	3457.0
72.0	3473.0
73.0	3497.0
74.0	3605.0
75.0	3777.0
76.0	3810.0
77.0	3906.0
78.0	3791.0
79.0	3855.0
80.0	3854.0
81.0	4106.0
82.0	4263.0
83.0	4529.0
84.0	4114.0
85.0	4145.0
86.0	4203.0
87.0	4447.0
88.0	4482.0
89.0	4491.0
90.0	4723.0
91.0	4651.0
92.0	4775.0
93.0	4945.0
94.0	5039.0
95.0	5279.0
96.0	5515.0
97.0	5392.0
98.0	5895.0
99.0	6077.0
100.0	6169.0
101.0	6153.0
102.0	6258.0
103.0	6271.0
104.0	6519.0
105.0	6626.0
106.0	6710.0
107.0	6925.0
108.0	6948.0
109.0	7044.0
110.0	7421.0
111.0	7699.0
112.0	7546.0
113.0	7946.0
114.0	8417.0
115.0	8506.0
116.0	9567.0
117.0	10722.0
118.0	22939.0
119.0	24014.0
120.0	25023.0
121.0	25469.0
122.0	26159.0
123.0	26700.0
124.0	27347.0
125.0	27433.0
126.0	28338.0
127.0	28657.0
128.0	29750.0
129.0	30424.0
130.0	30786.0
131.0	31783.0
132.0	32729.0
133.0	32956.0
134.0	33293.0
135.0	33827.0
136.0	34466.0
137.0	35475.0
138.0	35484.0
139.0	36131.0
140.0	37820.0
141.0	38180.0
142.0	39048.0
143.0	39533.0
144.0	40169.0
145.0	40796.0
146.0	41320.0
147.0	40934.0
148.0	41239.0
149.0	42135.0
150.0	41869.0
151.0	43293.0
152.0	43465.0
153.0	44336.0
154.0	44366.0
155.0	45105.0
156.0	44909.0
157.0	45023.0
158.0	44884.0
159.0	45724.0
160.0	45035.0
161.0	46049.0
162.0	45911.0
163.0	45847.0
164.0	46211.0
165.0	46231.0
166.0	46189.0
167.0	46380.0
168.0	46439.0
169.0	46303.0
170.0	46475.0
171.0	46554.0
172.0	46352.0
173.0	46276.0
174.0	46392.0
175.0	46198.0
176.0	46087.0
177.0	46274.0
178.0	46183.0
179.0	45917.0
180.0	46038.0
181.0	45859.0
182.0	45688.0
183.0	45765.0
184.0	45492.0
185.0	45712.0
186.0	45248.0
187.0	45154.0
188.0	45320.0
189.0	45147.0
190.0	45116.0
191.0	45313.0
192.0	44582.0
193.0	44245.0
194.0	44323.0
195.0	43861.0
196.0	43716.0
197.0	43988.0
198.0	43426.0
199.0	43549.0
200.0	43272.0
201.0	42716.0
202.0	42900.0
203.0	42643.0
204.0	42837.0
205.0	43152.0
206.0	42998.0
207.0	42782.0
208.0	43270.0
209.0	43321.0
210.0	43161.0
211.0	42889.0
212.0	42620.0
213.0	42288.0
214.0	42100.0
215.0	41975.0
216.0	41737.0
217.0	41393.0
218.0	41307.0
219.0	40948.0
220.0	40808.0
221.0	40879.0
222.0	40865.0
223.0	40310.0
224.0	40117.0
225.0	39946.0
226.0	39798.0
227.0	39209.0
228.0	38862.0
229.0	39249.0
230.0	39337.0
231.0	38535.0
232.0	38618.0
233.0	38575.0
234.0	38543.0
235.0	38183.0
236.0	37418.0
237.0	37652.0
238.0	37564.0
239.0	37401.0
240.0	37224.0
241.0	37116.0
242.0	37176.0
243.0	36806.0
244.0	36145.0
245.0	36824.0
246.0	36274.0
247.0	36464.0
248.0	35915.0
249.0	35850.0
250.0	35647.0
251.0	35580.0
252.0	35139.0
253.0	35389.0
254.0	35140.0
255.0	34555.0
256.0	35003.0
257.0	34761.0
258.0	34554.0
259.0	34694.0
260.0	34027.0
261.0	34364.0
262.0	33947.0
263.0	33967.0
264.0	33752.0
265.0	33428.0
266.0	33650.0
267.0	33238.0
268.0	33033.0
269.0	33245.0
270.0	33023.0
271.0	33208.0
272.0	32965.0
273.0	32800.0
274.0	32706.0
275.0	32529.0
276.0	32537.0
277.0	32281.0
278.0	32491.0
279.0	32101.0
280.0	32032.0
281.0	32414.0
282.0	32017.0
283.0	32049.0
284.0	31707.0
285.0	31816.0
286.0	31599.0
287.0	31175.0
288.0	31335.0
289.0	30985.0
290.0	31361.0
291.0	31101.0
292.0	31065.0
293.0	30583.0
294.0	30983.0
295.0	30270.0
296.0	30784.0
297.0	30410.0
298.0	30269.0
299.0	30556.0
300.0	30117.0
301.0	30470.0
302.0	30121.0
303.0	30404.0
304.0	29784.0
305.0	30184.0
306.0	29896.0
307.0	30042.0
308.0	29914.0
309.0	29457.0
310.0	29879.0
311.0	29453.0
312.0	29761.0
313.0	29522.0
314.0	29294.0
315.0	29358.0
316.0	29300.0
317.0	28850.0
318.0	28811.0
319.0	28683.0
320.0	29146.0
321.0	28769.0
322.0	29022.0
323.0	29050.0
324.0	28724.0
325.0	28488.0
326.0	28620.0
327.0	28218.0
328.0	28173.0
329.0	28340.0
330.0	28350.0
331.0	28203.0
332.0	28255.0
333.0	27959.0
334.0	27890.0
335.0	27864.0
336.0	27946.0
337.0	28133.0
338.0	27735.0
339.0	27790.0
340.0	27451.0
341.0	27643.0
342.0	27567.0
343.0	27350.0
344.0	27477.0
345.0	27442.0
346.0	27421.0
347.0	27415.0
348.0	27169.0
349.0	27361.0
350.0	27262.0
351.0	27510.0
352.0	27303.0
353.0	27232.0
354.0	26865.0
355.0	26959.0
356.0	27010.0
357.0	26696.0
358.0	27134.0
359.0	26816.0
360.0	26843.0
361.0	26968.0
362.0	26625.0
363.0	26815.0
364.0	26621.0
365.0	26980.0
366.0	26933.0
367.0	26662.0
368.0	26778.0
369.0	26735.0
370.0	26129.0
371.0	26745.0
372.0	26915.0
373.0	26895.0
374.0	26764.0
375.0	26740.0
376.0	26783.0
377.0	27024.0
378.0	26770.0
379.0	26979.0
380.0	26682.0
381.0	26697.0
382.0	26955.0
383.0	26779.0
384.0	26831.0
385.0	27199.0
386.0	26981.0
387.0	27091.0
388.0	26957.0
389.0	27033.0
390.0	27309.0
391.0	27264.0
392.0	27315.0
393.0	27495.0
394.0	27523.0
395.0	27395.0
396.0	27621.0
397.0	27539.0
398.0	28074.0
399.0	28044.0
400.0	27703.0
401.0	28046.0
402.0	28260.0
403.0	28433.0
404.0	28374.0
405.0	28854.0
406.0	28912.0
407.0	29157.0
408.0	29170.0
409.0	29066.0
410.0	29574.0
411.0	29670.0
412.0	30188.0
413.0	30454.0
414.0	30439.0
415.0	30777.0
416.0	31171.0
417.0	31167.0
418.0	31554.0
419.0	32088.0
420.0	31995.0
421.0	32472.0
422.0	32628.0
423.0	32983.0
424.0	33120.0
425.0	33588.0
426.0	33971.0
427.0	34231.0
428.0	34578.0
429.0	34965.0
430.0	35336.0
431.0	35553.0
432.0	35743.0
433.0	36410.0
434.0	36709.0
435.0	37039.0
436.0	37695.0
437.0	37765.0
438.0	38515.0
439.0	38642.0
440.0	39495.0
441.0	39818.0
442.0	40077.0
443.0	40282.0
444.0	40740.0
445.0	41593.0
446.0	41718.0
447.0	42047.0
448.0	42568.0
449.0	43025.0
450.0	43577.0
451.0	43856.0
452.0	44585.0
453.0	44560.0
454.0	45099.0
455.0	45304.0
456.0	45810.0
457.0	46445.0
458.0	46414.0
459.0	46898.0
460.0	47912.0
461.0	47820.0
462.0	48602.0
463.0	48558.0
464.0	49001.0
465.0	49407.0
466.0	49857.0
467.0	49911.0
468.0	50525.0
469.0	50415.0
470.0	50728.0
471.0	51390.0
472.0	51667.0
473.0	51793.0
474.0	52701.0
475.0	52586.0
476.0	53288.0
477.0	52780.0
478.0	53301.0
479.0	53694.0
480.0	54074.0
481.0	54884.0
482.0	54726.0
483.0	54794.0
484.0	55090.0
485.0	55963.0
486.0	55891.0
487.0	56301.0
488.0	56888.0
489.0	56839.0
490.0	57328.0
491.0	58037.0
492.0	57940.0
493.0	58327.0
494.0	58494.0
495.0	58814.0
496.0	59262.0
497.0	59120.0
498.0	59333.0
499.0	59928.0
500.0	60293.0
501.0	60289.0
502.0	60344.0
503.0	61165.0
504.0	61186.0
505.0	61386.0
506.0	61690.0
507.0	61692.0
508.0	62114.0
509.0	62191.0
510.0	62414.0
511.0	62349.0
512.0	62680.0
513.0	63118.0
514.0	63041.0
515.0	63580.0
516.0	63658.0
517.0	63231.0
518.0	63673.0
519.0	64273.0
520.0	63432.0
521.0	63729.0
522.0	63565.0
523.0	64126.0
524.0	63983.0
525.0	64111.0
526.0	64366.0
527.0	64158.0
528.0	64400.0
529.0	63803.0
530.0	63949.0
531.0	63892.0
532.0	63876.0
533.0	63703.0
534.0	63925.0
535.0	64206.0
536.0	63616.0
537.0	63188.0
538.0	63097.0
539.0	63382.0
540.0	62506.0
541.0	62532.0
542.0	62092.0
543.0	61920.0
544.0	61730.0
545.0	61338.0
546.0	61543.0
547.0	61001.0
548.0	60908.0
549.0	60334.0
550.0	59789.0
551.0	59814.0
552.0	59285.0
553.0	58784.0
554.0	58041.0
555.0	58240.0
556.0	57732.0
557.0	57385.0
558.0	56703.0
559.0	55771.0
560.0	55621.0
561.0	54776.0
562.0	53984.0
563.0	52953.0
564.0	51738.0
565.0	51682.0
566.0	50066.0
567.0	49226.0
568.0	48772.0
569.0	47464.0
570.0	46914.0
571.0	46665.0
572.0	45743.0
573.0	45337.0
574.0	44352.0
575.0	43750.0
576.0	42507.0
577.0	41940.0
578.0	41486.0
579.0	40407.0
580.0	39460.0
581.0	38757.0
582.0	37710.0
583.0	36850.0
584.0	36162.0
585.0	35689.0
586.0	34594.0
587.0	33717.0
588.0	32742.0
589.0	31759.0
590.0	30994.0
591.0	30394.0
592.0	29486.0
593.0	28467.0
594.0	28179.0
595.0	27068.0
596.0	26104.0
597.0	25291.0
598.0	24743.0
599.0	23297.0
600.0	22748.0
601.0	22625.0
602.0	22007.0
603.0	20854.0
604.0	20332.0
605.0	19515.0
606.0	18652.0
607.0	18228.0
608.0	17277.0
609.0	17114.0
610.0	16010.0
611.0	15653.0
612.0	14791.0
613.0	14261.0
614.0	14102.0
615.0	13379.0
616.0	12846.0
617.0	12405.0
618.0	11761.0
619.0	11164.0
620.0	10852.0
621.0	10610.0
622.0	9836.0
623.0	9594.0
624.0	8934.0
625.0	8654.0
626.0	8219.0
627.0	7972.0
628.0	7664.0
629.0	7331.0
630.0	7079.0
631.0	6687.0
632.0	6292.0
633.0	6001.0
634.0	5799.0
635.0	5511.0
636.0	5375.0
637.0	5146.0
638.0	5032.0
639.0	4615.0
640.0	4628.0
641.0	4397.0
642.0	4319.0
643.0	4058.0
644.0	3858.0
645.0	3727.0
646.0	3754.0
647.0	3440.0
648.0	3451.0
649.0	3246.0
650.0	3233.0
651.0	2935.0
652.0	3031.0
653.0	2953.0
654.0	2906.0
655.0	2832.0
656.0	2822.0
657.0	2664.0
658.0	2676.0
659.0	2562.0
660.0	2589.0
661.0	2477.0
662.0	2504.0
663.0	2446.0
664.0	2390.0
665.0	2353.0
666.0	2333.0
667.0	2309.0
668.0	2315.0
669.0	2248.0
670.0	2179.0
671.0	2253.0
672.0	2102.0
673.0	2028.0
674.0	2116.0
675.0	1977.0
676.0	1880.0
677.0	1855.0
678.0	1839.0
679.0	1778.0
680.0	1854.0
681.0	1721.0
682.0	1686.0
683.0	1802.0
684.0	1715.0
685.0	1680.0
686.0	1758.0
687.0	1664.0
688.0	1630.0
689.0	1620.0
690.0	1567.0
691.0	1612.0
692.0	1590.0
693.0	1585.0
694.0	1583.0
695.0	1549.0
696.0	1494.0
697.0	1477.0
698.0	1554.0
699.0	1519.0
700.0	1500.0
701.0	1465.0
702.0	1474.0
703.0	1438.0
704.0	1420.0
705.0	1441.0
706.0	1438.0
707.0	1415.0
708.0	1446.0
709.0	1389.0
710.0	1469.0
711.0	1441.0
712.0	1305.0
713.0	1392.0
714.0	1412.0
715.0	1275.0
716.0	1384.0
717.0	1337.0
718.0	1377.0
719.0	1271.0
720.0	1315.0
721.0	1285.0
722.0	1290.0
723.0	1274.0
724.0	1241.0
725.0	1279.0
726.0	1328.0
727.0	1235.0
728.0	1237.0
729.0	1219.0
730.0	1245.0
731.0	1254.0
732.0	1213.0
733.0	1216.0
734.0	1215.0
735.0	1199.0
736.0	1193.0
737.0	1281.0
738.0	1167.0
739.0	1221.0
740.0	1163.0
741.0	1155.0
742.0	1145.0
743.0	1157.0
744.0	1148.0
745.0	1103.0
746.0	1138.0
747.0	1109.0
748.0	1140.0
749.0	1110.0
750.0	1102.0
751.0	1132.0
752.0	1119.0
753.0	1042.0
754.0	1119.0
755.0	1108.0
756.0	1109.0
757.0	1035.0
758.0	1059.0
759.0	975.0
760.0	1034.0
761.0	998.0
762.0	993.0
763.0	873.0
764.0	989.0
765.0	983.0
766.0	911.0
767.0	909.0
768.0	913.0
769.0	923.0
770.0	961.0
771.0	919.0
772.0	940.0
773.0	905.0
774.0	914.0
775.0	927.0
776.0	926.0
777.0	914.0
778.0	881.0
779.0	884.0
780.0	921.0
781.0	883.0
782.0	881.0
783.0	890.0
784.0	833.0
785.0	848.0
786.0	823.0
787.0	832.0
788.0	798.0
789.0	804.0
790.0	830.0
791.0	791.0
792.0	826.0
793.0	836.0
794.0	809.0
795.0	878.0
796.0	793.0
797.0	830.0
798.0	822.0
799.0	829.0
800.0	744.0
801.0	830.0
802.0	879.0
803.0	793.0
804.0	824.0
805.0	793.0
806.0	742.0
807.0	808.0
808.0	766.0
809.0	759.0
810.0	725.0
811.0	762.0
812.0	796.0
813.0	794.0
814.0	743.0
815.0	796.0
816.0	783.0
817.0	743.0
818.0	777.0
819.0	791.0
820.0	720.0
821.0	755.0
822.0	757.0
823.0	836.0
824.0	760.0
825.0	770.0
826.0	751.0
827.0	725.0
828.0	744.0
829.0	679.0
830.0	757.0
831.0	767.0
832.0	757.0
833.0	737.0
834.0	745.0
835.0	712.0
836.0	700.0
837.0	692.0
838.0	703.0
839.0	667.0
840.0	684.0
841.0	654.0
842.0	651.0
843.0	652.0
844.0	636.0
845.0	659.0
846.0	621.0
847.0	684.0
848.0	653.0
849.0	692.0
850.0	668.0
851.0	619.0
852.0	651.0
853.0	611.0
854.0	701.0
855.0	665.0
856.0	680.0
857.0	658.0
858.0	650.0
859.0	663.0
860.0	639.0
861.0	682.0
862.0	640.0
863.0	606.0
864.0	622.0
865.0	630.0
866.0	651.0
867.0	634.0
868.0	650.0
869.0	651.0
870.0	631.0
871.0	676.0
872.0	631.0
873.0	648.0
874.0	644.0
875.0	618.0
876.0	614.0
877.0	619.0
878.0	574.0
879.0	638.0
880.0	620.0
881.0	642.0
882.0	641.0
883.0	600.0
884.0	589.0
885.0	645.0
886.0	637.0
887.0	644.0
888.0	629.0
889.0	627.0
890.0	591.0
891.0	621.0
892.0	609.0
893.0	626.0
894.0	632.0
895.0	568.0
896.0	545.0
897.0	558.0
898.0	542.0
899.0	522.0
900.0	475.0
901.0	535.0
902.0	504.0
903.0	539.0
904.0	527.0
905.0	575.0
906.0	506.0
907.0	513.0
908.0	504.0
909.0	525.0
910.0	540.0
911.0	489.0
912.0	526.0
913.0	520.0
914.0	551.0
915.0	557.0
916.0	547.0
917.0	485.0
918.0	493.0
919.0	453.0
920.0	509.0
921.0	479.0
922.0	498.0
923.0	454.0
924.0	491.0
925.0	550.0
926.0	451.0
927.0	463.0
928.0	490.0
929.0	451.0
930.0	485.0
931.0	506.0
932.0	525.0
933.0	474.0
934.0	494.0
935.0	508.0
936.0	485.0
937.0	520.0
938.0	527.0
939.0	478.0
940.0	497.0
941.0	504.0
942.0	505.0
943.0	490.0
944.0	485.0
945.0	449.0
946.0	464.0
947.0	472.0
948.0	463.0
949.0	461.0
950.0	487.0
951.0	477.0
952.0	490.0
953.0	475.0
954.0	466.0
955.0	469.0
956.0	422.0
957.0	439.0
958.0	400.0
959.0	448.0
960.0	406.0
961.0	389.0
962.0	404.0
963.0	412.0
964.0	421.0
965.0	395.0
966.0	409.0
967.0	379.0
968.0	381.0
969.0	411.0
970.0	409.0
971.0	402.0
972.0	397.0
973.0	405.0
974.0	401.0
975.0	408.0
976.0	372.0
977.0	390.0
978.0	400.0
979.0	369.0
980.0	403.0
981.0	427.0
982.0	381.0
983.0	400.0
984.0	392.0
985.0	382.0
986.0	384.0
987.0	385.0
988.0	364.0
989.0	340.0
990.0	389.0
991.0	383.0
992.0	405.0
993.0	381.0
994.0	420.0
995.0	372.0
996.0	357.0
997.0	413.0
998.0	401.0
999.0	340.0
1000.0	370.0
1001.0	355.0
1002.0	386.0
1003.0	362.0
1004.0	357.0
1005.0	359.0
1006.0	411.0
1007.0	328.0
1008.0	328.0
1009.0	348.0
1010.0	345.0
1011.0	334.0
1012.0	307.0
1013.0	318.0
1014.0	314.0
1015.0	296.0
1016.0	318.0
1017.0	292.0
1018.0	319.0
1019.0	310.0
1020.0	293.0
1021.0	312.0
1022.0	290.0
1023.0	330.0
1024.0	297.0
1025.0	323.0
1026.0	309.0
1027.0	318.0
1028.0	351.0
1029.0	293.0
1030.0	328.0
1031.0	296.0
1032.0	308.0
1033.0	344.0
1034.0	315.0
1035.0	318.0
1036.0	290.0
1037.0	330.0
1038.0	334.0
1039.0	302.0
1040.0	309.0
1041.0	319.0
1042.0	311.0
