#Position (bp)	insert size
384368.0	1129.338348710052
1153103.0	1094.0926982877386
1921838.0	431.2057266913102
2690573.0	482.618986328632
3459308.0	551.2500121660421
4228043.0	559.5567756572177
4996778.0	607.3729014952766
5765513.0	385.41866618827646
6534248.0	416.6194889603229
7302983.0	415.5311737934092
8071718.0	439.88307867382764
8840453.0	390.8057225003031
9609188.0	388.9101352228941
1.0377923E7	385.1457590675041
1.0801324E7	381.6828961834459
1.11856915E7	730.3373957104792
1.1915393E7	549.1810868428462
1.2684128E7	413.7080686977097
1.3452863E7	585.6672855014785
1.4221598E7	439.2792103773471
1.4990333E7	607.6239530517488
1.5759068E7	464.1663644315491
1.6527803E7	416.0751495776305
1.7296538E7	420.56115422041466
1.8065273E7	450.39178475033737
1.8834008E7	440.28724607093056
1.9602743E7	431.39295622560013
2.018777E7	384.4337073674886
2.05721375E7	1381.6014473855782
2.1140213E7	584.3644318118486
2.1908948E7	1189.2266479891182
2.2677683E7	621.3979718888389
2.3446418E7	436.85014373762573
2.4215153E7	434.28384601654074
2.4983888E7	411.3896072771983
2.5752623E7	411.58304326730376
2.6521358E7	416.2179550303627
2.7290093E7	391.56265512891804
2.8058828E7	386.58904517131384
2.86485735E7	385.78116793459134
2.9032941E7	507.6618586558392
2.9596298E7	741.6621048943937
3.0365033E7	448.21799097571125
3.1133768E7	392.752612937572
3.1902503E7	408.5562280359235
3.2671238E7	494.55408948861935
3.3439973E7	387.6262496766866
3.4208708E7	394.8855062940222
3.4977443E7	397.04912285224475
3.5659712E7	386.94708105044396
3.60440795E7	1019.6463313527705
3.6514913E7	429.33859030952414
3.7283648E7	515.1294257836926
3.8052383E7	528.168226657742
3.8821118E7	492.69804107925444
3.9589853E7	403.2281516700818
4.0358588E7	416.01048919122513
4.1127323E7	387.20008085890123
4.1896058E7	385.01244830832036
4.2664793E7	386.1912123939316
4.3049519E7	123.9494382022472
4.34338865E7	959.208522088627
4.4202263E7	1329.8790345094164
4.4970998E7	1295.0479171619515
4.5739733E7	1265.1860195331483
4.6508468E7	2058.8379695963654
4.7277203E7	604.5545873674505
4.8045938E7	398.04528159803414
4.8668911E7	363.01619412515964
4.90532785E7	438.84311102618
4.9583408E7	495.05851103259124
5.0352143E7	397.60651561871566
5.1120878E7	436.6798841589457
5.1889613E7	387.1151460417805
5.2658348E7	388.7114448051948
5.3427083E7	382.6936405015459
5.38687855E7	383.94136406465174
5.4253153E7	1974.1744646162729
5.4964553E7	2551.435167798161
5.5733288E7	1184.9562476710967
5.6502023E7	627.8630523664258
5.7270758E7	547.5583094931727
5.8039493E7	438.78092076778756
5.85039505E7	382.050118586943
5.8888318E7	1272.337573060574
5.9576963E7	689.3405551309
6.0345698E7	704.2369648547545
6.1114433E7	476.2216031483016
6.1883168E7	382.3373208274227
6.2651903E7	388.4617530950954
6.3087631E7	374.49187138728325
6.34719985E7	959.8860719874805
6.4189373E7	648.4869371414421
6.4958108E7	662.3720619714728
6.5726843E7	452.0883812182837
6.6495578E7	401.3678727704849
6.7140034E7	391.0769689463786
6.75244015E7	403.35990216531184
6.8033048E7	471.0225340764117
6.8801783E7	387.30850553277844
6.9570518E7	456.817397814044
7.0339253E7	390.88227976409877
7.11040115E7	386.58546576776826
7.1488379E7	402.637417218543
7.1876723E7	504.3490370207443
7.2645458E7	408.0234194636832
7.3414193E7	393.9728835097716
7.4182928E7	387.1654174347879
7.4951663E7	394.6272425326878
7.5358208E7	386.48468185388845
7.57425755E7	1386.4227849055183
7.6489133E7	810.4418279160778
7.7257868E7	526.3520009367955
7.8026603E7	517.7823430406065
7.8795338E7	401.06636060677295
7.92080895E7	387.5284944166346
7.9592457E7	880.5760427524848
8.0332808E7	1275.0081835838064
8.1101543E7	530.7304429939365
8.1870278E7	529.5063118984517
8.26063115E7	407.4324248505643
8.2990679E7	1934.4661857529306
8.3407748E7	447.11969080386905
8.4176483E7	519.7578696143701
8.4945218E7	506.77056857657976
8.5713953E7	414.3115193112614
8.6362088E7	381.02329030832834
8.67464555E7	476.95119714722364
8.7251423E7	468.5476154752974
8.8020158E7	561.741827991114
8.8788893E7	495.5390458827104
8.9557628E7	531.4365542119473
9.0098611E7	373.5870026300161
9.04829785E7	1075.0850390955725
9.1095098E7	583.9208937753988
9.1863833E7	651.5996354002727
9.2632568E7	441.70783886550925
9.3401303E7	383.62274568689094
9.38242175E7	379.189963385742
9.4208585E7	1075.043421021136
9.4938773E7	768.0827656850192
9.5707508E7	688.6623061073748
9.6476243E7	446.3606001936108
9.71220675E7	384.27745374094934
9.7506435E7	851.3435877959236
9.8013713E7	664.700807062197
9.8782448E7	541.5146876712885
9.9551183E7	442.5088201659408
1.00269334E8	415.97209148160425
1.006537015E8	3044.2455911169172
1.01088653E8	633.5488726526681
1.01857388E8	438.41281187308886
1.02626123E8	396.5267631471667
1.033545365E8	385.0092466272548
1.03738904E8	391.4609218436874
1.04163593E8	655.780688646552
1.04932328E8	886.2153558052435
1.05701063E8	369.1817740429505
1.06347158E8	431.919755531662
1.067315255E8	1073.9001167088115
1.07238533E8	526.4253224995812
1.08007268E8	464.7279765963531
1.08776003E8	389.9865709911273
1.09309377E8	412.9372411477184
1.096937445E8	477.0230538258469
1.10313473E8	390.63003915581055
1.11082208E8	386.31002020375706
1.11850943E8	389.7086771232196
1.12235708E8	40.2
1.126200755E8	434.7851701894043
1.13388413E8	529.7152195930394
1.14157148E8	409.75311998694906
1.147696095E8	382.5875081327261
1.15153977E8	391.6336587633659
1.15694618E8	438.8757937067871
1.16463353E8	452.92599102350835
1.17232088E8	394.42271746944647
1.17668795E8	392.84471982758623
1.180531625E8	385.8790508421011
1.18769558E8	403.9094611856847
1.19538293E8	394.15976041915775
1.2014897E8	391.64916370791804
1.205333375E8	1144.021474878444
1.21075763E8	501.78388308295234
1.21844498E8	412.5065777252385
1.225916085E8	387.2004229794527
1.22975976E8	387.9270777479893
1.23381968E8	418.1336037918835
1.24150703E8	436.93646320195325
1.24919438E8	415.08289384719404
1.253769895E8	380.5178525558695
1.25761357E8	887.5350306804653
1.26456908E8	425.52193158006264
1.27225643E8	431.88530122489794
1.277254535E8	394.2752725928664
1.28109821E8	417.48123549366187
1.28763113E8	669.0616558252112
1.29531848E8	392.83401400233373
1.300272615E8	391.81655059401885
1.30411629E8	480.95482344990705
1.31069318E8	496.10456446224305
1.31838053E8	416.58748157141616
1.322676755E8	383.8774774774775
1.32652043E8	416.1637989249345
1.33375523E8	404.05325255698284
1.34030498E8	379.01165378087876
1.344148655E8	540.0385135135135
1.34912993E8	419.52952404158543
1.35681728E8	389.37467626530884
1.361569665E8	368.3476105744789
1.36541334E8	481.9179001125249
1.37219198E8	398.37296107003044
1.37895604E8	375.344797316362
1.382799715E8	372.30586046511627
1.38756668E8	448.34753532847157
1.39525403E8	398.4801751726461
1.400102465E8	363.205411374931
1.40394614E8	544.2767673874648
1.41062873E8	403.05084682948524
1.417121025E8	401.8973945123357
1.4209647E8	419.0505027422303
1.42600343E8	427.6644462245457
1.43369078E8	438.92914024480166
1.437831155E8	395.55252918287937
1.44167483E8	547.1230920139719
1.44906548E8	404.7437810945274
1.45465214E8	350.16054346319146
1.458495815E8	453.6264301110927
1.46444018E8	423.9247540034729
1.47106683E8	405.3250887645183
1.474910505E8	382.8377483443709
1.47981488E8	424.3015773809524
1.48737048E8	424.40928882438317
1.491214155E8	1006.5781931464174
1.49518958E8	465.15189321798636
1.50287693E8	428.8575578783432
1.50728883E8	375.620942679558
1.511132505E8	514.284153829581
1.51825163E8	408.36576231094546
1.52332369E8	422.7544077992118
1.527167365E8	390.08005515451373
1.53362633E8	389.54126625557114
1.5389724E8	392.2662572823177
1.542816075E8	363.1911876665398
1.54900103E8	417.3811276560147
1.55461321E8	346.8291618160652
1.558456885E8	398.1028346532741
1.56437573E8	394.0446535407375
1.57018682E8	385.81222974004174
1.574030495E8	416.88399750933996
1.57975043E8	420.15569881459834
1.585640605E8	394.3503288258332
1.58948428E8	415.08766527802936
1.59512513E8	400.57285877629164
1.6009777E8	385.8693265007321
1.604821375E8	1068.1008811911274
1.61049983E8	376.3624761366047
1.616289075E8	409.75642112245276
1.62013275E8	402.766815564564
1.62587453E8	486.33171417299536
1.631586895E8	378.79099956728686
1.63543057E8	388.4203988533736
1.64124923E8	396.13911441631984
1.64685819E8	389.5517708220513
1.650701865E8	391.8944823121739
1.65662393E8	377.47616477783777
1.66204869E8	390.1705386472474
1.665892365E8	454.1954117165096
1.67199863E8	389.49998867009583
1.67707403E8	350.6796486090776
1.680917705E8	386.61558075416156
1.68737333E8	422.3931258583006
1.69197014E8	382.07238433016283
1.695813815E8	432.16059150148163
1.70274803E8	397.5007713578809
1.706842435E8	385.7695147679325
1.71068611E8	402.4141391941392
1.717757825E8	388.17631081146624
1.7216015E8	388.5407982261641
1.72581008E8	404.66900890970885
1.732448375E8	388.75960178962254
1.73629205E8	513.0426781953221
1.74118478E8	388.5635597160658
1.7470787E8	361.9939017750191
1.750922375E8	397.52212238398545
1.75655948E8	428.27473035439135
1.761671155E8	431.7098589183742
1.76551483E8	454.61721969204075
1.77193418E8	392.1212072420209
1.775981795E8	368.90057256110987
1.77982547E8	387.92825489359683
1.786433205E8	390.8632472664814
1.79027688E8	392.65696587190274
1.79499623E8	387.0715603932055
1.80059845E8	390.34547561284717
1.804442125E8	419.82350766335037
1.81037093E8	395.27149254008657
1.814629515E8	399.631931166348
1.81847319E8	558.4231998033915
1.824697645E8	376.2645121449156
1.82854132E8	383.8371874548345
1.83343298E8	594.0327779430725
1.83845386E8	382.0342936288089
1.842297535E8	450.0342809364549
1.848263935E8	416.522078702313
1.85210761E8	347.9208443271768
1.85649503E8	396.94741063424914
1.861815255E8	386.93044914599
1.86565893E8	472.7886568848758
1.871516995E8	379.34862577384337
1.87536067E8	419.6042870905588
1.87955708E8	442.4471962616822
1.88487033E8	375.40532153703947
1.888714005E8	390.6670629071371
1.89437117E8	405.17100066563125
1.898214845E8	1501.154909090909
1.90261913E8	390.8135511773186
1.907655555E8	392.73849763218493
1.91149923E8	377.9702877217288
1.917006725E8	397.8830908178625
1.9208504E8	387.18033926585093
1.92568118E8	390.58560955588894
1.93014003E8	389.87487505679235
1.933983705E8	401.88375327875366
1.939421735E8	369.76163931852085
1.94326541E8	474.5165259348613
1.948700135E8	368.3273535544278
1.95254381E8	375.1940298507463
1.95643058E8	399.4027142738382
1.96173218E8	376.0808518570297
1.965575855E8	368.2500433701498
1.970859405E8	370.0641265772871
1.97470308E8	354.64254933091405
1.97949263E8	362.9084913759463
1.98379719E8	384.8886225631192
1.987640865E8	461.14509436487754
1.99284827E8	390.11931675458425
1.996691945E8	487.5799185888738
2.001689555E8	403.15634164222877
2.00553323E8	1150.6416781292985
2.01024203E8	423.6264271945433
2.0143258E8	370.03305288461536
2.018169475E8	383.46647425806077
2.023091665E8	376.9969298784232
2.02693534E8	436.14639895951876
2.03168465E8	382.1350562241073
2.035528325E8	495.1700619133214
2.04022535E8	392.7449617790132
2.044069025E8	426.43101438010103
2.048603755E8	402.8100496079373
2.05244743E8	377.34615384615387
2.05636613E8	397.5626557851572
2.060816995E8	369.0138243984804
2.06466067E8	396.5274093829555
2.069158215E8	405.87692057556296
2.07300189E8	414.84956397114195
2.07743072E8	459.30749437118044
2.081274395E8	468.54656411201177
2.08563085E8	382.54823032742627
2.089474525E8	438.68896475010547
2.09377998E8	379.579124491962
2.097623655E8	427.8853970964987
2.101865875E8	367.0532582810132
2.10570955E8	377.28264408987303
2.10991954E8	415.5148523900923
2.113763215E8	368.30775316455697
2.117807295E8	377.3560003051649
2.12165097E8	733.5832167832168
2.12555228E8	377.66128626379555
2.12951007E8	341.7471264367816
2.133353745E8	411.59035372717705
2.137362725E8	370.3772887323944
2.1412064E8	370.08116135491406
2.145168735E8	354.62604013705334
2.14901241E8	389.98853174391996
2.15295174E8	389.42749529190206
2.156795415E8	434.7577256194887
2.160708055E8	389.8317517341106
2.16455173E8	374.17630732780503
2.16845987E8	351.9226519337017
2.172303545E8	384.2397777461177
2.176193275E8	389.8346936860869
2.18003695E8	395.5162168207575
2.183870575E8	413.7371034482759
2.18771425E8	390.22878018900946
2.191437085E8	390.5872206025267
2.19528076E8	390.0005465040817
2.19895419E8	393.4243044189853
2.202797865E8	424.77006964809385
2.20645687E8	388.006161971831
2.21025053E8	392.13375498504485
2.21390679E8	403.77581120943955
2.217493495E8	368.5111440350425
2.22133717E8	361.2768691588785
2.22491112E8	383.7186889292694
2.228754795E8	390.9214667685256
2.232300165E8	390.30577572867656
2.23614384E8	361.2365617433414
2.239617555E8	550.9275111998704
2.24346123E8	383.80718124084024
2.2468963E8	395.86783988957905
2.250739975E8	526.6923354373309
2.254154375E8	507.004924895346
2.25799805E8	415.7484098398345
2.261404185E8	382.5405733495191
2.26524786E8	389.1312595734653
2.2685767E8	389.58619873817037
2.272420375E8	400.65588914549653
2.275674865E8	375.0081931867184
2.27901798E8	383.89672292136464
2.282642395E8	400.14044943820227
2.28575658E8	394.22193868871426
2.289600255E8	421.9576229608733
2.29270193E8	427.83661206094854
2.296545605E8	391.5384717549141
2.299644725E8	441.63475909537857
2.3034884E8	396.1255653266332
2.30655893E8	349.12094806552807
2.309973965E8	422.2659823983819
2.313463715E8	340.7837837837838
2.31650276E8	370.8652040531747
2.320346435E8	399.40320427236315
2.32330417E8	381.6594024964191
2.327147845E8	372.9189903408055
2.33008396E8	357.3366250363055
2.333832675E8	433.8154202174552
2.336859445E8	1219.235294117647
2.33975938E8	409.4523145231452
2.343603055E8	409.63648409893995
2.346438945E8	385.4662137913356
2.35028262E8	443.9193541386345
2.353116695E8	387.8228949858089
2.35668032E8	374.0327270795332
2.359736405E8	368.1095700416089
2.36248209E8	380.26230192851
2.366325765E8	379.8798807129482
2.36905892E8	393.3774191244733
2.372902595E8	379.3964335753407
2.375596255E8	374.7961661341853
2.378457775E8	373.14526965680045
2.38209635E8	391.5049435578046
2.384723095E8	364.4860435084931
2.38856677E8	374.3871119842829
2.391161115E8	374.4879829631883
2.394117615E8	376.22853110411467
2.39756603E8	390.1143275925247
2.40012063E8	389.5026235413893
2.403964305E8	374.31223452985756
2.40651522E8	359.3752913752914
2.40935513E8	382.8568812140241
2.41282414E8	470.43325374430214
2.415260005E8	360.7678798676508
2.41910368E8	386.3309198176455
2.42153892E8	339.275
2.423992835E8	371.64584283325735
2.427812845E8	418.994406463642
2.430194555E8	386.4922604277443
2.43354977E8	395.1337220192938
2.436401495E8	364.8663803388213
2.43875304E8	399.42803047378624
2.442596715E8	383.0579619819258
2.44494215E8	377.9066123472266
2.447631205E8	386.2047169284078
2.451110035E8	438.9691083547859
2.45340206E8	351.15551181102364
2.45672164E8	387.07497132626514
2.45942791E8	394.9097325408618
2.46158155E8	414.0177856825256
2.46536439E8	387.0126567613752
2.46757852E8	379.2894736842105
2.469695205E8	377.9169728141073
2.47353888E8	387.53861801538363
2.47564574E8	369.7116812964213
2.47805319E8	391.7561975938753
2.48157783E8	403.3831544178365
2.48365893E8	383.5683302238806
2.486381075E8	387.30559518148675
2.489579875E8	393.10793237971393
2.49165224E8	385.439386847648
2.49467076E8	414.90836264993857
2.4975636E8	393.66842672413793
2.499626485E8	394.6674050208082
2.502879155E8	369.93714196640815
2.5054851E8	353.1721411192214
2.507484705E8	419.67686170212767
2.510885645E8	391.1881032877652
2.51332072E8	378.5820895522388
2.51527848E8	352.837626312661
2.51873065E8	390.07662668120685
2.5210593E8	382.001616960115
2.5229909E8	379.55007121239095
2.52643082E8	431.27410714285713
2.5287344E8	394.9892814009662
2.53058026E8	386.852875703242
2.5338655E8	387.9499660914777
2.53626707E8	256.0410915934755
2.53810996E8	337.5221946214494
2.541215335E8	399.18728620296463
2.543774555E8	368.15253740099735
2.545591305E8	365.26428314768236
2.54848343E8	389.68178851174935
2.551248655E8	513.337686707198
2.553049575E8	382.39869703016785
2.555674465E8	376.80533989774665
2.55866877E8	374.9169612331228
2.560427725E8	347.0602044075375
2.562705875E8	385.5917270055201
2.56600938E8	379.1686578121871
2.56774153E8	374.53562801932367
2.569624935E8	369.320497230104
2.57304699E8	384.1137050959555
2.57500726E8	379.88392156862744
2.576711905E8	371.31401146846173
2.57986484E8	408.92328654004956
2.582258865E8	383.9145019562568
2.583930965E8	390.3734549925581
2.586566015E8	396.4731104059881
2.58942833E8	452.92888792038934
2.5910475E8	368.2537267080745
2.593058495E8	388.56595211082583
2.59625725E8	451.11201989499864
2.59808993E8	374.73377581120945
2.59968316E8	381.3283018867925
2.60263454E8	378.6595744680851
2.60511936E8	398.28485593336063
2.60669987E8	391.2134619910567
2.60895678E8	378.613185647012
2.61207803E8	372.2985055562652
2.613664795E8	395.8819241982507
2.61520696E8	377.3563098573197
2.61824593E8	388.01768545994065
2.62058165E8	386.3227202472952
2.622109925E8	373.80798678877045
2.624361765E8	385.7693137254902
2.627407855E8	379.9388761991777
2.62899969E8	376.41530054644807
2.63050826E8	379.34578617734314
2.633441895E8	392.7139157179086
2.635851015E8	396.94818152558736
2.63733667E8	393.31097008159566
2.639380475E8	412.2374267499517
2.64231582E8	369.10855359407003
2.64411569E8	408.1761244220261
2.645558915E8	393.8231037151703
2.648102425E8	376.3449972662657
2.65083559E8	372.81246994710693
2.65224529E8	374.97635135135135
2.653750005E8	397.14684704342136
2.65651351E8	372.0572872133696
2.65885247E8	435.6822730521801
2.66021552E8	382.33300264550263
2.66196816E8	389.5812204822272
2.664682985E8	390.22409247617117
2.66677402E8	399.45989143546444
2.668104465E8	378.9519206939281
2.670024795E8	375.7930416068867
2.672676815E8	379.155764075067
2.67460016E8	532.4629629629629
2.67590504E8	350.7205654531371
2.67790844E8	370.15888521764117
2.680494615E8	364.2149940499802
2.68233489E8	396.2634578847372
2.683623315E8	389.73209509658244
2.685626535E8	380.7390589244851
2.688141505E8	384.56576830249395
2.68998196E8	382.6269650191191
2.691212125E8	381.1467681623932
2.69305491E8	362.35583684950774
2.69544969E8	381.3944091696215
2.69745058E8	430.64084053113316
2.698635095E8	382.24809393107654
2.700194335E8	379.07787585421414
2.7025476E8	423.0509167049691
2.704832035E8	379.72193518083606
2.706000615E8	401.6813590449954
2.707192135E8	365.5436576472846
2.70946674E8	385.14391739270735
2.711728175E8	387.55730337078654
2.713243835E8	378.8641746854182
2.714361945E8	334.543682495047
2.71620605E8	391.01337751595486
2.718435565E8	386.2181211552497
2.720435135E8	377.4354923644023
2.721547675E8	314.7194619223259
2.722872195E8	380.99132016202367
2.725064275E8	333.8940541781451
2.727249785E8	370.58671586715866
2.72867561E8	233.7804648241206
2.729767215E8	367.96192696192696
2.731596875E8	364.6621998883305
2.733731465E8	380.12478031634447
2.73574548E8	361.05544993662863
2.736806165E8	369.2160907684373
2.737972355E8	380.42299832806987
2.74008185E8	363.55320699708454
2.7421821E8	384.9076876050741
2.74380672E8	402.9142026661321
2.744841805E8	389.3703656839175
2.746317545E8	367.5113287250384
2.74835029E8	381.2093171665603
2.750368585E8	381.52885590731944
2.751721665E8	372.9947765525247
2.752717585E8	404.0188768286928
2.754346305E8	382.9431886497535
2.75629477E8	391.61051057957684
2.75822252E8	375.81287979325276
2.75947145E8	569.7973421926911
2.760430425E8	345.2549019607843
2.762057895E8	374.674229532993
2.763968555E8	383.68837535014006
2.76587426E8	373.4067717996289
2.767135505E8	477.4134432466709
2.76808458E8	370.5833333333333
2.76967139E8	387.3956354819155
2.77156076E8	394.88991177598774
2.773432765E8	373.7109564654475
2.774748495E8	528.2393706059592
2.775673295E8	354.3585407103165
2.77713495E8	386.46202365308807
2.77897569E8	385.84678747940694
2.780813245E8	379.8567237163814
2.78227624E8	361.7304385210662
2.78318713E8	355.15045342126956
2.78445831E8	393.44580727914064
2.78624475E8	361.87860533041254
2.78799759E8	380.4315934065934
2.7896884E8	392.02889184565674
2.79055951E8	407.48369565217394
2.791480645E8	392.940350877193
2.793219045E8	384.4038038038038
2.794951505E8	381.6146930884485
2.796670295E8	387.0568425150866
2.797860375E8	410.21166768478923
2.798713395E8	383.64288932272115
2.80007599E8	382.8520511096167
2.801762495E8	375.82349655557624
2.8034403E8	381.16422099270306
2.80507948E8	373.4700290041895
2.805915035E8	377.4468085106383
2.80677891E8	380.7938563087078
2.80844071E8	371.2521031581851
2.810100155E8	340.42438659688713
2.81175222E8	380.5926538716082
2.813072575E8	387.2824197860963
2.81389511E8	386.8648847474252
2.81503931E8	371.91752040284774
2.816671245E8	374.2142468733007
2.81829173E8	386.73331167776513
2.819906385E8	375.650768805819
2.820985375E8	356.30346232179227
2.821788915E8	353.2853231106243
2.823119855E8	377.92456514022007
2.82471554E8	371.973725824109
2.8263049E8	389.96794320137695
2.827887405E8	377.93924422486316
2.82881078E8	400.3586273562107
2.829592085E8	381.54623779437105
2.831008305E8	395.5706865401987
2.832545715E8	380.12557832121615
2.8340819E8	388.45811885821246
2.8356106E8	381.3444600280505
2.83650187E8	397.1250936329588
2.837259075E8	365.6446038474079
2.838639935E8	386.6183574879227
2.84014566E8	416.9709237498928
2.841642325E8	347.624871001032
2.843131325E8	370.0186216164331
2.844097475E8	376.04651162790697
2.844837785E8	367.6241238317757
2.84609444E8	394.0416349809886
2.847568575E8	354.1713725490196
2.84903889E8	380.9960714987232
2.850507725E8	360.07432721059376
2.85162443E8	367.30337815677274
2.85235427E8	338.8291316526611
2.8534268E8	378.4693082913422
2.85486983E8	379.64923025989077
2.85630282E8	372.172901261418
2.85773144E8	386.3653695188965
2.859069595E8	404.9169110459433
2.859767315E8	392.87555555555554
2.86052856E8	415.048322147651
2.861903485E8	383.34183612080375
2.86326707E8	394.00136097990554
2.86461012E8	375.87238023952096
2.865942015E8	386.07592143014784
2.866994605E8	406.86981159846925
2.867650045E8	410.3599867834132
2.868562865E8	360.89461954791466
2.86985097E8	383.6626780626781
2.87113018E8	385.7757781255434
2.872400565E8	378.338779342723
2.8736678E8	380.09707708617293
2.874684495E8	484.0418307086614
2.875308515E8	386.53780718336486
2.876171135E8	377.30527888446215
2.877417145E8	376.5501968503937
2.87865989E8	376.28809283551965
2.87989856E8	374.3881375579598
2.881135245E8	377.21692053587816
2.88225463E8	321.68924731182796
2.882869705E8	349.06658291457285
2.883595355E8	374.1824175824176
2.884818635E8	386.3802771855011
2.88604014E8	377.54051528500867
2.88725668E8	382.0209973753281
2.88845977E8	382.2549774134181
2.889652565E8	377.7921209478122
2.890345995E8	339.16170212765957
2.89094055E8	354.676314109385
2.892031115E8	386.37481910274965
2.893211245E8	355.47516457211253
2.8943711E8	373.02016021361817
2.89550763E8	383.8470603640173
2.896633655E8	377.2708731676227
2.897663725E8	380.5042610177745
2.898226395E8	373.2016607354686
2.89887659E8	391.1640269433825
2.899984115E8	376.18420060331823
2.901089365E8	371.87264495399444
2.90218437E8	379.3744292237443
2.903262345E8	377.97909180006536
2.9043256E8	382.1921087914193
2.905335855E8	350.41293532338307
2.905862925E8	349.928
2.906432345E8	382.59386446886447
2.907479405E8	380.801048427359
2.90851896E8	374.6547619047619
2.90955247E8	374.0956925457828
2.91058116E8	382.4019574175824
2.91160204E8	382.9938893981057
2.912615545E8	355.3286231884058
2.91331315E8	374.1918604651163
2.9138107E8	362.2053301029679
2.91461273E8	368.7014207149404
2.91559725E8	387.14410480349346
2.91657178E8	366.85562913907285
2.917545145E8	349.85604798400533
2.91851644E8	358.37449447290373
2.91948596E8	367.88317757009344
2.920451375E8	374.6866288074342
2.9210626E8	385.8275462962963
2.921538905E8	378.4639316239316
2.922360205E8	365.35163440177723
2.923310645E8	362.38656476267096
2.924255295E8	365.6237393328161
2.925187585E8	387.6200160556596
2.92610929E8	408.6855027279813
2.92702327E8	368.0695067264574
2.92792108E8	362.71378795420605
2.928622145E8	363.62974683544303
2.929062585E8	384.9280532043531
2.92967363E8	373.0933772110243
2.930529085E8	361.25175644028104
2.931380435E8	393.086415601883
2.9322235E8	366.6581240389544
2.93305647E8	409.8730650154799
2.93388439E8	372.8335798816568
2.93470965E8	377.1460470730235
2.935531875E8	405.25232157070843
2.936254925E8	401.97080291970804
2.936664795E8	378.378896882494
2.9371692E8	379.66519267214153
2.937980535E8	387.27229751024265
2.938782955E8	386.90277777777777
2.93957456E8	386.8421985815603
2.940359865E8	309.5359565807327
2.94113718E8	371.5159896283492
2.94190606E8	386.63508442776737
2.94267212E8	344.89256198347107
2.9434356E8	408.41682920033435
2.94403587E8	368.77129668485105
2.944416325E8	380.03361344537814
2.944955125E8	358.9044871794872
2.9457076E8	373.9956824975091
2.9464554E8	381.649467190129
2.947198625E8	366.14152298850576
2.947938495E8	458.59574468085106
2.94867693E8	360.5071447829604
2.94941437E8	378.1046065259117
2.950150255E8	354.49885931558936
2.9508846E8	365.6905710491368
2.951596985E8	375.4546476761619
2.951959055E8	350.252427184466
2.9523318E8	367.55398230088497
2.953042615E8	394.2709766162311
2.95375117E8	380.58279009126466
2.95445692E8	387.60304401480875
2.95515887E8	362.1450326323423
2.955858525E8	382.8629086057372
2.956554665E8	389.2286447729486
2.957244435E8	390.1861313868613
2.957929165E8	339.26178010471205
2.958609135E8	406.4415584415584
2.959283655E8	365.61857142857144
2.95962472E8	516.4285714285714
2.959959795E8	394.30791366906476
2.960623185E8	376.5829285218598
2.961285905E8	372.03419859909354
2.961944545E8	380.3511586452763
2.96259386E8	344.9542372881356
2.963231915E8	380.45098039215685
2.963866495E8	375.8075949367089
2.964495135E8	367.35593220338984
2.96511883E8	384.3589840788476
2.96574108E8	407.98080279232113
2.966360135E8	387.19324675324674
2.966975155E8	373.7082514734774
2.967299425E8	361.7241379310345
2.967605265E8	363.01502732240436
2.968197085E8	322.33023735810116
2.968803715E8	372.0372807017544
2.969406465E8	365.54386750223813
2.970003935E8	343.6654465592972
2.97059853E8	393.67235943247505
2.971191925E8	387.75087108013935
2.971783685E8	369.73986275733
2.972373605E8	380.12549800796813
2.972962345E8	382.3946768060836
2.973550285E8	380.951768488746
2.974136535E8	354.914798206278
2.974716695E8	431.62068965517244
2.975006415E8	0.0
2.975297915E8	347.2035087719298
2.975874835E8	371.7357536764706
2.97644944E8	381.41542416452444
2.977022745E8	369.0128834355828
2.977593955E8	376.6467958271237
2.97816386E8	361.23740648379055
2.97873337E8	416.97429906542055
2.97929694E8	382.88240615106287
2.979853355E8	374.08216560509555
2.98040566E8	370.5059068797776
2.980954345E8	403.88045540796963
2.98150189E8	360.568278201866
2.982045775E8	384.27657735522905
2.98250394E8	374.5698261357263
2.98277297E8	371.35132158590307
2.98312184E8	388.5089605734767
2.983655255E8	416.58024691358025
2.98418571E8	364.14098360655737
2.98471025E8	383.7233238904627
2.985229515E8	384.6979899497487
2.98574718E8	383.6125503742084
2.98626245E8	391.05449936628645
2.986775555E8	390.95637949836424
2.987287515E8	352.9657578498514
2.9877965E8	365.3781555899021
2.98830158E8	378.35199004975124
2.98880377E8	381.11733203505355
2.9893041E8	389.06458797327394
2.989803155E8	387.33984487216316
2.9902156E8	379.50879396984925
2.99046443E8	374.4943181818182
2.990795815E8	377.1705994033089
2.991287095E8	365.3497244595167
2.991776335E8	383.30867518493613
2.99226409E8	356.9791847354727
2.992750675E8	367.51428571428573
2.99323612E8	351.15262515262515
2.993721015E8	407.3673057517659
2.99420364E8	368.494623655914
2.994682855E8	375.4782074892572
2.995160355E8	379.57730426164517
2.99563736E8	358.85272914521113
2.99611366E8	326.1180285343709
2.99658856E8	389.66657010428736
2.99706222E8	368.6031631919482
2.99753043E8	382.9754028837998
2.997914265E8	363.2146507666099
2.998145535E8	384.8135593220339
2.998454455E8	371.8402203856749
2.998912785E8	368.8452459016393
2.999369015E8	383.6449098879688
2.99982407E8	368.7525135344161
3.000278035E8	346.5778155065082
3.00072936E8	360.75102040816324
3.001178095E8	388.0515350877193
3.001626E8	363.2366255144033
3.002072585E8	353.91573604060915
3.0025153E8	397.2930866601753
3.002951105E8	364.14516129032256
3.00338256E8	358.09
3.00381246E8	363.9126436781609
3.00424041E8	393.71539961013644
3.00466617E8	345.8185654008439
3.00509036E8	386.63674379704486
3.005513965E8	348.8324949698189
3.005739685E8	345.77142857142854
3.0059498E8	382.05970149253733
3.006355E8	378.10125646711015
3.00677186E8	402.76141125032893
3.00718655E8	367.56315179606025
3.007599975E8	365.048004626952
3.008009635E8	380.0332313073896
3.00841504E8	399.9472254559565
3.00881871E8	374.921618204804
3.009221625E8	364.9968680089485
3.00962411E8	364.85920577617327
3.01002529E8	380.01666666666665
3.010424755E8	389.90329436769395
3.010823325E8	388.1534058385804
3.011221535E8	377.46346153846156
3.01161883E8	384.70236612702365
3.012013185E8	374.4585930543188
3.01240271E8	391.7747524752475
3.01278813E8	378.6436233611442
3.013171725E8	361.9755434782609
3.013402245E8	365.7054794520548
3.01359325E8	361.8507992895204
3.01393599E8	394.67152221412965
3.01431711E8	397.245
3.014697935E8	358.1746031746032
3.015075635E8	392.37126865671644
3.01544826E8	335.7023208879919
3.015818905E8	393.82310984308134
3.01618727E8	390.1927710843373
3.01655231E8	353.84083044982697
3.01691575E8	381.7031146454606
3.01727817E8	389.70819067685017
3.017639465E8	383.2951111111111
3.018000005E8	352.870820668693
3.018360275E8	327.8035343035343
3.018718265E8	354.7594786729858
3.019074095E8	307.0
3.0194275E8	394.24794622852875
3.01977819E8	380.3784477228993
3.020128525E8	335.4907251264755
3.02047874E8	380.01460221550855
3.020828745E8	392.5823187862896
3.021066125E8	374.83040935672517
3.021240165E8	381.05555555555554
3.0215234E8	380.3609375
3.021865385E8	366.8010403120936
3.022202135E8	359.8945147679325
3.02253491E8	409.73748544819557
3.022863395E8	372.29757785467126
3.02318457E8	410.56962025316454
3.023501625E8	364.4547837483617
3.02381257E8	357.98185941043084
3.024117055E8	376.03128621089223
3.024418645E8	324.8780487804878
3.024718665E8	383.99487704918033
3.02501802E8	394.4651711924439
3.0253152E8	387.02800658978583
3.02561013E8	381.87068201948625
3.025904035E8	394.2250639386189
3.026196635E8	379.7477403451109
3.02648696E8	395.52684210526314
3.026774925E8	315.6177777777778
3.0270614E8	333.7914110429448
3.0273473E8	336.1577181208054
3.0276322E8	361.88577586206895
3.02791553E8	380.5718205293738
3.02819683E8	383.5591985428051
3.02847463E8	312.84615384615387
3.02871419E8	347.51861042183623
3.028851665E8	378.39285714285717
3.029023805E8	370.01567398119124
3.02929608E8	380.61234817813767
3.029566585E8	379.23037974683547
3.02983539E8	364.3133903133903
3.030103E8	375.22904564315354
3.03036936E8	379.73044524669075
3.030633795E8	349.91650853889945
3.03089659E8	389.1533364884051
3.031158375E8	334.2374193548387
3.03141897E8	377.1168996188056
3.0316784E8	413.6477987421384
3.03193613E8	385.02143757881464
3.03219033E8	368.13968033356497
3.03244142E8	349.288
3.03269183E8	401.27899686520374
3.032941495E8	361.26244725738394
3.03318984E8	366.20640176600443
3.03343729E8	396.4117647058824
3.03368407E8	366.4365411436541
3.03392961E8	373.2437810945274
3.034173935E8	365.75
3.034417695E8	378.4169653524492
3.03466092E8	381.87704918032784
3.03490315E8	270.2783505154639
3.03514472E8	363.7426273458445
3.03538466E8	391.8765315739868
3.035622675E8	385.82537834691504
3.03585904E8	394.0438247011952
3.036094165E8	412.02275189599135
3.03632882E8	362.2800875273523
3.036474595E8	357.5806451612903
3.03659146E8	334.9795081967213
3.036795675E8	330.12558139534883
3.03702759E8	402.76119402985074
3.037259045E8	366.89801699716713
3.03749014E8	383.5798212005109
3.037721115E8	348.2345803842265
3.03795153E8	387.96380090497735
3.038181055E8	362.0147255689424
3.03840977E8	400.9033771106942
3.038636995E8	391.198754789272
3.038862345E8	375.7748091603053
3.03908542E8	381.4221364221364
3.03930611E8	355.0156862745098
3.039525865E8	394.26205450733755
3.03974351E8	392.0888888888889
3.039958025E8	384.71349862258955
3.040171415E8	391.8049645390071
3.04038313E8	371.4723404255319
3.040591685E8	374.52272727272725
3.04079863E8	381.5022222222222
3.04100481E8	378.7219031993437
3.04120937E8	384.0669700910273
3.041411265E8	341.0064516129032
3.04161089E8	379.8121720881427
3.041809935E8	371.9168
3.04200889E8	390.81024447031433
3.042207195E8	370.36346153846154
3.042404435E8	362.03877551020406
3.04260093E8	324.55721393034827
3.042797115E8	372.9367231638418
3.04299283E8	425.1391402714932
3.043188045E8	376.7977044476327
3.0433822E8	435.77777777777777
3.04357514E8	371.07911802853437
3.043766445E8	230.10526315789474
3.04395624E8	378.7263427109974
3.044120845E8	396.5
3.044215395E8	240.28571428571428
3.044334495E8	380.8706140350877
3.044520715E8	380.14859437751005
3.04470397E8	403.945301542777
3.04488589E8	379.66883116883116
3.0450666E8	335.00970873786406
3.0452464E8	220.4
3.04542522E8	331.219512195122
3.04560353E8	370.5027322404372
3.045781455E8	385.03225806451616
3.045958945E8	382.616935483871
3.04613409E8	376.2434456928839
3.04630615E8	362.064308681672
3.046477165E8	385.07528409090907
3.04664782E8	391.6943866943867
3.046818275E8	376.9642857142857
3.04698855E8	391.8651515151515
3.047157445E8	377.74225526641885
3.047322845E8	379.25284450063214
3.047485745E8	409.48550046772687
3.047647915E8	361.8397435897436
3.04780937E8	401.0331325301205
3.04797045E8	373.52537313432833
3.04813105E8	398.59010600706716
3.04829099E8	19.5
3.04844809E8	378.9240331491713
3.04860144E8	394.97035925795194
3.04875228E8	373.80974695407684
3.048899345E8	370.58910329171397
3.04904393E8	362.13675213675214
3.04918797E8	393.77906976744185
3.04933121E8	385.1643286573146
3.049473325E8	375.4759467758444
3.049613855E8	385.33931777378814
3.049753525E8	383.61333333333334
3.04989176E8	417.5810276679842
3.050028535E8	375.1473354231975
3.050165075E8	362.6754658385093
3.05030149E8	393.85
3.05043766E8	392.80322003577817
3.05057328E8	393.4067495559503
3.050707775E8	353.02024291497975
3.050840815E8	390.3983849259758
3.050973185E8	293.1818181818182
3.0511055E8	388.0622222222222
3.051237565E8	371.783105022831
3.051369355E8	399.7970779220779
3.05150043E8	398.24083769633506
3.05163013E8	397.25531914893617
3.05175888E8	375.15806451612906
3.05185055E8	345.0
3.051914585E8	313.0
3.052015075E8	386.78391959798995
3.05214187E8	383.68
3.052267085E8	403.95282258064515
3.05239162E8	374.16525423728814
3.052514665E8	339.4871794871795
3.052635855E8	150.0
3.05275651E8	320.125
3.052876965E8	377.6132450331126
3.052997075E8	353.0438596491228
3.05311672E8	377.7315175097276
3.053236175E8	300.2795698924731
3.053355615E8	364.5440729483283
3.05347491E8	382.18611111111113
3.0535937E8	403.9616919393456
3.053711045E8	211.0
3.053827095E8	357.2275132275132
3.05394203E8	386.5145631067961
3.05405586E8	490.30196078431374
3.05416915E8	344.7142857142857
3.054282015E8	271.1
3.054393975E8	344.03295750216824
3.05450508E8	379.8349514563107
3.054616145E8	380.74691358024694
3.05472713E8	363.4047619047619
3.054837595E8	395.1351118760757
3.05494683E8	361.82022471910113
3.055054885E8	386.8471760797342
3.055161465E8	395.98930481283423
3.05526661E8	393.8181818181818
3.05537127E8	393.43871008696755
3.055475015E8	401.8720930232558
3.055577785E8	380.0272727272727
3.05567969E8	384.11290322580646
3.05578E8	345.9657534246575
3.05587934E8	342.84313725490193
3.055978485E8	366.21596244131456
3.056077465E8	365.98759864712514
3.05617534E8	392.038961038961
3.05627204E8	407.06060606060606
3.0563683E8	324.2280701754386
3.056464125E8	272.6818181818182
3.05655943E8	343.9769585253456
3.05665429E8	322.8695652173913
3.056749135E8	397.4945054945055
3.05684391E8	357.07971014492756
3.056938605E8	402.8169596690796
3.05703288E8	365.77777777777777
3.0571261E8	355.7094430992736
3.057218545E8	359.9918699186992
3.057310705E8	353.5796812749004
3.057402675E8	414.51234567901236
3.057494535E8	362.575
3.057585785E8	365.3515625
3.05767648E8	394.3028953229399
3.05776642E8	403.6209476309227
3.057855425E8	366.5210970464135
3.05794349E8	333.0
3.05803082E8	369.5570469798658
3.058116615E8	370.8775510204082
3.058200515E8	354.1041666666667
3.058282875E8	383.91743119266056
3.058363865E8	368.95588235294116
3.058444065E8	362.8838709677419
3.058523285E8	359.6770186335404
3.058601015E8	384.7011952191235
3.058677105E8	19.5
3.058752425E8	360.4948979591837
3.05882709E8	378.8979591836735
3.058900985E8	363.6869158878505
3.05897348E8	410.06164383561645
3.059044835E8	205.66666666666666
3.059115865E8	398.3424657534247
3.059186575E8	364.77777777777777
3.059257075E8	388.412213740458
3.059327345E8	342.95108695652175
3.059397415E8	339.9710144927536
3.05946737E8	414.2464307883302
3.05953382E8	374.6223776223776
3.059568435E8	199.85714285714286
3.059606085E8	374.79470198675494
3.059675075E8	147.28571428571428
3.05974393E8	83.0
3.059812595E8	397.8224299065421
3.0598811E8	296.9583333333333
3.05994947E8	414.1041666666667
3.060017745E8	397.0890243902439
3.06008546E8	397.3310810810811
3.06015243E8	354.42857142857144
3.06021916E8	414.0612244897959
3.06028584E8	351.4240506329114
3.060351805E8	208.5
3.060416715E8	409.0181451612903
3.06048088E8	342.12
3.06054431E8	373.25121555915723
3.06060702E8	393.375
3.06066934E8	396.35060240963855
3.060731045E8	97.33333333333333
3.06079204E8	456.1
3.060852755E8	379.7837837837838
3.06091306E8	20.0
3.060973105E8	354.6806282722513
3.06103308E8	358.2708333333333
3.06109298E8	372.6684210526316
3.06115231E8	419.4404761904762
3.06121083E8	51.333333333333336
3.061268995E8	370.5456475583864
3.061326905E8	356.4117647058824
3.061384525E8	377.8857142857143
3.06144196E8	19.0
3.06149915E8	370.5748031496063
3.061556135E8	364.21923076923076
3.061612865E8	391.00431034482756
3.061668935E8	401.2722772277228
3.061724375E8	383.9574678536103
3.06177958E8	20.0
3.06183465E8	296.0
3.0618895E8	377.75180722891565
3.061944175E8	322.51785714285717
3.061998695E8	335.1864406779661
3.062052965E8	0.0
3.062107035E8	395.782196969697
3.062160895E8	366.23924731182797
3.06221455E8	361.7894736842105
3.062267975E8	275.5
3.062321055E8	62.333333333333336
3.062373925E8	19.0
3.062426715E8	394.575
3.06247945E8	419.6742857142857
3.062532015E8	179.5
3.062584425E8	376.64057971014495
3.06263673E8	372.9308176100629
3.062688905E8	382.6440460947503
3.06274102E8	362.0
3.06279276E8	368.553125
3.062844135E8	353.6930693069307
3.062895485E8	149.4
3.06294667E8	0.0
3.06299761E8	378.225
3.063048415E8	404.2241379310345
3.063099165E8	379.92962962962963
3.063149815E8	0.0
3.063200175E8	193.0
3.063250325E8	398.67632850241546
3.06330018E8	213.83333333333334
3.063349735E8	0.0
3.063399235E8	240.5
3.06344861E8	369.44444444444446
3.063497735E8	364.40816326530614
3.06354609E8	416.86095238095237
3.06359362E8	417.4770642201835
3.06364072E8	342.94871794871796
3.06368756E8	338.37931034482756
3.063734225E8	388.95212765957444
3.063780725E8	373.0
3.06382707E8	405.75308641975306
3.063873235E8	240.5
3.06391931E8	386.6631016042781
3.063965295E8	346.4810126582278
3.06401082E8	361.5217391304348
3.064055785E8	394.79047619047617
3.06410055E8	283.0
3.0641452E8	355.2112676056338
3.0641896E8	327.625
3.064233765E8	343.6666666666667
3.06427766E8	402.42942942942943
3.064321085E8	382.69236526946105
3.06436424E8	412.0833333333333
3.06440737E8	172.42857142857142
3.064450465E8	337.7083333333333
3.06449342E8	315.125
3.06453625E8	0.0
3.06457902E8	391.1890756302521
3.064621725E8	326.5263157894737
3.06466441E8	352.3193717277487
3.06470704E8	406.00597014925376
3.064749595E8	415.3776223776224
3.064792095E8	30.76923076923077
3.06483446E8	344.864406779661
3.064876545E8	426.9527991218441
3.064918455E8	154.66666666666666
3.0649603E8	426.0106007067138
3.065001735E8	381.6666666666667
3.06504273E8	336.0729166666667
3.065083565E8	0.0
3.06512427E8	348.2903225806452
3.06516488E8	392.3109243697479
3.065205265E8	399.85388127853884
3.065245425E8	408.95522388059703
3.06528524E8	19.0
3.06532471E8	407.8062015503876
3.065364115E8	379.07125307125307
3.065403375E8	19.0
3.0654423E8	362.7892976588629
3.06548097E8	588.0
3.0655195E8	166.5
3.065557735E8	494.75
3.06559577E8	299.6333333333333
3.065633635E8	204.22222222222223
3.065671335E8	285.55555555555554
3.065709005E8	406.2176470588235
3.065746505E8	372.3125
3.065783835E8	475.26233766233764
3.06582112E8	365.6652892561983
3.06585833E8	271.875
3.06589543E8	403.0133333333333
3.065932395E8	331.30120481927713
3.065969265E8	428.35046728971963
3.06600612E8	397.6119402985075
3.066042955E8	404.9180035650624
3.06607968E8	329.3181818181818
3.0661163E8	386.9577464788732
3.066152875E8	310.0
3.06618939E8	0.0
3.066225875E8	317.0
3.066262295E8	404.4782608695652
3.066298605E8	378.2307692307692
3.066334545E8	359.0
3.06637011E8	20.333333333333332
3.0664056E8	144.625
3.066440915E8	444.8839590443686
3.066476025E8	385.7012987012987
3.066511055E8	354.2083333333333
3.06654603E8	382.0860335195531
3.066580945E8	325.1917808219178
3.066615705E8	22.5
3.06665033E8	379.69135802469134
3.06668493E8	19.0
3.066719485E8	341.57142857142856
3.066753845E8	397.2278481012658
3.06678798E8	22.0
3.066821985E8	457.4
3.06685591E8	0.0
3.066889815E8	385.6912442396313
3.066923705E8	366.31284916201116
3.066957585E8	398.54545454545456
3.066991455E8	381.0767716535433
3.067025305E8	406.54285714285714
3.06705914E8	357.9647058823529
3.067092965E8	0.0
3.06712672E8	206.0
3.06716041E8	378.5761316872428
3.067194095E8	360.79194630872485
3.067227775E8	410.4347826086956
3.067248635E8	398.5
3.06726541E8	0.0
3.067294915E8	0.0
3.067328405E8	376.3972602739726
3.067361665E8	407.6666666666667
3.06739469E8	20.0
3.06742768E8	19.0
3.06746065E8	348.5806451612903
3.067493595E8	373.801652892562
3.067526505E8	453.4054054054054
3.06755933E8	0.0
3.067591995E8	391.65833333333336
3.067624565E8	393.52148664343787
3.067657115E8	393.41975308641975
3.06768965E8	0.0
3.06772208E8	323.6194029850746
3.067754395E8	563.0
3.067786575E8	399.3813559322034
3.067818625E8	419.0
3.067850465E8	398.0394736842105
3.0678821E8	250.66666666666666
3.067913705E8	374.91614906832297
3.067945245E8	0.0
3.06797666E8	383.23873873873873
3.0680079E8	0.0
3.06803903E8	372.42105263157896
3.068070135E8	19.333333333333332
3.068101235E8	390.97727272727275
3.06813233E8	415.2536231884058
3.068163365E8	360.51724137931035
3.068194285E8	19.0
3.06822513E8	390.1394101876676
3.068255925E8	363.16
3.068286625E8	337.06666666666666
3.068317255E8	399.5825825825826
3.068347845E8	455.0
3.068378385E8	0.0
3.0684088E8	207.0
3.06843903E8	372.35555555555555
3.068469175E8	311.0257510729614
3.068499285E8	390.0
3.068529315E8	374.22
3.06855925E8	20.0
3.06858904E8	344.42424242424244
3.06861871E8	19.0
3.06864829E8	290.93333333333334
3.068677785E8	0.0
3.06870722E8	363.575
3.068736605E8	332.9791666666667
3.06876586E8	378.5
3.06879498E8	319.8
3.068824045E8	0.0
3.068853035E8	385.91735537190084
3.06888198E8	0.0
3.0689109E8	0.0
3.068939665E8	382.75
3.06896809E8	432.5
3.068996235E8	0.0
3.069024245E8	394.2739361702128
3.06905212E8	629.5
3.069079905E8	412.9583333333333
3.069107675E8	224.25
3.06913543E8	298.89285714285717
3.06916313E8	0.0
3.06919067E8	404.1237623762376
3.069218095E8	373.70437017994857
3.069245455E8	410.4423076923077
3.06927266E8	430.86394557823127
3.06929975E8	348.36842105263156
3.069326695E8	20.0
3.069353465E8	362.07246376811594
3.06938016E8	195.5
3.06940674E8	383.9174836601307
3.06943317E8	370.6818181818182
3.069459505E8	19.0
3.069485655E8	327.2451612903226
3.06951153E8	473.0
3.069537225E8	432.07416267942585
3.069562725E8	299.0
3.069587885E8	0.0
3.069612825E8	419.125
3.069637735E8	398.88235294117646
3.0696626E8	414.30379746835445
3.06968739E8	376.52142857142854
3.06971213E8	0.0
3.06973672E8	0.0
3.069761095E8	0.0
3.06978536E8	279.4375
3.0698095E8	80.5
3.06983354E8	21.0
3.06985755E8	491.3
3.06988152E8	389.26666666666665
3.06990543E8	379.8058608058608
3.069929255E8	487.4
3.069953025E8	390.7
3.069976725E8	348.2926829268293
3.070000295E8	95.0
3.07002367E8	21.0
3.07004687E8	0.0
3.070070005E8	434.0
3.070093035E8	0.0
3.070115925E8	0.0
3.07013868E8	419.2821917808219
3.07016134E8	408.8446691176471
3.07018396E8	350.8139534883721
3.07020655E8	0.0
3.070229135E8	0.0
3.0702516E8	394.8346456692913
3.07027389E8	267.4
3.0702961E8	396.05607476635515
3.070318285E8	411.93617021276594
3.070340435E8	364.0
3.070362525E8	360.6296296296296
3.07038456E8	394.40816326530614
3.07040653E8	0.0
3.0704284E8	43.333333333333336
3.070450185E8	343.3225806451613
3.07047178E8	428.8235294117647
3.0704932E8	19.0
3.07051452E8	378.0
3.070535745E8	0.0
3.07055696E8	335.22727272727275
3.07057816E8	376.5460122699387
3.07059934E8	0.0
3.0706204E8	0.0
3.070641345E8	20.333333333333332
3.07066228E8	374.14285714285717
3.070683165E8	0.0
3.070704E8	400.5
3.07072481E8	382.30882352941177
3.07074558E8	436.6666666666667
3.070766325E8	20.0
3.070787045E8	344.66
3.07080772E8	351.1111111111111
3.070828335E8	342.86486486486484
3.07084889E8	0.0
3.07086942E8	578.0
3.07088987E8	0.0
3.070910185E8	240.58823529411765
3.07093044E8	363.2763157894737
3.07095069E8	374.99397590361446
3.07097091E8	357.44117647058823
3.07099108E8	163.5
3.071011185E8	345.59574468085106
3.07103122E8	19.0
3.071051185E8	403.0
3.071071095E8	355.7088607594937
3.071090915E8	381.1587301587302
3.07111059E8	0.0
3.071130195E8	21.0
3.07114979E8	0.0
3.07116933E8	370.9252336448598
3.071188785E8	69.0
3.071208195E8	436.0
3.07122752E8	0.0
3.071246735E8	367.5
3.071265845E8	189.0
3.07128479E8	0.0
3.07130355E8	0.0
3.07132213E8	44.5
3.071340475E8	0.0
3.07135863E8	420.59090909090907
3.071376725E8	417.2413793103448
3.07139478E8	706.0
3.07141279E8	19.0
3.071430775E8	0.0
3.07144871E8	344.2
3.071466595E8	0.0
3.07148442E8	420.64444444444445
3.07150216E8	120.33333333333333
3.071519825E8	19.0
3.071537425E8	0.0
3.071554995E8	413.8333333333333
3.071572545E8	457.0
3.07159008E8	20.0
3.071607605E8	95.25
3.071625115E8	193.75
3.07164259E8	0.0
3.07165998E8	0.0
3.071677295E8	0.0
3.07169459E8	0.0
3.07171187E8	281.9290322580645
3.07172911E8	221.77142857142857
3.071746285E8	295.6818181818182
3.071763405E8	354.55
3.0717805E8	0.0
3.07179757E8	363.80281690140845
3.0718146E8	0.0
3.07183154E8	20.0
3.071848325E8	0.0
3.071864995E8	354.89014084507045
3.07188158E8	344.88461538461536
3.07189806E8	312.44444444444446
3.07191447E8	391.741935483871
3.071930855E8	215.0
3.07194713E8	358.75172413793103
3.07196327E8	367.4
3.071979365E8	336.1954022988506
3.07199539E8	298.9230769230769
3.07201133E8	41.5
3.072027235E8	19.0
3.072043025E8	456.0
3.07205867E8	0.0
3.07207427E8	19.0
3.07208982E8	267.4
3.072105315E8	0.0
3.07212076E8	427.12857142857143
3.072136115E8	502.5
3.072151395E8	327.53846153846155
3.072166655E8	368.6363636363636
3.07218189E8	0.0
3.07219709E8	0.0
3.07221218E8	0.0
3.072227155E8	19.0
3.072242065E8	266.0
3.07225692E8	0.0
3.072271765E8	354.17857142857144
3.07228659E8	374.23809523809524
3.072301395E8	0.0
3.072316155E8	0.0
3.072330835E8	198.0
3.0723454E8	404.6304347826087
3.072359815E8	292.484375
3.072374155E8	0.0
3.07238849E8	397.8918918918919
3.072402775E8	0.0
3.072416995E8	350.8205128205128
3.072431125E8	282.85714285714283
3.072445175E8	448.5
3.07245921E8	0.0
3.07247322E8	0.0
3.072487205E8	175.0
3.072501165E8	66.25
3.072515085E8	392.88
3.072528945E8	20.0
3.07254274E8	324.0
3.072556495E8	297.55555555555554
3.072570195E8	410.63
3.07258382E8	383.8833333333333
3.07259739E8	0.0
3.072610935E8	0.0
3.072624475E8	291.1923076923077
3.072637995E8	363.16
3.07265146E8	19.0
3.072664865E8	332.2916666666667
3.072678185E8	0.0
3.072691435E8	0.0
3.072704615E8	255.25
3.07271773E8	317.9
3.072730825E8	400.925
3.072743855E8	0.0
3.072756825E8	337.1666666666667
3.072769735E8	0.0
3.07278257E8	0.0
3.07279535E8	0.0
3.07280808E8	0.0
3.07282078E8	379.46153846153845
3.07283345E8	278.6666666666667
3.072846035E8	239.25
3.072858485E8	0.0
3.072870805E8	384.6862745098039
3.07288306E8	269.4
3.072895305E8	0.0
3.0729075E8	0.0
3.072919625E8	0.0
3.0729317E8	447.0
3.072943745E8	0.0
3.07295576E8	0.0
3.07296769E8	258.0
3.072979505E8	0.0
3.072991265E8	0.0
3.073002965E8	0.0
3.0730146E8	526.0
3.0730262E8	300.59090909090907
3.073037765E8	0.0
3.073049325E8	39.0
3.073060875E8	228.0
3.07307234E8	0.0
3.073083675E8	0.0
3.0730949E8	0.0
3.07310606E8	323.3013698630137
3.073117205E8	0.0
3.07312834E8	348.93243243243245
3.07313946E8	0.0
3.07315057E8	0.0
3.073161665E8	153.0
3.07317273E8	515.0
3.073183765E8	369.0625
3.073194775E8	115.0
3.073205775E8	298.5
3.07321677E8	0.0
3.073227755E8	20.0
3.073238735E8	352.4449404761905
3.07324967E8	290.8
3.07326045E8	0.0
3.07327112E8	321.0
3.07328175E8	0.0
3.07329233E8	237.0909090909091
3.073302885E8	317.64285714285717
3.0733134E8	382.1937984496124
3.07332388E8	0.0
3.073334315E8	244.0
3.073344645E8	0.0
3.073354855E8	260.25
3.073365005E8	198.5
3.07337512E8	261.0
3.07338521E8	0.0
3.07339524E8	229.5
3.073405195E8	0.0
3.073415095E8	0.0
3.073424955E8	0.0
3.07343481E8	0.0
3.07344466E8	0.0
3.07345449E8	400.3333333333333
3.0734643E8	0.0
3.073474095E8	0.0
3.073483845E8	0.0
3.073493565E8	0.0
3.07350326E8	0.0
3.073512895E8	0.0
3.07352248E8	0.0
3.07353193E8	371.57894736842104
3.07354126E8	0.0
3.073550565E8	0.0
3.073559835E8	0.0
3.073569075E8	229.0
3.073578275E8	0.0
3.073587445E8	0.0
3.07359658E8	0.0
3.07360568E8	220.88888888888889
3.07361477E8	0.0
3.073623815E8	0.0
3.0736328E8	0.0
3.073641745E8	0.0
3.073650655E8	228.5
3.07365955E8	0.0
3.073668425E8	0.0
3.07367728E8	0.0
3.07368608E8	0.0
3.073694805E8	0.0
3.0737035E8	358.7647058823529
3.073712185E8	0.0
3.07372084E8	304.3157894736842
3.073729445E8	0.0
3.07373801E8	229.44
3.07374652E8	19.0
3.07375497E8	347.7142857142857
3.07376337E8	320.3333333333333
3.07377173E8	275.3333333333333
3.073780065E8	462.0
3.07378836E8	0.0
3.073796625E8	0.0
3.07380485E8	234.27777777777777
3.073812975E8	406.0
3.073821025E8	439.5
3.073829055E8	20.0
3.07383704E8	0.0
3.073844975E8	0.0
3.073852875E8	0.0
3.07386072E8	303.46153846153845
3.07386853E8	0.0
3.073876335E8	0.0
3.07388411E8	0.0
3.073891845E8	0.0
3.073899525E8	254.5
3.073907155E8	0.0
3.073914765E8	0.0
3.073922355E8	0.0
3.07392992E8	0.0
3.073937465E8	20.0
3.073944975E8	0.0
3.073952445E8	0.0
3.073959905E8	0.0
3.073967355E8	0.0
3.073974755E8	0.0
3.073982085E8	222.0
3.07398938E8	0.0
3.07399665E8	0.0
3.074003845E8	0.0
3.074010975E8	21.0
3.07401809E8	0.0
3.074025195E8	0.0
3.074032295E8	0.0
3.074039365E8	0.0
3.0740464E8	0.0
3.0740534E8	0.0
3.074060365E8	0.0
3.07406728E8	135.66666666666666
3.07407414E8	0.0
3.07408095E8	0.0
3.07408771E8	0.0
3.074094455E8	0.0
3.07410119E8	0.0
3.07410791E8	0.0
3.074114535E8	0.0
3.074121015E8	0.0
3.07412743E8	485.7857142857143
3.07413383E8	0.0
3.07414021E8	0.0
3.07414658E8	0.0
3.07415294E8	0.0
3.074159275E8	0.0
3.074165575E8	0.0
3.07417184E8	79.0
3.074178075E8	0.0
3.074184285E8	19.0
3.07419046E8	0.0
3.074196585E8	0.0
3.07420267E8	429.0
3.07420871E8	0.0
3.07421472E8	0.0
3.074220725E8	0.0
3.07422671E8	0.0
3.074232665E8	0.0
3.074238595E8	0.0
3.074244515E8	19.0
3.07425042E8	163.42857142857142
3.074256305E8	0.0
3.074262165E8	0.0
3.074268005E8	87.0
3.074273815E8	0.0
3.074279595E8	0.0
3.07428537E8	0.0
3.07429113E8	0.0
3.074296855E8	0.0
3.07430254E8	0.0
3.07430819E8	0.0
3.074313815E8	0.0
3.074319415E8	0.0
3.07432497E8	350.0
3.074330485E8	0.0
3.074335975E8	0.0
3.074341455E8	188.0
3.07434693E8	0.0
3.0743524E8	0.0
3.074357865E8	224.0
3.074363325E8	0.0
3.07436878E8	0.0
3.07437422E8	0.0
3.07437964E8	147.5
3.07438504E8	191.5
3.074390425E8	114.2
3.07439579E8	0.0
3.074401125E8	0.0
3.07440644E8	106.5
3.07441174E8	131.4
3.074417025E8	0.0
3.07442227E8	0.0
3.07442747E8	0.0
3.07443264E8	194.26666666666668
3.074437785E8	0.0
3.0744429E8	0.0
3.07444798E8	0.0
3.074453045E8	0.0
3.0744581E8	0.0
3.074463125E8	57.0
3.07446812E8	201.484126984127
3.074473085E8	0.0
3.074478015E8	0.0
3.074482925E8	0.0
3.074487815E8	0.0
3.07449269E8	198.0
3.074497555E8	0.0
3.07450239E8	0.0
3.0745072E8	0.0
3.07451198E8	0.0
3.074516695E8	0.0
3.074521375E8	0.0
3.074526035E8	0.0
3.07453067E8	408.5
3.07453528E8	0.0
3.07453982E8	0.0
3.074544305E8	0.0
3.074548775E8	0.0
3.07455321E8	0.0
3.074557615E8	0.0
3.07456201E8	0.0
3.07456637E8	0.0
3.0745707E8	0.0
3.07457503E8	0.0
3.07457932E8	0.0
3.07458353E8	221.5
3.0745877E8	0.0
3.07459185E8	0.0
3.074595975E8	0.0
3.07460009E8	0.0
3.07460419E8	118.0
3.074608275E8	0.0
3.07461234E8	0.0
3.07461637E8	20.0
3.07462037E8	0.0
3.07462436E8	0.0
3.074628295E8	0.0
3.074632175E8	0.0
3.07463604E8	136.0
3.074639885E8	0.0
3.074643725E8	0.0
3.07464756E8	0.0
3.074651385E8	250.8
3.0746552E8	0.0
3.074659E8	0.0
3.074662785E8	0.0
3.07466655E8	245.71428571428572
3.07467028E8	0.0
3.07467397E8	0.0
3.07467764E8	19.0
3.074681295E8	0.0
3.074684925E8	0.0
3.074688535E8	145.75
3.074692125E8	0.0
3.07469565E8	122.52941176470588
3.0746991E8	0.0
3.07470252E8	0.0
3.074705915E8	0.0
3.07470929E8	0.0
3.07471266E8	0.0
3.07471601E8	0.0
3.07471933E8	228.0
3.074722625E8	0.0
3.0747259E8	0.0
3.07472917E8	0.0
3.074732435E8	0.0
3.07473569E8	0.0
3.07473894E8	0.0
3.07474218E8	0.0
3.07474541E8	0.0
3.07474863E8	0.0
3.074751825E8	0.0
3.074754995E8	0.0
3.074758155E8	0.0
3.0747613E8	154.0
3.074764425E8	0.0
3.074767535E8	0.0
3.07477063E8	0.0
3.07477372E8	0.0
3.074776785E8	0.0
3.074779805E8	0.0
3.0747828E8	0.0
3.074785785E8	0.0
3.07478873E8	0.0
3.074791635E8	200.66666666666666
3.074794525E8	0.0
3.07479739E8	0.0
3.07480024E8	0.0
3.074803065E8	0.0
3.074805865E8	0.0
3.07480866E8	0.0
3.07481141E8	0.0
3.07481412E8	0.0
3.074816825E8	0.0
3.0748195E8	0.0
3.07482213E8	19.0
3.074824735E8	0.0
3.074827325E8	0.0
3.074829885E8	0.0
3.074832415E8	82.44444444444444
3.074834925E8	0.0
3.07483741E8	0.0
3.07483986E8	0.0
3.07484227E8	0.0
3.07484466E8	0.0
3.07484705E8	0.0
3.07484943E8	0.0
3.074851795E8	0.0
3.074854115E8	0.0
3.07485639E8	0.0
3.074858655E8	0.0
3.074860915E8	19.0
3.074863175E8	0.0
3.07486542E8	0.0
3.07486762E8	0.0
3.074869785E8	0.0
3.074871945E8	0.0
3.07487409E8	0.0
3.07487621E8	0.0
3.0748783E8	0.0
3.074880335E8	0.0
3.07488232E8	0.0
3.07488428E8	0.0
3.074886225E8	0.0
3.0748881E8	0.0
3.07488991E8	0.0
3.07489172E8	0.0
3.07489351E8	0.0
3.074895275E8	0.0
3.07489703E8	0.0
3.07489878E8	0.0
3.07490053E8	0.0
3.074902265E8	0.0
3.07490395E8	0.0
3.074905575E8	0.0
3.074907135E8	0.0
3.07490864E8	0.0
3.07491012E8	19.0
3.074911565E8	0.0
3.07491297E8	0.0
3.074914355E8	0.0
3.074915695E8	0.0
3.074916995E8	0.0
3.074918285E8	0.0
3.074919565E8	23.0
3.07492084E8	0.0
3.07492211E8	0.0
3.07492338E8	0.0
3.074924645E8	0.0
3.074925885E8	0.0
3.074927095E8	0.0
3.074928275E8	0.0
3.074929365E8	0.0
3.074930385E8	0.0
3.074931395E8	0.0
3.07493239E8	0.0
3.07493338E8	0.0
3.07493436E8	0.0
3.07493525E8	0.0
3.074936035E8	0.0
3.07493678E8	0.0
3.074937455E8	0.0
3.07493806E8	0.0
