# Position (bp)	A	C	G	T	N
0.0	32.37239705898318	20.63170384965792	23.739994387244444	23.255904704114453	0.0
1.0	30.196033101411114	18.405884705653804	19.48251875572909	31.903138408972108	0.012425028233886515
2.0	28.90166548877679	19.839167335566746	20.15413265531373	31.09884437009775	0.006190150244981395
3.0	28.792075803572974	20.668899423412483	20.816003835064915	29.722308640477234	7.122974723905201E-4
4.0	29.92828969914149	20.52080258044646	20.522992676625357	29.027367519741965	5.475240447246046E-4
5.0	30.398974450944806	20.21382449459668	20.100540430912446	29.286019302887627	6.413206584416458E-4
6.0	29.821528307764044	20.189437550383865	20.80305429795815	29.185676212322125	3.036315718193012E-4
7.0	29.458616441673158	20.36240274609354	20.133671442301637	30.044927993125288	3.813768063777034E-4
8.0	29.589317522091275	20.19547307297678	20.37504874521117	29.83969989807053	4.607616502459456E-4
9.0	29.73727570781113	20.273557582136817	20.44266434291105	29.54627630055325	2.260665877567439E-4
10.0	29.790096999507977	20.217201575315475	20.433649447423228	29.55894500627499	1.0697147832844763E-4
11.0	29.758425662291614	20.236959204488798	20.292776318824867	29.711652164808562	1.8664958615564913E-4
12.0	29.83297676681409	20.258896577958257	20.41300163114285	29.4949921118823	1.3291220249652536E-4
13.0	29.88254770114413	20.183478315816544	20.21476141151077	29.718753175601954	4.5939592660257784E-4
14.0	29.832944532311945	20.157896802209777	20.269245386302998	29.73730375318544	0.0026095259898438567
15.0	29.788243855610585	20.218617556898895	20.373046544880292	29.619725368725717	3.666738845066846E-4
16.0	29.806750404039974	20.21926920516819	20.341159179504768	29.632317379824038	5.038314630306216E-4
17.0	29.722459192358425	20.2244637466288	20.365939197791466	29.68675977944822	3.780837730924772E-4
18.0	29.700355341856127	20.29311489146817	20.551311613047748	29.45186223079813	0.003355922829824032
19.0	29.738399992183044	20.278949855143736	20.402589143450278	29.579782454132587	2.7855509035162857E-4
20.0	29.705540462937464	20.312666968422498	20.364976138990702	29.616377696363553	4.387332857821746E-4
21.0	29.65694843162533	20.352079440941917	20.437592161113535	29.552256767570604	0.001123198748609147
22.0	29.67636010085642	20.335072319747898	20.327997684160902	29.65973643908392	8.334561508544377E-4
23.0	29.70338491317469	20.246809520364557	20.294318529838673	29.755095811384823	3.912252372527092E-4
24.0	29.681120305248815	20.334660262178648	20.416134739347395	29.567801953112582	2.8274011256207627E-4
25.0	29.69298216121068	20.316119481835248	20.35539685405146	29.63521485395042	2.8664895219247225E-4
26.0	29.597577104639356	20.34402159076707	20.37544046371122	29.68249588633618	4.6495454617272023E-4
27.0	29.5935001824795	20.361546974629707	20.487071368026474	29.557251530919658	6.29943944663832E-4
28.0	29.641086811223293	20.35440876427218	20.42350309276256	29.580251847044902	7.494846970579632E-4
29.0	29.666766312307892	20.324904856647034	20.35761951818919	29.6495959417516	0.0011133711042871544
30.0	29.612641653650595	20.393653230362524	20.44504143881838	29.54641887350306	0.0022448036654406367
31.0	29.67661499999111	20.341280671746574	20.35059443611661	29.630764105215018	7.457869306883843E-4
32.0	29.615762883264157	20.363925403702257	20.36502003409249	29.653473007314275	0.0018186716268204068
33.0	29.64340969941138	20.347389232913603	20.434310094010204	29.568450012164593	0.006440961500223271
34.0	29.68264095820577	20.344761570601133	20.386869252735906	29.568351735965827	0.01737648249136377
35.0	29.659755066484845	20.305159531572002	20.34280025679929	29.69178863341696	4.965117269007443E-4
36.0	29.606504235121907	20.385370435622505	20.463214813376148	29.544268535690698	6.419801887481674E-4
37.0	29.65188731112033	20.333633502114168	20.377485120289805	29.636213027065455	7.810394102429188E-4
38.0	29.611672496305687	20.344285043274592	20.389122439880193	29.6543722314047	5.477891348207706E-4
39.0	29.566548385767987	20.390539881954485	20.45212084445393	29.590296579590316	4.943082332813882E-4
40.0	29.604767388548247	20.41706110585192	20.41467697498651	29.5629594922683	5.350383450211033E-4
41.0	29.622443384253437	20.337342785888094	20.352494147952303	29.687302259526604	4.174223795593013E-4
42.0	29.570674558158554	20.42421557937008	20.443104834229658	29.56163460871204	3.7041952966526215E-4
43.0	29.65034084343691	20.36615436183753	20.329400778443464	29.653677794656485	4.262216256071382E-4
44.0	29.620002196561202	20.36729237236623	20.311909119787018	29.700438502349773	3.578089357703821E-4
45.0	29.611888261492258	20.385788047292518	20.41649549808407	29.585508792770387	3.1940036076377927E-4
46.0	29.626422360918266	20.39871897167703	20.35999462770774	29.61448869989112	3.7533980585023065E-4
47.0	29.590533585399744	20.35400782674103	20.35009754667913	29.70484596587008	5.150753100195368E-4
48.0	29.623411962923257	20.404088982928453	20.427579307064644	29.544421506527822	4.982405558234196E-4
49.0	29.65733848589589	20.362106984646246	20.34866622726666	29.630701973749645	0.0011863284415624497
50.0	29.628827560517607	20.370291146269498	20.337354295642093	29.660433302424426	0.0030936951463741732
51.0	29.564676057092164	20.434604825959184	20.39179354135076	29.607890220473028	0.001035355124858413
52.0	29.58667623140057	20.411608425305065	20.35690235323998	29.642837680338108	0.0019753097162722123
53.0	29.58543291274428	20.353059369656705	20.326670193965906	29.733493367342746	0.001344156290362937
54.0	29.604421858651275	20.403588054577227	20.375749927302405	29.61551977242798	7.203870411156511E-4
55.0	29.640671406242213	20.387967236077532	20.306087672280245	29.664796871375955	4.7681402405407546E-4
56.0	29.624590137267553	20.392075004433423	20.32150197410748	29.661431207562227	4.01676629319691E-4
57.0	29.62730907609195	20.390156692931114	20.35038700408424	29.631598248526924	5.489783657668338E-4
58.0	29.638396138106728	20.374267238244084	20.318231938159542	29.666272398213668	0.0028322872759808325
59.0	29.620143338174937	20.351661560347193	20.310005010932276	29.717607607766933	5.82482778659592E-4
60.0	29.60840538963191	20.397946890395946	20.35704606644401	29.63608829208122	5.133614469142354E-4
61.0	29.634662400740947	20.3840581411541	20.300099762873135	29.679963437273933	0.0012162579578877998
62.0	29.621343244530106	20.356937118549958	20.27410676597932	29.746848800004734	7.640709358854038E-4
63.0	29.61241568271688	20.38729928348993	20.351700184864114	29.647090159525767	0.0014946894033102574
64.0	29.662539318930666	20.347792901405125	20.264815320782525	29.724019064697348	8.333941843372691E-4
65.0	29.63983190757174	20.31026141962319	20.243464415349948	29.802310217300626	0.0041320401544936184
66.0	29.62793215567115	20.392398565930613	20.31134343844443	29.66764577968578	6.80060268030945E-4
67.0	29.678077155547406	20.362993058087916	20.263522328436096	29.695025365000237	3.8209292834348623E-4
68.0	29.625753841037263	20.328335505459332	20.28432801520585	29.76108668430706	4.959539904927546E-4
69.0	29.627205827468277	20.381161780438532	20.289407050323998	29.698998252126664	0.003227089642528311
70.0	29.644051203518835	20.380887197613774	20.239752088212935	29.73479998878072	5.095218737372952E-4
71.0	29.711224978425715	20.301562348255572	20.18528717685298	29.797524599038688	0.004400897427047461
72.0	29.666469733609063	20.32812364951503	20.278714529755913	29.723623972353042	0.0030681147669486216
73.0	29.69411078223514	20.2878734971232	20.22870451464697	29.788432820062315	8.783859323749547E-4
74.0	29.66561479042057	20.28798458130817	20.1884762994652	29.85762211903296	3.022097730983628E-4
75.0	29.67628985863287	20.310154045287998	20.234943793788005	29.778281634541443	3.3066774968471853E-4
76.0	29.71204592586631	20.31763855377412	20.189076975850128	29.78092540889753	3.1313561191680274E-4
77.0	29.689086629655858	20.27270426455219	20.21089764563658	29.82703710085098	2.743593043941229E-4
78.0	29.666981040848988	20.325049448301673	20.274206053477386	29.73343364811648	3.2980925547671354E-4
79.0	29.68537458172228	20.30930056960294	20.2141993318001	29.790571316962573	5.541999121113543E-4
80.0	29.6861914173166	20.274994291778548	20.214155942392438	29.822034033569643	0.0026243149427712274
81.0	29.696407715829558	20.302529457293414	20.256276101437937	29.74424036175039	5.463636887018677E-4
82.0	29.71718730016253	20.30005819720275	20.188788419154868	29.79271925557893	0.0012468279009215624
83.0	29.71504186863832	20.24455385832852	20.152518742973857	29.887266764623988	6.187654353188258E-4
84.0	29.71972214859031	20.301247758541514	20.21330817206169	29.763537730720145	0.0021841900863341086
85.0	29.776252092949978	20.23960261168525	20.134942003130465	29.848148862963846	0.0010544292704576781
86.0	29.7741000667986	20.202270029294432	20.147693202254217	29.87385390095678	0.0020828006959705742
87.0	29.7356337131845	20.261137130037827	20.206768555878806	29.793387833776798	0.0030727671220752745
88.0	29.73431222289909	20.251039451398974	20.16149522894399	29.85191166359832	0.001241433159628336
89.0	29.761544544979145	20.221674119099784	20.1105249725969	29.90370104035992	0.002555322964249255
90.0	29.743913017097164	20.28903101558471	20.188859364168046	29.777142920945366	0.0010536822047174609
91.0	29.800478662812235	20.246876367516688	20.119305799380125	29.830091259041446	0.0032479112495083866
92.0	29.784004138018773	20.22459428688692	20.11119547981813	29.880062227006132	1.4386827004894643E-4
93.0	29.739347358914713	20.264266226569614	20.156474596524998	29.83968277702636	2.290409643169344E-4
94.0	29.780691893607013	20.22992018278566	20.10834460436019	29.880943146254634	1.0017299249723068E-4
95.0	29.794210492251032	20.184399872377814	20.073300428020694	29.948029044053335	6.016329712093924E-5
96.0	29.78023573885097	20.248871441987134	20.128973115767767	29.841900481217582	1.9222176548194948E-5
97.0	29.8370502943165	20.210853778498986	20.06643484773786	29.885654595847438	6.4835992170924275E-6
98.0	29.820856481006953	20.147906766978945	20.081825300834343	29.949404891248644	6.559931120723232E-6
99.0	29.763470522416025	20.213891590437505	20.12221105298036	29.900413551944098	1.328222201479819E-5
100.0	29.83635833270602	20.185055490434355	20.075939761692243	29.902596005979206	5.0409188183548596E-5
101.0	29.856355379352735	20.146429183195895	20.045847924486477	29.951221136205003	1.4637675989118829E-4
102.0	29.81501676117768	20.193124387193638	20.12832974434173	29.859518026771877	0.004011080515077921
103.0	29.813583546031737	20.184445989139803	20.050702435774028	29.95120164814709	6.638090734175629E-5
104.0	29.833553901345617	20.149996868751995	19.994680595533985	30.021573927030698	1.9470733770178718E-4
105.0	29.80802132554381	20.19380075738392	20.017801176319523	29.98037674075275	0.0
106.0	29.86440424732552	20.156336535422277	19.960165191946302	30.019094025305897	0.0
107.0	29.92020358628138	20.070820151040778	19.899229980031823	30.109746282646014	0.0
108.0	29.887694862873854	20.11403310410717	19.979614477849893	30.01865755516909	0.0
109.0	29.93505068559633	20.076930594772307	19.90147578415545	30.08654293547591	0.0
110.0	29.916140577224652	20.051381548724187	19.89811340271574	30.134364471335424	0.0
111.0	29.884271859483935	20.089638016443466	19.966848998997303	30.059241125075296	0.0
112.0	29.923500061766582	20.076559558485798	19.951738598103695	30.048201781643925	0.0
113.0	29.9364849833058	20.034665136415544	19.908139652502868	30.120702142047012	8.085728777650464E-6
114.0	29.873114424272217	20.096969966440913	19.981424450684322	30.04849115860254	0.0
115.0	30.059764673710195	19.973502779818674	19.918868903220517	30.04786364325061	0.0
116.0	30.177528196126584	19.848332213773784	19.89067069839666	30.08346889170297	0.0
117.0	29.935920558746794	20.02348346669417	19.827022142508124	30.213573832050912	0.0
118.0	29.74797145776985	20.0686156440599	19.823195436998734	30.36021746117152	0.0
119.0	29.762802243865615	20.013288549005683	19.845123560290652	30.378785646838047	0.0
120.0	30.08677867572945	20.087416564898326	19.83339772953237	29.992407029839853	0.0
121.0	30.71194247524603	19.82595263536147	19.31636509077269	30.145739798619807	0.0
122.0	30.856711760989043	19.647835453551153	18.369755584776843	31.12569720068296	0.0
123.0	27.262982427753528	21.377781401000632	18.7033664621076	32.655869709138244	0.0
124.0	23.198591144133236	22.082838445700016	18.87339321716226	35.84517719300449	0.0
