#Position (bp)	mapping quality
384368.0	53.721094370306155
1153103.0	58.028881894215964
1921838.0	58.87315245676275
2690573.0	59.07912952554342
3459308.0	59.71533314102809
4228043.0	59.03675690336462
4996778.0	59.12585576202764
5765513.0	59.8036305671229
6534248.0	58.37250385286006
7302983.0	57.61638828967464
8071718.0	58.77721700984398
8840453.0	53.173765842148015
9609188.0	56.38912254517934
1.0377923E7	54.320249533464725
1.0801324E7	48.03983820667187
1.11856915E7	56.69189522250026
1.1915393E7	58.66165748730624
1.2684128E7	59.52009941396623
1.3452863E7	59.36393684792167
1.4221598E7	59.18417819974827
1.4990333E7	59.271139449284696
1.5759068E7	58.75522466238015
1.6527803E7	58.0779637814327
1.7296538E7	57.59837727722432
1.8065273E7	51.60327984243254
1.8834008E7	52.650831955303396
1.9602743E7	54.14402082355983
2.018777E7	49.36223067213607
2.05721375E7	47.348235371849064
2.1140213E7	47.2912567098439
2.1908948E7	53.815361651327144
2.2677683E7	58.37408940147402
2.3446418E7	57.858796254793766
2.4215153E7	59.43960632632353
2.4983888E7	58.37612916731718
2.5752623E7	57.91929466994305
2.6521358E7	59.205727203364425
2.7290093E7	55.34402370755888
2.8058828E7	54.12704060519779
2.86485735E7	57.23121770463597
2.9032941E7	56.25077682224994
2.9596298E7	58.36931909509172
3.0365033E7	58.490634626205924
3.1133768E7	59.51804718865174
3.1902503E7	59.84295957985472
3.2671238E7	58.69848309753062
3.3439973E7	58.333796826579906
3.4208708E7	57.826487582583916
3.4977443E7	58.45163803861153
3.5659712E7	55.92084470988335
3.60440795E7	52.82119280004655
3.6514913E7	57.713967115963904
3.7283648E7	57.31903802898799
3.8052383E7	58.88423216431459
3.8821118E7	57.43452656595233
3.9589853E7	50.917998979575934
4.0358588E7	59.31951076813205
4.1127323E7	57.53601022011944
4.1896058E7	59.283588491064194
4.2664793E7	58.73667753969865
4.3049519E7	24.837210029632292
4.34338865E7	51.62860636007708
4.4202263E7	47.191139045547764
4.4970998E7	38.948202067393055
4.5739733E7	27.400145569984208
4.6508468E7	39.50713838354251
4.7277203E7	43.67966575769906
4.8045938E7	41.32947837351349
4.8668911E7	33.76932368979399
4.90532785E7	47.884736160251826
4.9583408E7	59.10563816821677
5.0352143E7	59.35590992816751
5.1120878E7	59.4184899719872
5.1889613E7	59.37603476035844
5.2658348E7	59.51368167000209
5.3427083E7	58.825696239867966
5.38687855E7	59.80214617451192
5.4253153E7	53.27094801718348
5.4964553E7	50.20938706890835
5.5733288E7	50.228198844542725
5.6502023E7	54.86933270088844
5.7270758E7	56.27627952009599
5.8039493E7	56.807540474207784
5.85039505E7	56.53928183149062
5.8888318E7	48.1624890250307
5.9576963E7	48.63333264253205
6.0345698E7	50.34193461235673
6.1114433E7	46.088112906685694
6.1883168E7	49.55144617912239
6.2651903E7	45.0151461942901
6.3087631E7	43.80099252923779
6.34719985E7	32.78491392682873
6.4189373E7	46.99618688528313
6.4958108E7	48.69474161668788
6.5726843E7	51.051836039993596
6.6495578E7	51.88204057591174
6.7140034E7	46.87521216880435
6.75244015E7	53.24905861519772
6.8033048E7	56.08889089262275
6.8801783E7	57.95948394927961
6.9570518E7	57.29538534188887
7.0339253E7	57.614554171247754
7.11040115E7	56.43857958307131
7.1488379E7	4.007414244427968
7.1876723E7	56.434460755226056
7.2645458E7	58.73744386537018
7.3414193E7	59.00561653218412
7.4182928E7	59.586288026513046
7.4951663E7	59.31204349834615
7.5358208E7	55.497919952951044
7.57425755E7	43.947317246601486
7.6489133E7	51.32329737957287
7.7257868E7	51.249966781650826
7.8026603E7	51.40007703243231
7.8795338E7	52.53889846908465
7.92080895E7	43.96447269013956
7.9592457E7	50.42350746819476
8.0332808E7	40.756493851160336
8.1101543E7	48.948475509207775
8.1870278E7	48.12940678195496
8.26063115E7	32.123088934841405
8.2990679E7	49.64699346919893
8.3407748E7	45.273800660542726
8.4176483E7	46.65818053918005
8.4945218E7	48.2059751790633
8.5713953E7	48.34579861586627
8.6362088E7	48.09889503606696
8.67464555E7	35.78633730751972
8.7251423E7	48.67961805462115
8.8020158E7	50.95221239442265
8.8788893E7	46.52344010706504
8.9557628E7	41.373328702097346
9.0098611E7	31.886847101641532
9.04829785E7	51.49698277296357
9.1095098E7	55.58371803447536
9.1863833E7	54.45184218169155
9.2632568E7	52.534044386850056
9.3401303E7	50.589829803850776
9.38242175E7	20.609131938296542
9.4208585E7	23.99347464059329
9.4938773E7	46.908575215924635
9.5707508E7	47.051384869334164
9.6476243E7	48.96181790445841
9.71220675E7	37.39133814095154
9.7506435E7	38.6564832994788
9.8013713E7	46.030870303901246
9.8782448E7	48.05599338170256
9.9551183E7	35.76122630652257
1.00269334E8	42.157575443753274
1.006537015E8	33.106169070547146
1.01088653E8	47.31519249722171
1.01857388E8	53.02895659381348
1.02626123E8	53.97987673811683
1.033545365E8	54.331587649974
1.03738904E8	30.434923673489422
1.04163593E8	30.89487595973319
1.04932328E8	34.27993024745257
1.05701063E8	45.78951062781641
1.06347158E8	39.23731519532546
1.067315255E8	46.6641304079623
1.07238533E8	50.8751667504352
1.08007268E8	47.605204775330776
1.08776003E8	46.56905386138795
1.09309377E8	53.332089406662554
1.096937445E8	55.34851921166915
1.10313473E8	56.32642174306964
1.11082208E8	59.61897978301033
1.11850943E8	43.77645284959372
1.12235708E8	0.6786486596760374
1.126200755E8	43.0872122382978
1.13388413E8	41.66567525254217
1.14157148E8	45.589072236801236
1.147696095E8	43.581578601576645
1.15153977E8	43.13672010077763
1.15694618E8	44.12492460706668
1.16463353E8	46.84792852217401
1.17232088E8	51.51775081456376
1.17668795E8	47.967144935319254
1.180531625E8	58.25420029532476
1.18769558E8	59.174786375449585
1.19538293E8	57.945305516179275
1.2014897E8	58.84417982443208
1.205333375E8	49.795984035634426
1.21075763E8	49.30454257748859
1.21844498E8	52.989281510249064
1.225916085E8	31.69046265371951
1.22975976E8	46.47872660978191
1.23381968E8	55.565781210285856
1.24150703E8	54.28542995962698
1.24919438E8	51.61485430527836
1.253769895E8	49.10074627467488
1.25761357E8	44.46450366142542
1.26456908E8	46.923398416990125
1.27225643E8	46.67691934797497
1.277254535E8	42.12690091202328
1.28109821E8	41.581844939900336
1.28763113E8	51.368285709836364
1.29531848E8	50.59493024401466
1.300272615E8	40.411719568390055
1.30411629E8	42.74237425149413
1.31069318E8	37.16951158697938
1.31838053E8	47.04208517183347
1.322676755E8	46.34399944719817
1.32652043E8	50.262783443025434
1.33375523E8	50.853407752783866
1.34030498E8	49.98331275429576
1.344148655E8	34.67940777628612
1.34912993E8	47.59667497563051
1.35681728E8	48.13029668744743
1.361569665E8	44.00681227734871
1.36541334E8	30.847484809303143
1.37219198E8	39.59029261175048
1.37895604E8	41.87815273304932
1.382799715E8	38.39243745455032
1.38756668E8	44.85755411555631
1.39525403E8	42.82608757639473
1.400102465E8	44.58700020136985
1.40394614E8	43.13368464232154
1.41062873E8	53.038134309450705
1.417121025E8	49.46684112510754
1.4209647E8	42.48889567752285
1.42600343E8	45.37792326290303
1.43369078E8	45.9447020260455
1.437831155E8	9.474794610956682
1.44167483E8	40.44141106725587
1.44906548E8	30.150290014672127
1.45465214E8	25.782571534140953
1.458495815E8	45.84408023724782
1.46444018E8	43.931084902074886
1.47106683E8	44.05808882284639
1.474910505E8	46.955100479379716
1.47981488E8	38.32039707347769
1.48737048E8	37.28695451618703
1.491214155E8	30.98238974015203
1.49518958E8	44.98514471010228
1.50287693E8	49.16955504645794
1.50728883E8	52.21098824614923
1.511132505E8	50.716508532548545
1.51825163E8	49.4806770723048
1.52332369E8	46.439081480742296
1.527167365E8	58.30389020423401
1.53362633E8	58.91483353794809
1.5389724E8	53.14677090033684
1.542816075E8	29.40397691830898
1.54900103E8	28.81330147239563
1.55461321E8	31.787444220816834
1.558456885E8	55.06747268265481
1.56437573E8	57.0309340537198
1.57018682E8	50.53830756577448
1.574030495E8	14.95340517838312
1.57975043E8	25.306401314671767
1.585640605E8	48.58538452393018
1.58948428E8	57.382176378468564
1.59512513E8	56.09668261531093
1.6009777E8	51.0185556501297
1.604821375E8	28.72731787646705
1.61049983E8	42.78077909281353
1.616289075E8	49.47797495681086
1.62013275E8	53.95469533811817
1.62587453E8	38.704861766892364
1.631586895E8	31.38732880811904
1.63543057E8	54.77747592604655
1.64124923E8	55.41230654920099
1.64685819E8	41.83307988534414
1.650701865E8	45.563588133217536
1.65662393E8	47.66508749057054
1.66204869E8	44.699074433010495
1.665892365E8	31.542824391129425
1.67199863E8	47.780807176839616
1.67707403E8	26.340363459429245
1.680917705E8	56.26091813165377
1.68737333E8	51.12855799252505
1.69197014E8	48.624410568878034
1.695813815E8	46.50421576966885
1.70274803E8	42.07876366094446
1.706842435E8	39.535984781998174
1.71068611E8	48.61538029590377
1.717757825E8	47.17531340556949
1.7216015E8	38.20815213419513
1.72581008E8	55.27156351058873
1.732448375E8	54.53825027645186
1.73629205E8	45.36532823632439
1.74118478E8	39.9231348442823
1.7470787E8	37.46917330717748
1.750922375E8	41.13581593541974
1.75655948E8	43.72766423220697
1.761671155E8	30.071436935422618
1.76551483E8	47.23158989108194
1.77193418E8	51.29074068907627
1.775981795E8	19.379122669779644
1.77982547E8	58.335931571330406
1.786433205E8	57.6481533800257
1.79027688E8	46.726332639027035
1.79499623E8	47.39133454700202
1.80059845E8	52.436825237251355
1.804442125E8	49.777640877609535
1.81037093E8	51.13537875413761
1.814629515E8	32.30652808691234
1.81847319E8	29.557190877132452
1.824697645E8	30.32453769035174
1.82854132E8	53.84484611878821
1.83343298E8	36.438204183533664
1.83845386E8	48.475913753778585
1.842297535E8	27.760395241158722
1.848263935E8	40.45877692464191
1.85210761E8	39.72281178046222
1.85649503E8	54.481824831982365
1.861815255E8	57.0409913321867
1.86565893E8	39.10856770469187
1.871516995E8	38.643520976611526
1.87536067E8	49.12633519952931
1.87955708E8	48.228781067532964
1.88487033E8	43.05576812210168
1.888714005E8	33.01851891967585
1.89437117E8	47.669855366047265
1.898214845E8	46.786465231266
1.90261913E8	47.89056277896447
1.907655555E8	51.31082562877736
1.91149923E8	47.23958708114526
1.917006725E8	47.95216538025485
1.9208504E8	46.06373987201244
1.92568118E8	46.83404574974269
1.93014003E8	54.44830009749912
1.933983705E8	31.867673007991275
1.939421735E8	34.566323361340295
1.94326541E8	41.21897752014867
1.948700135E8	38.42635619343909
1.95254381E8	39.8537369960791
1.95643058E8	49.15662221919075
1.96173218E8	42.05764544971563
1.965575855E8	39.20437903474876
1.970859405E8	39.46438657545678
1.97470308E8	28.202026944670088
1.97949263E8	38.046938813939164
1.98379719E8	20.96991800455757
1.987640865E8	31.678217907427996
1.99284827E8	34.23786425233874
1.996691945E8	30.281278198032073
2.001689555E8	32.61554821094985
2.00553323E8	44.446002734486484
2.01024203E8	40.325937470212764
2.0143258E8	32.85939191590291
2.018169475E8	34.66441218976215
2.023091665E8	39.8929868263746
2.02693534E8	40.021833025337024
2.03168465E8	47.570498803624446
2.035528325E8	26.155100826947667
2.04022535E8	39.235012262172546
2.044069025E8	36.8844436300852
2.048603755E8	38.31444874191375
2.05244743E8	1.5846934274371416
2.05636613E8	48.334742201233794
2.060816995E8	33.27349999199979
2.06466067E8	51.37501520253069
2.069158215E8	33.913174808863545
2.07300189E8	48.54627504281264
2.07743072E8	41.23546810918922
2.081274395E8	41.57593394860496
2.08563085E8	38.9743008857286
2.089474525E8	35.810323197539404
2.09377998E8	50.5299169801777
2.097623655E8	35.56396223446879
2.101865875E8	25.34683390271828
2.10570955E8	35.04740521564086
2.10991954E8	47.667442310661336
2.113763215E8	24.73383982309283
2.117807295E8	42.84030581561386
2.12165097E8	41.17543074903278
2.12555228E8	39.869543441478555
2.12951007E8	32.08231771857139
2.133353745E8	25.771542051625424
2.137362725E8	39.34846684236915
2.1412064E8	30.181291140206678
2.145168735E8	29.565236041890266
2.14901241E8	57.675564066706706
2.15295174E8	58.52010243115127
2.156795415E8	43.15963567179572
2.160708055E8	6.995449036337004
2.16455173E8	41.63001066330241
2.16845987E8	15.071745714844852
2.172303545E8	56.65434671525094
2.176193275E8	58.1710149824245
2.18003695E8	39.4536309685494
2.183870575E8	33.186900163178294
2.18771425E8	41.85705909300375
2.191437085E8	41.467885669766396
2.19528076E8	48.094565585464395
2.19895419E8	30.420079343244446
2.202797865E8	43.71792770374744
2.20645687E8	38.721722433218055
2.21025053E8	47.679046770618
2.21390679E8	53.412427445748236
2.217493495E8	36.55270721534119
2.22133717E8	38.76863954749275
2.22491112E8	32.9952733570624
2.228754795E8	33.91550365992344
2.232300165E8	39.591514234819805
2.23614384E8	24.719772834167056
2.239617555E8	30.156281007743452
2.24346123E8	54.992220174720025
2.2468963E8	42.3748148375626
2.250739975E8	26.801138480280674
2.254154375E8	32.81958655165869
2.25799805E8	32.865266149338446
2.261404185E8	36.53513452184663
2.26524786E8	57.11655420630752
2.2685767E8	58.352626656579766
2.272420375E8	35.74642957275754
2.275674865E8	14.220406926492942
2.27901798E8	48.195988381356436
2.282642395E8	38.913886247747726
2.28575658E8	46.66664816883043
2.289600255E8	44.2738206631774
2.29270193E8	45.676451596694726
2.296545605E8	38.170202476923485
2.299644725E8	43.7876651406326
2.3034884E8	29.710498871202553
2.30655893E8	30.29493937333631
2.309973965E8	43.14795181270586
2.313463715E8	33.42143395853167
2.31650276E8	34.65679544653533
2.320346435E8	26.98513459864436
2.32330417E8	51.500125239807005
2.327147845E8	34.42814861153909
2.33008396E8	36.113695138260496
2.333832675E8	42.822623696890275
2.336859445E8	15.181788698043693
2.33975938E8	48.86196121102136
2.343603055E8	48.410467784215854
2.346438945E8	53.78361005637162
2.35028262E8	40.53400525175471
2.353116695E8	28.581263391414627
2.35668032E8	44.30538988610221
2.359736405E8	45.222060335509724
2.36248209E8	43.99729242195125
2.366325765E8	45.83741948140383
2.36905892E8	46.26554265986687
2.372902595E8	43.462383782463384
2.375596255E8	44.854662105537926
2.378457775E8	28.912990126554085
2.38209635E8	39.665882850413105
2.384723095E8	40.45323815651894
2.38856677E8	33.23733639191998
2.391161115E8	35.61772328158488
2.394117615E8	45.993013847834156
2.39756603E8	58.607825653787536
2.40012063E8	57.269116945643276
2.403964305E8	25.956876199368992
2.40651522E8	21.021758023116636
2.40935513E8	37.109620409095875
2.41282414E8	26.94714946746319
2.415260005E8	26.8999219891494
2.41910368E8	56.70111376094913
2.42153892E8	32.59957769459641
2.423992835E8	34.46251849014758
2.427812845E8	49.017452965046374
2.430194555E8	37.0555850073105
2.43354977E8	49.21431077861207
2.436401495E8	31.318731037785096
2.43875304E8	48.536943489486575
2.442596715E8	47.953143388149606
2.44494215E8	39.01373727596518
2.447631205E8	49.04819155360056
2.451110035E8	29.544084355698974
2.45340206E8	32.55142920689314
2.45672164E8	52.9024448609214
2.45942791E8	29.236578570577954
2.46158155E8	36.74849479926796
2.46536439E8	53.02758276296137
2.46757852E8	25.99629275292992
2.469695205E8	31.019112840429734
2.47353888E8	41.56959128821574
2.47564574E8	44.65469086970398
2.47805319E8	25.36617157275945
2.48157783E8	49.75159831273661
2.48365893E8	48.986938016138524
2.486381075E8	44.52578532045121
2.489579875E8	34.02841353418597
2.49165224E8	36.17415169903934
2.49467076E8	39.33802512372675
2.4975636E8	47.18002025935863
2.499626485E8	43.186090236443235
2.502879155E8	43.216346492262694
2.5054851E8	28.647365353459517
2.507484705E8	37.677261237506144
2.510885645E8	46.30668330047966
2.51332072E8	36.675524942463625
2.51527848E8	21.205766977763975
2.51873065E8	34.267091794220036
2.5210593E8	53.690512767050365
2.5229909E8	49.67626292607637
2.52643082E8	28.58987960474009
2.5287344E8	53.793845439015335
2.53058026E8	56.02810131584452
2.5338655E8	29.68486161238851
2.53626707E8	40.52918230685204
2.53810996E8	34.4826596514422
2.541215335E8	30.122900170315987
2.543774555E8	25.99676396002188
2.545591305E8	36.67070707203682
2.54848343E8	47.93653927148912
2.551248655E8	39.701895402077504
2.553049575E8	46.285304278657485
2.555674465E8	26.088686154400047
2.55866877E8	43.057568199669404
2.560427725E8	38.88292683944976
2.562705875E8	40.7207685202
2.56600938E8	24.457011350063723
2.56774153E8	40.78773571305
2.569624935E8	36.095637438966754
2.57304699E8	54.759011353643544
2.57500726E8	34.56669508070503
2.576711905E8	26.91624228899975
2.57986484E8	42.314040442057
2.582258865E8	58.54171704573026
2.583930965E8	48.23803959683974
2.586566015E8	48.416985806501714
2.58942833E8	37.469121509328886
2.5910475E8	31.67611973918058
2.593058495E8	45.77459683542889
2.59625725E8	40.8683752244185
2.59808993E8	45.37733505228814
2.59968316E8	30.543104009385633
2.60263454E8	36.25797733202585
2.60511936E8	47.65284123240093
2.60669987E8	45.105126204270846
2.60895678E8	47.452773781817264
2.61207803E8	36.811313375882264
2.613664795E8	54.001718085172364
2.61520696E8	45.1306198224761
2.61824593E8	56.71450533374648
2.62058165E8	39.39043160073474
2.622109925E8	37.989364237358444
2.624361765E8	59.118351071382435
2.627407855E8	24.75284144849926
2.62899969E8	28.754185778410065
2.63050826E8	34.379432029692985
2.633441895E8	40.63555752709623
2.635851015E8	22.70406629784767
2.63733667E8	10.900877456597767
2.639380475E8	44.003450910967906
2.64231582E8	33.25513978801907
2.64411569E8	34.05268235069112
2.645558915E8	16.76588388299883
2.648102425E8	45.938999942347984
2.65083559E8	34.21654519316313
2.65224529E8	52.5993486827702
2.653750005E8	41.481810972368926
2.65651351E8	37.31184970866533
2.65885247E8	37.50401771213894
2.66021552E8	41.270722665463424
2.66196816E8	42.46154952942779
2.664682985E8	34.617458503996815
2.66677402E8	23.338145495032833
2.668104465E8	20.92451603967569
2.670024795E8	41.87041324979749
2.672676815E8	11.550197380299055
2.67460016E8	28.060369046428978
2.67590504E8	21.058717124061822
2.67790844E8	35.56028032072166
2.680494615E8	29.561614551386654
2.68233489E8	45.59254153313077
2.683623315E8	37.91605908835581
2.685626535E8	46.310037256828
2.688141505E8	39.17062866803029
2.68998196E8	31.246127701829842
2.691212125E8	34.50310968040676
2.69305491E8	27.277808633012008
2.69544969E8	40.707369589928135
2.69745058E8	36.223674985095684
2.698635095E8	45.578850229606466
2.700194335E8	46.41227564542538
2.7025476E8	36.31248647169775
2.704832035E8	49.4213842107303
2.706000615E8	56.18836161081764
2.707192135E8	27.30821869702274
2.70946674E8	36.19483484212345
2.711728175E8	28.99792292232977
2.713243835E8	13.54130783124685
2.714361945E8	31.386086692762042
2.71620605E8	44.58133131901155
2.718435565E8	48.96478409374618
2.720435135E8	33.54125512620574
2.721547675E8	20.569980287849052
2.722872195E8	32.895410888401905
2.725064275E8	38.19447560435439
2.727249785E8	33.04010017028194
2.72867561E8	42.537147144596396
2.729767215E8	34.830172692439255
2.731596875E8	28.975868070731117
2.733731465E8	16.477923480909276
2.73574548E8	23.881347589000146
2.736806165E8	10.031482474145934
2.737972355E8	46.909134645449676
2.74008185E8	27.034256461739997
2.7421821E8	34.966167909347966
2.74380672E8	52.8799060475999
2.744841805E8	43.50299300860609
2.746317545E8	26.061040755105225
2.74835029E8	36.722049419343236
2.750368585E8	48.65006174578791
2.751721665E8	19.003875842599797
2.752717585E8	33.4638675384543
2.754346305E8	51.95653110548173
2.75629477E8	49.53796490576273
2.75822252E8	51.09662174042394
2.75947145E8	26.32208060813445
2.760430425E8	27.418728132033632
2.762057895E8	47.56900581852517
2.763968555E8	46.55798395354649
2.76587426E8	30.80470404313037
2.767135505E8	29.13047015482692
2.76808458E8	35.03655299480258
2.76967139E8	51.958812535769496
2.77156076E8	31.60129317650249
2.773432765E8	34.432725317275136
2.774748495E8	28.289220913555102
2.775673295E8	31.641566259032686
2.77713495E8	17.28495498649384
2.77897569E8	34.50899610663781
2.780813245E8	24.93478107204615
2.78227624E8	44.25840287132383
2.78318713E8	27.837609014047
2.78445831E8	46.19628667834317
2.78624475E8	40.06385601731332
2.78799759E8	34.23735333250133
2.7896884E8	48.997249860420666
2.79055951E8	24.50305215198832
2.791480645E8	46.346214300247986
2.793219045E8	22.15826240761343
2.794951505E8	21.8835542607315
2.796670295E8	41.543373381397565
2.797860375E8	39.128224955808456
2.798713395E8	49.14658126207145
2.80007599E8	42.24380708712265
2.801762495E8	49.84681392561589
2.8034403E8	45.39017118970139
2.80507948E8	40.24937281165968
2.805915035E8	38.2654773573809
2.80677891E8	27.97412179791322
2.80844071E8	26.525661015523422
2.810100155E8	35.91384984223226
2.81175222E8	36.60625825178387
2.813072575E8	33.817992108894664
2.81389511E8	34.46359111885408
2.81503931E8	33.44627269190659
2.816671245E8	29.920454234355578
2.81829173E8	40.896433552474754
2.819906385E8	43.965809138931746
2.820985375E8	29.627277377988474
2.821788915E8	27.158657995066157
2.823119855E8	30.401428194851373
2.82471554E8	41.52540416849752
2.8263049E8	40.83537268339413
2.827887405E8	56.817399174570994
2.82881078E8	12.373364739542225
2.829592085E8	21.523046270110484
2.831008305E8	46.802312241305714
2.832545715E8	36.67533573812426
2.8340819E8	42.32188862696913
2.8356106E8	25.744904707815916
2.83650187E8	7.989510736088158
2.837259075E8	27.9231893522608
2.838639935E8	43.40918806589341
2.84014566E8	3.1127801592431865
2.841642325E8	31.6214110374102
2.843131325E8	34.82855170181779
2.844097475E8	29.72334912150499
2.844837785E8	33.41581897446544
2.84609444E8	35.274431169472784
2.847568575E8	33.48578468238109
2.84903889E8	46.12889080468519
2.850507725E8	20.081701386179812
2.85162443E8	29.557552697762453
2.85235427E8	23.21278640076491
2.8534268E8	24.238861311672682
2.85486983E8	33.00831392480313
2.85630282E8	24.872556254718194
2.85773144E8	54.18760620610497
2.859069595E8	23.442370576352754
2.859767315E8	37.87649265442155
2.86052856E8	31.792527064189656
2.861903485E8	51.3071529888342
2.86326707E8	52.3530809439709
2.86461012E8	38.13383759284218
2.865942015E8	39.558620801740894
2.866994605E8	9.971308107522198
2.867650045E8	7.574110324593832
2.868562865E8	33.1926210797643
2.86985097E8	32.133312484596445
2.87113018E8	44.54358107016687
2.872400565E8	37.44645689806832
2.8736678E8	32.16018225647417
2.874684495E8	29.936631155110373
2.875308515E8	47.89934865857496
2.876171135E8	17.798490113680852
2.877417145E8	34.051051838825195
2.87865989E8	36.007477587339025
2.87989856E8	35.18398754042797
2.881135245E8	41.175580425745736
2.88225463E8	24.546995196707346
2.882869705E8	35.19043709838989
2.883595355E8	44.66898821550061
2.884818635E8	55.289432742674435
2.88604014E8	45.336317117776574
2.88725668E8	34.893938008123534
2.88845977E8	39.663691725042966
2.889652565E8	50.18066833535785
2.890345995E8	40.60030699412707
2.89094055E8	17.359528733522552
2.892031115E8	44.96670174210129
2.893211245E8	27.84359904744128
2.8943711E8	36.97092989271679
2.89550763E8	42.81478425291584
2.896633655E8	30.621871386650437
2.897663725E8	41.04948256672323
2.898226395E8	40.48011111219598
2.89887659E8	32.01743090110445
2.899984115E8	41.674474158426335
2.901089365E8	50.890127148116655
2.90218437E8	29.39658522057203
2.903262345E8	38.82578910698587
2.9043256E8	35.64361847499317
2.905335855E8	12.534167980073642
2.905862925E8	56.61348152334307
2.906432345E8	24.041290161652412
2.907479405E8	37.791479788904766
2.90851896E8	26.317050850844183
2.90955247E8	28.044586049235185
2.91058116E8	50.15741708426682
2.91160204E8	27.248953908260084
2.912615545E8	30.4748062812688
2.91331315E8	27.815781193553274
2.9138107E8	34.5618761431931
2.91461273E8	35.205459629201
2.91559725E8	4.849253812735172
2.91657178E8	33.61479880050787
2.917545145E8	24.377518133085033
2.91851644E8	31.67394607682539
2.91948596E8	5.317744431734069
2.920451375E8	40.106216598633914
2.9210626E8	47.883669711794674
2.921538905E8	58.49810352055267
2.922360205E8	23.55581930647598
2.923310645E8	33.64493848383972
2.924255295E8	33.26640131759539
2.925187585E8	31.0300600907922
2.92610929E8	6.879628062103566
2.92702327E8	33.79414883896085
2.92792108E8	26.97981919993541
2.928622145E8	37.06591806645253
2.929062585E8	37.896263013444816
2.92967363E8	33.23602792513841
2.930529085E8	26.609313202004127
2.931380435E8	19.534477126967627
2.9322235E8	24.930066506181404
2.93305647E8	14.557618583278789
2.93388439E8	30.855107578865677
2.93470965E8	35.58059036978682
2.935531875E8	35.39997909563853
2.936254925E8	4.679456762578463
2.936664795E8	4.435552699852096
2.9371692E8	29.549216939752736
2.937980535E8	25.849256848878053
2.938782955E8	45.94919105286264
2.93957456E8	59.04616365227751
2.940359865E8	28.476770334118374
2.94113718E8	42.52423156496781
2.94190606E8	36.3623265045798
2.94267212E8	4.933739716522946
2.9434356E8	8.485847453823911
2.94403587E8	33.657379922720644
2.944416325E8	25.581364423661345
2.944955125E8	27.83051356968453
2.9457076E8	33.09147785384552
2.9464554E8	24.153269214641323
2.947198625E8	37.356154078072734
2.947938495E8	6.050652406944222
2.94867693E8	38.783125036789244
2.94941437E8	25.427247666454797
2.950150255E8	25.605640273389646
2.9508846E8	41.84969030423576
2.951596985E8	22.087060265507567
2.951959055E8	26.009480494523093
2.9523318E8	7.075542060522812
2.953042615E8	7.897795255545358
2.95375117E8	16.38431530910924
2.95445692E8	39.37642399359422
2.95515887E8	51.543273354422794
2.955858525E8	0.9751274135812662
2.956554665E8	47.50796860237573
2.957244435E8	4.804801455515194
2.957929165E8	29.826495610974938
2.958609135E8	13.297014743511637
2.959283655E8	21.624870047792495
2.95962472E8	11.70706106870229
2.959959795E8	9.600426349184003
2.960623185E8	16.756955974212303
2.961285905E8	43.33357833801833
2.961944545E8	30.8674856132003
2.96259386E8	35.278609122669856
2.963231915E8	38.79939184489382
2.963866495E8	42.50184765084393
2.964495135E8	39.66514501632004
2.96511883E8	3.5321699565436537
2.96574108E8	8.977304063407692
2.966360135E8	46.452895076221026
2.966975155E8	10.200374400567373
2.967299425E8	43.722522522522524
2.967605265E8	28.569762830900977
2.968197085E8	26.631122032919013
2.968803715E8	28.09355758346215
2.969406465E8	30.844052529118684
2.970003935E8	23.741719584222142
2.97059853E8	58.56744763261581
2.971191925E8	44.90543784525266
2.971783685E8	30.85444533984004
2.972373605E8	29.09686572719295
2.972962345E8	29.538571569350587
2.973550285E8	31.647695502666764
2.974136535E8	31.758720350621545
2.974716695E8	2.395039145386698
2.975006415E8	0.0
2.975297915E8	37.54010210932255
2.975874835E8	30.983238995438807
2.97644944E8	13.802344689108091
2.977022745E8	26.04837333059975
2.977593955E8	27.338156431191575
2.97816386E8	39.99898370652067
2.97873337E8	22.605266052891643
2.97929694E8	47.44877814543833
2.979853355E8	19.856990343362874
2.98040566E8	43.45085766432766
2.980954345E8	10.353397799858055
2.98150189E8	43.72917455852271
2.982045775E8	30.871993033304204
2.98250394E8	19.042843039997297
2.98277297E8	15.4164555588578
2.98312184E8	13.949214601594573
2.983655255E8	4.684943865276664
2.98418571E8	41.61733126919523
2.98471025E8	21.21726059539522
2.985229515E8	39.78548424679194
2.98574718E8	34.297170216375505
2.98626245E8	6.940770261990986
2.986775555E8	40.94112567995954
2.987287515E8	26.08042395867379
2.9877965E8	52.30204489595281
2.98830158E8	22.392115765033893
2.98880377E8	8.086066681524827
2.9893041E8	32.95341061009768
2.989803155E8	51.34428957509634
2.9902156E8	30.399009317343985
2.99046443E8	23.91170546301648
2.990795815E8	36.65626652682043
2.991287095E8	25.670435851561336
2.991776335E8	30.81559928897918
2.99226409E8	27.699050273685213
2.992750675E8	1.8593286288992943
2.99323612E8	26.63846140736575
2.993721015E8	41.89705570806397
2.99420364E8	28.661004256287267
2.994682855E8	25.862859792224874
2.995160355E8	37.16183145483979
2.99563736E8	32.25428773977122
2.99611366E8	32.37893092292544
2.99658856E8	10.354604512647258
2.99706222E8	29.517038224758934
2.99753043E8	31.759883951708936
2.997914265E8	28.624656039759987
2.998145535E8	33.75080157687253
2.998454455E8	29.33830480501435
2.998912785E8	49.07986408167972
2.999369015E8	6.996829419828207
2.99982407E8	19.849205069407812
3.000278035E8	14.396100926421973
3.00072936E8	28.385371348663767
3.001178095E8	9.673567517368424
3.001626E8	5.510012322858903
3.002072585E8	40.8348804648856
3.0025153E8	38.571880302002036
3.002951105E8	30.451990557990996
3.00338256E8	42.5421795772301
3.00381246E8	27.330915786954556
3.00424041E8	30.47340218216297
3.00466617E8	32.075531822591714
3.00509036E8	26.135976780297323
3.005513965E8	30.309058202903234
3.005739685E8	23.70667622118715
3.0059498E8	34.86983297174373
3.006355E8	41.962456323420135
3.00677186E8	4.649046472031311
3.00718655E8	30.52294117647059
3.007599975E8	46.87819081454227
3.008009635E8	43.31946786512003
3.00841504E8	47.23646330335467
3.00881871E8	23.569367411536827
3.009221625E8	22.19051934301206
3.00962411E8	31.64316903861465
3.01002529E8	7.382986966862899
3.010424755E8	29.422965580892782
3.010823325E8	41.82310507009515
3.011221535E8	30.157530436932205
3.01161883E8	4.599530722420404
3.012013185E8	27.80305406663105
3.01240271E8	6.907313214181072
3.01278813E8	30.90670848090535
3.013171725E8	27.93361513842832
3.013402245E8	42.01762007899095
3.01359325E8	41.93903789289948
3.01393599E8	29.395276730674063
3.01431711E8	5.64024866871855
3.014697935E8	24.03566545071299
3.015075635E8	31.872490300766547
3.01544826E8	31.48254158712844
3.015818905E8	18.9454055922429
3.01618727E8	42.78114441279312
3.01655231E8	3.1000877296576856
3.01691575E8	13.038697493577727
3.01727817E8	58.1389701260171
3.017639465E8	20.211031671913364
3.018000005E8	26.338676233791915
3.018360275E8	15.9355076378997
3.018718265E8	36.64408269460657
3.019074095E8	4.084633160023108
3.0194275E8	42.76484748083979
3.01977819E8	6.544522920536825
3.020128525E8	24.52837894959315
3.02047874E8	8.56138568883762
3.020828745E8	9.81456728369079
3.021066125E8	5.334605507567068
3.021240165E8	9.54955294484587
3.0215234E8	36.15743860521912
3.021865385E8	26.47752371214866
3.022202135E8	27.834649525558618
3.02253491E8	9.105460519267169
3.022863395E8	43.74635129063582
3.02318457E8	13.14596094445317
3.023501625E8	10.157779300891022
3.02381257E8	23.77438861648505
3.024117055E8	27.174717555040555
3.024418645E8	24.416228768086444
3.024718665E8	33.77698739254475
3.02501802E8	34.12553251113871
3.0253152E8	33.241623916445235
3.02561013E8	6.339100207037825
3.025904035E8	6.19496903203789
3.026196635E8	43.71095880315425
3.02648696E8	0.9040202848793784
3.026774925E8	25.282641607935265
3.0270614E8	30.226306028565237
3.0273473E8	37.99849973848652
3.0276322E8	21.950750174459177
3.02791553E8	2.9999635238687525
3.02819683E8	32.62159194282001
3.02847463E8	34.66455136958792
3.02871419E8	31.380564734373518
3.028851665E8	24.557617232351994
3.029023805E8	36.39005230211679
3.02929608E8	16.88004833816575
3.029566585E8	36.721102167737314
3.02983539E8	49.64636010484137
3.030103E8	45.51773290180042
3.03036936E8	48.662443434358686
3.030633795E8	26.96809909348834
3.03089659E8	50.42998825130104
3.031158375E8	26.978548895899053
3.03141897E8	22.629361694304517
3.0316784E8	4.538201288119811
3.03193613E8	36.117695715398476
3.03219033E8	49.05394813616213
3.03244142E8	29.783241850565698
3.03269183E8	32.331307000489986
3.032941495E8	26.593484601401627
3.03318984E8	37.553665527643226
3.03343729E8	9.05126348965932
3.03368407E8	28.3448123789619
3.03392961E8	25.90099677136748
3.034173935E8	2.313180169286578
3.034417695E8	45.98698557334837
3.03466092E8	26.85083632044102
3.03490315E8	20.218299759504003
3.03514472E8	36.12560686934324
3.03538466E8	9.56971267392742
3.035622675E8	41.77514765342196
3.03585904E8	35.45676218611521
3.036094165E8	8.257764523440295
3.03632882E8	47.21062109623058
3.036474595E8	36.328165048193206
3.03659146E8	32.70115203021719
3.036795675E8	13.11956795893236
3.03702759E8	51.77809486359902
3.037259045E8	31.31756763742001
3.03749014E8	36.79469216228151
3.037721115E8	24.58116373870514
3.03795153E8	17.976077143435862
3.038181055E8	8.785620087222208
3.03840977E8	46.733802642163354
3.038636995E8	38.36001775239595
3.038862345E8	35.43179181837078
3.03908542E8	38.61817073996344
3.03930611E8	36.94133549501619
3.039525865E8	2.434105341595849
3.03974351E8	35.0286431763192
3.039958025E8	16.644785337184977
3.040171415E8	4.422004463876235
3.04038313E8	38.19373228654266
3.040591685E8	25.214073686048543
3.04079863E8	29.061027800307166
3.04100481E8	43.922857074889805
3.04120937E8	30.70601883121346
3.041411265E8	29.273280468782435
3.04161089E8	7.442457417569791
3.041809935E8	36.67945819578426
3.04200889E8	11.675022188131257
3.042207195E8	39.325368045422366
3.042404435E8	39.124967652386665
3.04260093E8	16.300370059396087
3.042797115E8	28.58776657312155
3.04299283E8	5.3963730303311
3.043188045E8	26.446543743834887
3.0433822E8	1.5511565836298933
3.04357514E8	39.901166015972535
3.043766445E8	13.13790300731509
3.04395624E8	3.554661269095284
3.044120845E8	9.411458333333334
3.044215395E8	28.210681399631675
3.044334495E8	20.040900373891088
3.044520715E8	33.23161329991014
3.04470397E8	32.34556476032008
3.04488589E8	37.65363400389358
3.0450666E8	14.81852184320766
3.0452464E8	24.880610795454544
3.04542522E8	6.2416158176056005
3.04560353E8	35.38604502488698
3.045781455E8	44.384820094451776
3.045958945E8	3.769511334612059
3.04613409E8	23.684599014416108
3.04630615E8	31.94160965354656
3.046477165E8	24.686863677068263
3.04664782E8	31.156612474104296
3.046818275E8	5.177988496813306
3.04698855E8	48.669148249819735
3.047157445E8	21.711703445862224
3.047322845E8	42.433577389135785
3.047485745E8	5.076837253679893
3.047647915E8	12.454432372334688
3.04780937E8	9.347055517932018
3.04797045E8	24.429514028343565
3.04813105E8	48.94237848955927
3.04829099E8	19.309615384615384
3.04844809E8	12.113808040917869
3.04860144E8	12.102816690377344
3.04875228E8	48.52645601016643
3.048899345E8	13.41708503359301
3.04904393E8	35.78953321618292
3.04918797E8	5.414047968673519
3.04933121E8	21.920998845389807
3.049473325E8	3.72834141786796
3.049613855E8	47.89286995305896
3.049753525E8	2.103592774383118
3.04989176E8	16.88991672997572
3.050028535E8	12.910699748699253
3.050165075E8	32.24138820948661
3.05030149E8	6.064894752158308
3.05043766E8	7.17874292266896
3.05057328E8	3.5760921274955297
3.050707775E8	20.109668585756943
3.050840815E8	3.343290867379314
3.050973185E8	3.178724708767627
3.0511055E8	20.335494531434417
3.051237565E8	3.373017137395025
3.051369355E8	4.092182020778029
3.05150043E8	36.65838193772775
3.05163013E8	27.012771351608304
3.05175888E8	34.721155721320265
3.05185055E8	0.0
3.051914585E8	26.47314662273476
3.052015075E8	21.426240888580352
3.05214187E8	3.265120048627292
3.052267085E8	39.1858255161066
3.05239162E8	33.97589972406505
3.052514665E8	32.12938367817354
3.052635855E8	11.646746347941567
3.05275651E8	45.12470703657274
3.052876965E8	10.388494296654779
3.052997075E8	27.86825426290806
3.05311672E8	18.52329040042652
3.053236175E8	31.766611483181578
3.053355615E8	26.862888482632542
3.05347491E8	35.649179231901996
3.0535937E8	16.51761317068901
3.053711045E8	6.4605263157894735
3.053827095E8	28.584291002112362
3.05394203E8	41.60144716986437
3.05405586E8	36.80741678301604
3.05416915E8	6.382624768946395
3.054282015E8	9.59333991816001
3.054393975E8	7.970011423120858
3.05450508E8	30.097784882393242
3.054616145E8	28.55957632398754
3.05472713E8	22.87008461921354
3.054837595E8	47.680034474605485
3.05494683E8	42.04127021326459
3.055054885E8	26.410480113298522
3.055161465E8	2.254029747492217
3.05526661E8	18.5005116709712
3.05537127E8	5.813214027242421
3.055475015E8	32.51963003998266
3.055577785E8	9.548401666471985
3.05567969E8	4.8722365494025235
3.05578E8	15.962850744302463
3.05587934E8	32.8336881319851
3.055978485E8	18.769346686340377
3.056077465E8	8.190457623099823
3.05617534E8	44.15234987280623
3.05627204E8	29.872055796935744
3.0563683E8	35.79466189722776
3.056464125E8	29.821308411214954
3.05655943E8	15.032749649628688
3.05665429E8	1.256198347107438
3.056749135E8	53.83531808590624
3.05684391E8	37.54377785863731
3.056938605E8	50.48610014014524
3.05703288E8	29.582429830783262
3.0571261E8	23.226805767118922
3.057218545E8	2.3200932821785902
3.057310705E8	29.41182724053514
3.057402675E8	36.6328164082041
3.057494535E8	37.193975018368846
3.057585785E8	33.71583069177699
3.05767648E8	6.6370404789176805
3.05776642E8	41.67004868426575
3.057855425E8	26.75808816994045
3.05794349E8	26.6898481215028
3.05803082E8	17.734173098974825
3.058116615E8	45.35738390795524
3.058200515E8	30.600118460019743
3.058282875E8	36.7430933655979
3.058363865E8	54.225793063375896
3.058444065E8	43.096416825341876
3.058523285E8	15.26087720178652
3.058601015E8	3.477744263169297
3.058677105E8	6.344827586206897
3.058752425E8	56.913490394626706
3.05882709E8	18.492454466608848
3.058900985E8	35.909366415595926
3.05897348E8	46.506960689222346
3.059044835E8	6.35499207606973
3.059115865E8	1.6703583521444696
3.059186575E8	20.65053302291386
3.059257075E8	29.203310344827585
3.059327345E8	18.0499406792229
3.059397415E8	0.033117673435398114
3.05946737E8	17.952402162037533
3.05953382E8	3.512896663511852
3.059568435E8	5.707135250266241
3.059606085E8	2.9526527371085414
3.059675075E8	27.851143607049117
3.05974393E8	0.12624584717607973
3.059812595E8	26.793071414747434
3.0598811E8	13.036424196841088
3.05994947E8	10.268563660228764
3.060017745E8	2.228684695034079
3.06008546E8	33.353221545882626
3.06015243E8	13.983669214732453
3.06021916E8	1.8223303924551262
3.06028584E8	9.26163437411077
3.060351805E8	0.32567049808429116
3.060416715E8	52.73353042403918
3.06048088E8	16.194836736529638
3.06054431E8	29.815614925215367
3.06060702E8	22.645061206069837
3.06066934E8	10.554749249608879
3.060731045E8	18.62422231439237
3.06079204E8	0.5659777424483307
3.060852755E8	53.18861842836501
3.06091306E8	29.062305295950157
3.060973105E8	27.69340858268555
3.06103308E8	32.49110698168304
3.06109298E8	26.504345448508875
3.06115231E8	37.04838709677419
3.06121083E8	5.372750642673521
3.061268995E8	56.222897016275674
3.061326905E8	23.276759776536313
3.061384525E8	14.110890110278108
3.06144196E8	10.729411764705882
3.06149915E8	23.19993720744377
3.061556135E8	33.00413096695227
3.061612865E8	30.250772838716554
3.061668935E8	19.442211437946955
3.061724375E8	38.35313874749762
3.06177958E8	1.5584415584415585
3.06183465E8	15.67432950191571
3.0618895E8	38.40924599637292
3.061944175E8	31.941397153945665
3.061998695E8	55.93877052682986
3.062052965E8	22.0
3.062107035E8	16.7817720907774
3.062160895E8	40.154806295874714
3.06221455E8	14.001236342725704
3.062267975E8	21.853783231083845
3.062321055E8	6.043737574552684
3.062373925E8	40.0
3.062426715E8	2.3859269932756964
3.06247945E8	34.01408483877806
3.062532015E8	0.0
3.062584425E8	52.09601205470628
3.06263673E8	27.637959341349173
3.062688905E8	49.243565928478034
3.06274102E8	38.68262703147501
3.06279276E8	31.004636995478144
3.062844135E8	36.9441210304319
3.062895485E8	10.325417766051011
3.06294667E8	0.0
3.06299761E8	4.673642763904047
3.063048415E8	4.638931229265668
3.063099165E8	50.80638539805366
3.063149815E8	0.0
3.063200175E8	0.0
3.063250325E8	56.37096029973607
3.06330018E8	1.6403326403326404
3.063349735E8	0.0
3.063399235E8	30.320388349514563
3.06344861E8	3.5505592330518145
3.063497735E8	42.33946783472803
3.06354609E8	4.459834428985187
3.06359362E8	2.7723440134907253
3.06364072E8	30.34434100930916
3.06368756E8	2.730073214532394
3.063734225E8	12.385098850391822
3.063780725E8	17.214098360655736
3.06382707E8	48.863236984726555
3.063873235E8	50.875
3.06391931E8	2.916061517396513
3.063965295E8	9.519209269234679
3.06401082E8	5.328341549623291
3.064055785E8	46.26287581219486
3.06410055E8	3.121254355400697
3.0641452E8	8.769891669779604
3.0641896E8	0.0
3.064233765E8	40.00860016893189
3.06427766E8	0.22078839542222012
3.064321085E8	7.1666660815408
3.06436424E8	0.027445652173913045
3.06440737E8	13.245913818722139
3.064450465E8	2.458692971639951
3.06449342E8	9.07569721115538
3.06453625E8	0.0
3.06457902E8	21.87164220922495
3.064621725E8	31.98016024418161
3.06466441E8	31.37158037946757
3.06470704E8	59.73168103448276
3.064749595E8	5.221119400532422
3.064792095E8	24.681262729124235
3.06483446E8	18.19797953293099
3.064876545E8	0.42630407911001234
3.064918455E8	9.253187613843352
3.0649603E8	23.273483957134225
3.065001735E8	0.0
3.06504273E8	21.849705823123774
3.065083565E8	0.0
3.06512427E8	39.348463210183176
3.06516488E8	43.80003246753247
3.065205265E8	16.103451828954146
3.065245425E8	10.369904696291194
3.06528524E8	29.23076923076923
3.06532471E8	4.710082071128311
3.065364115E8	59.675925831228206
3.065403375E8	40.0
3.0654423E8	16.51647826578984
3.06548097E8	0.7601246105919003
3.0655195E8	1.0617283950617284
3.065557735E8	17.180406852248392
3.06559577E8	32.65825441992816
3.065633635E8	8.135767256132345
3.065671335E8	22.082048811817597
3.065709005E8	24.569326201059795
3.065746505E8	7.433551472438963
3.065783835E8	11.071501014198782
3.06582112E8	12.544819749647196
3.06585833E8	25.20251572327044
3.06589543E8	23.116612600307324
3.065932395E8	3.227410126308971
3.065969265E8	4.9298438159561
3.06600612E8	10.971241979835014
3.066042955E8	10.897941804855424
3.06607968E8	24.5908203125
3.0661163E8	6.977658520855886
3.066152875E8	26.14836272040302
3.06618939E8	0.0
3.066225875E8	10.427536231884059
3.066262295E8	0.5347843043139138
3.066298605E8	25.788072289156627
3.066334545E8	0.0
3.06637011E8	18.13131313131313
3.0664056E8	8.932559178204556
3.066440915E8	1.037513269440665
3.066476025E8	56.29315167840862
3.066511055E8	7.33258961773018
3.06654603E8	12.961175346919283
3.066580945E8	21.204539017136383
3.066615705E8	8.518518518518519
3.06665033E8	58.96093263752574
3.06668493E8	22.352941176470587
3.066719485E8	12.680674884821318
3.066753845E8	13.116895076106386
3.06678798E8	15.58909853249476
3.066821985E8	0.6569832402234637
3.06685591E8	0.0
3.066889815E8	43.91268766226436
3.066923705E8	3.3721986987503874
3.066957585E8	3.827529021558872
3.066991455E8	56.061610435901876
3.067025305E8	1.2884557268056815
3.06705914E8	0.5289206215875683
3.067092965E8	0.0
3.06712672E8	34.034246575342465
3.06716041E8	18.536929611449914
3.067194095E8	37.38679422751337
3.067227775E8	2.0640013001787745
3.067248635E8	8.74818401937046
3.06726541E8	10.027072758037225
3.067294915E8	17.892004153686397
3.067328405E8	19.51691781199978
3.067361665E8	10.137852246763138
3.06739469E8	0.0
3.06742768E8	18.571428571428573
3.06746065E8	27.70322131636508
3.067493595E8	39.28805963217537
3.067526505E8	1.667650531286895
3.06755933E8	0.0
3.067591995E8	8.161118083771193
3.067624565E8	0.4255599675767743
3.067657115E8	3.68646717284502
3.06768965E8	43.008665511265164
3.06772208E8	11.274550905501256
3.067754395E8	3.8312159709618876
3.067786575E8	38.66031779811308
3.067818625E8	42.245298257759316
3.067850465E8	37.51001482601239
3.0678821E8	13.136887608069165
3.067913705E8	7.369758127846709
3.067945245E8	0.0
3.06797666E8	36.34025670207385
3.0680079E8	0.0
3.06803903E8	27.275056306306308
3.068070135E8	21.818181818181817
3.068101235E8	5.708229314597504
3.06813233E8	13.377830771052142
3.068163365E8	28.23851383833528
3.068194285E8	40.0
3.06822513E8	2.3074783778001895
3.068255925E8	3.705839727195226
3.068286625E8	34.40857021637675
3.068317255E8	0.4088852376137513
3.068347845E8	0.15225707727620505
3.068378385E8	4.451612903225806
3.0684088E8	0.0
3.06843903E8	5.734090833249908
3.068469175E8	12.048022717417153
3.068499285E8	8.31236808780076
3.068529315E8	17.319706629255386
3.06855925E8	1.1483253588516746
3.06858904E8	18.544681147798194
3.06861871E8	19.555555555555557
3.06864829E8	22.06109141296817
3.068677785E8	0.0
3.06870722E8	37.301117568171655
3.068736605E8	13.953170386114063
3.06876586E8	14.586809683345942
3.06879498E8	0.08727272727272728
3.068824045E8	0.0
3.068853035E8	3.947870499345743
3.06888198E8	0.0
3.0689109E8	0.0
3.068939665E8	0.0
3.06896809E8	24.83258785942492
3.068996235E8	31.05
3.069024245E8	11.621621323204664
3.06905212E8	13.895739910313901
3.069079905E8	7.67639047535366
3.069107675E8	2.0768025078369905
3.06913543E8	38.303433343643675
3.06916313E8	0.0
3.06919067E8	0.36089970532742577
3.069218095E8	19.38221455844316
3.069245455E8	25.78939393939394
3.06927266E8	0.3463817001615692
3.06929975E8	43.37000343997248
3.069326695E8	22.7125
3.069353465E8	6.757004830917874
3.06938016E8	39.359375
3.06940674E8	0.06180929242254124
3.06943317E8	2.8297911322828875
3.069459505E8	14.216867469879517
3.069485655E8	0.0
3.06951153E8	0.1142263759086189
3.069537225E8	2.29640919039386
3.069562725E8	4.548223350253807
3.069587885E8	0.0
3.069612825E8	6.1818972574703235
3.069637735E8	16.377986781901374
3.0696626E8	0.6669143797441478
3.06968739E8	19.011636167658803
3.06971213E8	2.210526315789474
3.06973672E8	0.0
3.069761095E8	0.0
3.06978536E8	1.8026918671248569
3.0698095E8	0.0
3.06983354E8	13.632286995515695
3.06985755E8	9.542028985507246
3.06988152E8	3.027985681744224
3.06990543E8	50.440090648781904
3.069929255E8	0.0
3.069953025E8	40.71337444184563
3.069976725E8	8.199450520420564
3.070000295E8	5.676348547717843
3.07002367E8	3.0483870967741935
3.07004687E8	0.0
3.070070005E8	40.215334420880914
3.070093035E8	0.0
3.070115925E8	0.0
3.07013868E8	8.843375334994594
3.07016134E8	17.736781958632612
3.07018396E8	0.40699899753941493
3.07020655E8	0.0
3.070229135E8	0.0
3.0702516E8	1.9544134442812857
3.07027389E8	2.783349101229896
3.0702961E8	6.5960180623973725
3.070318285E8	0.5350591112922951
3.070340435E8	18.400291120815137
3.070362525E8	44.05641908509592
3.07038456E8	33.13586312044723
3.07040653E8	0.0
3.0704284E8	20.911631419939578
3.070450185E8	18.688269537890886
3.07047178E8	0.45720338983050846
3.0704932E8	20.0
3.07051452E8	43.7163668918369
3.070535745E8	0.0
3.07055696E8	0.3174633770239013
3.07057816E8	56.05449689249576
3.07059934E8	0.0
3.0706204E8	0.0
3.070641345E8	17.576923076923077
3.07066228E8	23.571032718746668
3.070683165E8	0.0
3.070704E8	0.2861635220125786
3.07072481E8	2.7956456695419676
3.07074558E8	14.121951219512194
3.070766325E8	46.0
3.070787045E8	2.6409769978657813
3.07080772E8	7.567946577629383
3.070828335E8	13.459121785540999
3.07084889E8	0.0
3.07086942E8	9.655172413793103
3.07088987E8	0.0
3.070910185E8	18.909362178291683
3.07093044E8	43.315823362129095
3.07095069E8	0.6261696618555644
3.07097091E8	25.530424650440185
3.07099108E8	10.977722772277227
3.071011185E8	31.86448694221674
3.07103122E8	16.703296703296704
3.071051185E8	37.97700015181418
3.071071095E8	51.433066029687765
3.071090915E8	2.8347724883616157
3.07111059E8	0.0
3.071130195E8	11.822222222222223
3.07114979E8	3.3
3.07116933E8	0.35386053062827577
3.071188785E8	5.553658536585366
3.071208195E8	0.7382113821138211
3.07122752E8	0.0
3.071246735E8	8.863759575721861
3.071265845E8	1.7808695652173914
3.07128479E8	0.0
3.07130355E8	0.0
3.07132213E8	0.17518248175182483
3.071340475E8	0.0
3.07135863E8	31.394585573892083
3.071376725E8	0.7831803404092561
3.07139478E8	3.1425661914460283
3.07141279E8	18.536585365853657
3.071430775E8	1.6948051948051948
3.07144871E8	2.253296321998612
3.071466595E8	0.0
3.07148442E8	6.55137731061979
3.07150216E8	39.94788650839606
3.071519825E8	12.844262295081966
3.071537425E8	0.0
3.071554995E8	6.2818870122306345
3.071572545E8	2.7567567567567566
3.07159008E8	7.0
3.071607605E8	37.27669225401256
3.071625115E8	33.45469590401324
3.07164259E8	0.0
3.07165998E8	0.0
3.071677295E8	0.0
3.07169459E8	0.0
3.07171187E8	5.714464745069586
3.07172911E8	17.81726364014994
3.071746285E8	39.5807318321392
3.071763405E8	48.74099798939865
3.0717805E8	0.0
3.07179757E8	34.2552117416098
3.0718146E8	0.0
3.07183154E8	13.346666666666666
3.071848325E8	0.0
3.071864995E8	9.7546624382509
3.07188158E8	24.59492172584956
3.07189806E8	5.2072662298987495
3.07191447E8	0.0
3.071930855E8	11.074324324324325
3.07194713E8	5.749866994919728
3.07196327E8	3.6913546997037434
3.071979365E8	1.2888686052071108
3.07199539E8	35.9292656587473
3.07201133E8	0.0
3.072027235E8	0.0
3.072043025E8	26.582278481012658
3.07205867E8	0.0
3.07207427E8	0.0
3.07208982E8	4.95733126454616
3.072105315E8	0.0
3.07212076E8	0.5622138748679423
3.072136115E8	0.0
3.072151395E8	44.81017925736236
3.072166655E8	3.616164196900017
3.07218189E8	1.0360824742268042
3.07219709E8	0.0
3.07221218E8	0.0
3.072227155E8	0.0
3.072242065E8	0.5320754716981132
3.07225692E8	0.0
3.072271765E8	1.8866920152091256
3.07228659E8	38.27267861921327
3.072301395E8	0.0
3.072316155E8	0.0
3.072330835E8	46.86633165829146
3.0723454E8	9.70522548317824
3.072359815E8	11.428000560852496
3.072374155E8	0.0
3.07238849E8	2.5219841466435473
3.072402775E8	21.0
3.072416995E8	28.952397260273973
3.072431125E8	2.109289617486339
3.072445175E8	0.0
3.07245921E8	0.0
3.07247322E8	0.0
3.072487205E8	30.928211586901764
3.072501165E8	5.800420168067227
3.072515085E8	23.894457575611405
3.072528945E8	4.966292134831461
3.07254274E8	11.012987012987013
3.072556495E8	20.6173775671406
3.072570195E8	1.1097541378756226
3.07258382E8	1.1125195129566032
3.07259739E8	0.0
3.072610935E8	0.0
3.072624475E8	0.5381777350016042
3.072637995E8	50.73622609192121
3.07265146E8	0.0
3.072664865E8	0.04053177691309987
3.072678185E8	0.0
3.072691435E8	0.0
3.072704615E8	3.9310344827586206
3.07271773E8	19.57256413344574
3.072730825E8	22.423637395912188
3.072743855E8	0.0
3.072756825E8	3.919277632724108
3.072769735E8	0.0
3.07278257E8	0.0
3.07279535E8	14.0
3.07280808E8	7.109826589595376
3.07282078E8	0.0
3.07283345E8	8.23607843137255
3.072846035E8	11.500715535061218
3.072858485E8	0.0
3.072870805E8	2.1845853823978296
3.07288306E8	0.9571938168846611
3.072895305E8	0.0
3.0729075E8	0.0
3.072919625E8	0.0
3.0729317E8	15.623588456712673
3.072943745E8	0.0
3.07295576E8	0.0
3.07296769E8	0.0
3.072979505E8	4.948979591836735
3.072991265E8	0.0
3.073002965E8	0.0
3.0730146E8	0.0
3.0730262E8	18.196402877697842
3.073037765E8	0.0
3.073049325E8	8.590361445783133
3.073060875E8	5.221052631578948
3.07307234E8	60.0
3.073083675E8	0.0
3.0730949E8	0.0
3.07310606E8	19.421124206708974
3.073117205E8	0.0
3.07312834E8	12.378604994010873
3.07313946E8	0.0
3.07315057E8	0.0
3.073161665E8	2.3135135135135134
3.07317273E8	28.101585728444004
3.073183765E8	22.588746942103832
3.073194775E8	0.0
3.073205775E8	4.572263342423062
3.07321677E8	0.0
3.073227755E8	23.0
3.073238735E8	8.103185731779277
3.07324967E8	15.506288388417666
3.07326045E8	0.0
3.07327112E8	15.682451253481894
3.07328175E8	11.338345864661655
3.07329233E8	1.4026104417670682
3.073302885E8	10.201388085598612
3.0733134E8	11.33541732895341
3.07332388E8	0.0
3.073334315E8	4.8366412213740455
3.073344645E8	0.0
3.073354855E8	13.331325301204819
3.073365005E8	4.387208297320657
3.07337512E8	23.644204851752022
3.07338521E8	0.0
3.07339524E8	13.696021308473448
3.073405195E8	0.0
3.073415095E8	0.0
3.073424955E8	0.0
3.07343481E8	0.0
3.07344466E8	0.0
3.07345449E8	24.257663628831814
3.0734643E8	0.0
3.073474095E8	0.0
3.073483845E8	0.0
3.073493565E8	0.0
3.07350326E8	0.0
3.073512895E8	0.0
3.07352248E8	0.0
3.07353193E8	12.030522545987303
3.07354126E8	1.962962962962963
3.073550565E8	0.0
3.073559835E8	0.0
3.073569075E8	0.0
3.073578275E8	0.0
3.073587445E8	0.0
3.07359658E8	0.0
3.07360568E8	5.993841781146376
3.07361477E8	0.0
3.073623815E8	0.0
3.0736328E8	0.0
3.073641745E8	0.0
3.073650655E8	0.0
3.07365955E8	4.476190476190476
3.073668425E8	0.0
3.07367728E8	0.0
3.07368608E8	0.0
3.073694805E8	0.0
3.0737035E8	0.4242766180382042
3.073712185E8	0.0
3.07372084E8	0.0
3.073729445E8	0.0
3.07373801E8	10.3986127720641
3.07374652E8	0.0
3.07375497E8	30.71729292375206
3.07376337E8	0.0
3.07377173E8	26.137869292748434
3.073780065E8	4.0550986842105265
3.07378836E8	0.0
3.073796625E8	0.0
3.07380485E8	37.345425479586815
3.073812975E8	4.0
3.073821025E8	0.0
3.073829055E8	46.0
3.07383704E8	0.0
3.073844975E8	0.0
3.073852875E8	0.0
3.07386072E8	2.2419490810993086
3.07386853E8	0.0
3.073876335E8	0.0
3.07388411E8	0.0
3.073891845E8	0.0
3.073899525E8	10.789518900343642
3.073907155E8	60.0
3.073914765E8	0.0
3.073922355E8	0.0
3.07392992E8	0.0
3.073937465E8	7.0
3.073944975E8	0.0
3.073952445E8	0.0
3.073959905E8	0.0
3.073967355E8	0.0
3.073974755E8	0.0
3.073982085E8	0.0
3.07398938E8	0.0
3.07399665E8	3.992481203007519
3.074003845E8	0.0
3.074010975E8	40.46666666666667
3.07401809E8	0.0
3.074025195E8	8.356481481481481
3.074032295E8	0.0
3.074039365E8	0.0
3.0740464E8	0.0
3.0740534E8	0.0
3.074060365E8	0.0
3.07406728E8	21.942626107046593
3.07407414E8	0.0
3.07408095E8	0.0
3.07408771E8	0.0
3.074094455E8	0.0
3.07410119E8	0.0
3.07410791E8	0.0
3.074114535E8	0.0
3.074121015E8	22.0
3.07412743E8	1.1789312977099236
3.07413383E8	0.0
3.07414021E8	0.0
3.07414658E8	0.0
3.07415294E8	0.0
3.074159275E8	0.0
3.074165575E8	1.8494623655913978
3.07417184E8	4.130434782608695
3.074178075E8	0.0
3.074184285E8	0.0
3.07419046E8	0.0
3.074196585E8	0.6052631578947368
3.07420267E8	0.0
3.07420871E8	0.0
3.07421472E8	0.0
3.074220725E8	0.0
3.07422671E8	0.0
3.074232665E8	0.0
3.074238595E8	22.24590163934426
3.074244515E8	40.0
3.07425042E8	5.150672229949003
3.074256305E8	0.0
3.074262165E8	0.0
3.074268005E8	3.3152173913043477
3.074273815E8	0.0
3.074279595E8	0.0
3.07428537E8	0.0
3.07429113E8	0.0
3.074296855E8	0.0
3.07430254E8	0.0
3.07430819E8	0.0
3.074313815E8	0.0
3.074319415E8	0.0
3.07432497E8	0.0
3.074330485E8	0.0
3.074335975E8	0.0
3.074341455E8	13.953075902520773
3.07434693E8	0.0
3.0743524E8	0.0
3.074357865E8	45.311004784689
3.074363325E8	2.731707317073171
3.07436878E8	0.0
3.07437422E8	0.0
3.07437964E8	32.03052631578947
3.07438504E8	39.08477366255144
3.074390425E8	4.45578231292517
3.07439579E8	0.0
3.074401125E8	0.0
3.07440644E8	26.218961625282166
3.07441174E8	27.613799283154123
3.074417025E8	0.0
3.07442227E8	0.0
3.07442747E8	0.0
3.07443264E8	6.751306413301663
3.074437785E8	0.0
3.0744429E8	0.0
3.07444798E8	0.0
3.074453045E8	0.0
3.0744581E8	0.0
3.074463125E8	0.0
3.07446812E8	22.74032115507442
3.074473085E8	0.0
3.074478015E8	0.0
3.074482925E8	0.0
3.074487815E8	0.0
3.07449269E8	0.0
3.074497555E8	0.0
3.07450239E8	0.0
3.0745072E8	0.0
3.07451198E8	0.0
3.074516695E8	0.0
3.074521375E8	0.0
3.074526035E8	0.0
3.07453067E8	21.80851063829787
3.07453528E8	0.0
3.07453982E8	0.0
3.074544305E8	0.0
3.074548775E8	0.0
3.07455321E8	0.0
3.074557615E8	0.0
3.07456201E8	0.0
3.07456637E8	0.0
3.0745707E8	0.0
3.07457503E8	0.0
3.07457932E8	0.0
3.07458353E8	1.0188536953242835
3.0745877E8	0.0
3.07459185E8	0.0
3.074595975E8	0.0
3.07460009E8	0.0
3.07460419E8	0.0
3.074608275E8	0.0
3.07461234E8	0.0
3.07461637E8	13.355421686746988
3.07462037E8	0.0
3.07462436E8	0.0
3.074628295E8	0.0
3.074632175E8	0.0
3.07463604E8	7.142857142857143
3.074639885E8	0.0
3.074643725E8	0.0
3.07464756E8	0.0
3.074651385E8	0.0
3.0746552E8	0.0
3.074659E8	0.0
3.074662785E8	0.0
3.07466655E8	0.0
3.07467028E8	0.0
3.07467397E8	0.0
3.07467764E8	15.723270440251572
3.074681295E8	0.0
3.074684925E8	0.0
3.074688535E8	46.375841584158415
3.074692125E8	0.6109324758842444
3.07469565E8	0.008386632216527596
3.0746991E8	0.0
3.07470252E8	22.0
3.074705915E8	0.0
3.07470929E8	0.0
3.07471266E8	0.0
3.07471601E8	0.0
3.07471933E8	34.49891067538126
3.074722625E8	0.0
3.0747259E8	0.0
3.07472917E8	0.0
3.074732435E8	0.0
3.07473569E8	0.0
3.07473894E8	0.0
3.07474218E8	0.0
3.07474541E8	0.0
3.07474863E8	0.0
3.074751825E8	0.0
3.074754995E8	0.0
3.074758155E8	0.0
3.0747613E8	36.63855421686747
3.074764425E8	0.0
3.074767535E8	0.0
3.07477063E8	2.6084142394822005
3.07477372E8	0.0
3.074776785E8	1.7821782178217822
3.074779805E8	0.0
3.0747828E8	0.0
3.074785785E8	0.0
3.07478873E8	0.0
3.074791635E8	27.554641598119858
3.074794525E8	0.0
3.07479739E8	0.0
3.07480024E8	0.0
3.074803065E8	0.0
3.074805865E8	0.0
3.07480866E8	0.0
3.07481141E8	0.0
3.07481412E8	0.0
3.074816825E8	5.346385542168675
3.0748195E8	0.0
3.07482213E8	0.0
3.074824735E8	0.0
3.074827325E8	0.0
3.074829885E8	0.0
3.074832415E8	19.770988310308184
3.074834925E8	0.0
3.07483741E8	0.0
3.07483986E8	0.0
3.07484227E8	0.0
3.07484466E8	0.0
3.07484705E8	0.0
3.07484943E8	0.0
3.074851795E8	0.0
3.074854115E8	0.0
3.07485639E8	0.0
3.074858655E8	0.0
3.074860915E8	40.0
3.074863175E8	0.0
3.07486542E8	0.0
3.07486762E8	0.0
3.074869785E8	0.0
3.074871945E8	0.0
3.07487409E8	0.0
3.07487621E8	0.0
3.0748783E8	0.0
3.074880335E8	0.0
3.07488232E8	0.0
3.07488428E8	0.0
3.074886225E8	12.197802197802197
3.0748881E8	0.0
3.07488991E8	0.0
3.07489172E8	0.0
3.07489351E8	0.0
3.074895275E8	0.0
3.07489703E8	0.0
3.07489878E8	0.0
3.07490053E8	0.0
3.074902265E8	0.0
3.07490395E8	0.0
3.074905575E8	0.0
3.074907135E8	0.0
3.07490864E8	0.0
3.07491012E8	40.0
3.074911565E8	0.0
3.07491297E8	0.0
3.074914355E8	0.0
3.074915695E8	0.0
3.074916995E8	0.0
3.074918285E8	0.0
3.074919565E8	60.0
3.07492084E8	0.0
3.07492211E8	0.0
3.07492338E8	0.0
3.074924645E8	0.0
3.074925885E8	0.0
3.074927095E8	0.0
3.074928275E8	0.0
3.074929365E8	0.0
3.074930385E8	0.0
3.074931395E8	0.0
3.07493239E8	0.0
3.07493338E8	0.0
3.07493436E8	0.0
3.07493525E8	0.0
3.074936035E8	0.0
3.07493678E8	0.0
3.074937455E8	0.0
3.07493806E8	0.0
