#Position (bp)	Coverage
384368.0	28.84845623004026
1153103.0	29.254930502708994
1921838.0	30.746846442532213
2690573.0	33.54687766265358
3459308.0	29.765929741718537
4228043.0	31.405260590450546
4996778.0	30.82603888205949
5765513.0	32.28490572173766
6534248.0	30.933749601618242
7302983.0	27.71209454493421
8071718.0	25.388395220719755
8840453.0	20.778196647739467
9609188.0	25.0434805231972
1.0377923E7	20.025087969196147
1.0801324E7	19.266578708032842
1.11856915E7	27.097634464026132
1.1915393E7	26.771779611959907
1.2684128E7	31.66603445920896
1.3452863E7	32.53627322809551
1.4221598E7	30.235135644923155
1.4990333E7	32.429946600584074
1.5759068E7	34.20972766948298
1.6527803E7	32.533776919224444
1.7296538E7	29.337731467931082
1.8065273E7	13.54421874898372
1.8834008E7	20.574006647284175
1.9602743E7	21.470375356917533
2.018777E7	18.391805521293534
2.05721375E7	11.236821477562218
2.1140213E7	12.609501323603062
2.1908948E7	19.35914326783612
2.2677683E7	28.23603582508927
2.3446418E7	32.166482598034435
2.4215153E7	30.768494995024295
2.4983888E7	35.13537304792939
2.5752623E7	34.42709256115567
2.6521358E7	33.077139716547315
2.7290093E7	26.630905318477758
2.8058828E7	21.36616779514397
2.86485735E7	24.261532393927293
2.9032941E7	28.125828610058132
2.9596298E7	32.10189467111553
3.0365033E7	33.95547490357536
3.1133768E7	33.431316383409104
3.1902503E7	31.662137147391494
3.2671238E7	30.430939140275907
3.3439973E7	32.41491801466045
3.4208708E7	34.49328182013308
3.4977443E7	27.64594301027012
3.5659712E7	23.027319432765527
3.60440795E7	23.79513334721162
3.6514913E7	27.859573194924128
3.7283648E7	30.709646367083586
3.8052383E7	33.02160822650198
3.8821118E7	34.44936161355994
3.9589853E7	36.90680013268552
4.0358588E7	32.07528472100269
4.1127323E7	32.36676618080353
4.1896058E7	34.55184166195113
4.2664793E7	34.02367005535067
4.3049519E7	135.56624825662482
4.34338865E7	20.964838063691214
4.4202263E7	18.073349073477857
4.4970998E7	14.779500087806591
4.5739733E7	14.840768275153337
4.6508468E7	21.0455553604298
4.7277203E7	16.724306815742747
4.8045938E7	18.855316851710928
4.8668911E7	11.950273568714888
4.90532785E7	30.492168740824084
4.9583408E7	29.038418961020376
5.0352143E7	31.930152783468944
5.1120878E7	33.89469973397855
5.1889613E7	30.974659668156125
5.2658348E7	32.41187275198865
5.3427083E7	34.17376469134357
5.38687855E7	33.5937036714049
5.4253153E7	23.789088240465396
5.4964553E7	22.15743396619121
5.5733288E7	21.355896375213824
5.6502023E7	26.069732742752706
5.7270758E7	26.483411058427155
5.8039493E7	27.93222371818637
5.85039505E7	27.212398551629416
5.8888318E7	14.463162737961236
5.9576963E7	15.480890033626672
6.0345698E7	15.128235347681581
6.1114433E7	18.265274769589
6.1883168E7	16.162342029437973
6.2651903E7	19.514875737412762
6.3087631E7	15.19994937743986
6.34719985E7	10.051985393700432
6.4189373E7	18.3757276564746
6.4958108E7	17.51118265722258
6.5726843E7	19.238624493486054
6.6495578E7	16.682715109888324
6.7140034E7	13.234245266515051
6.75244015E7	31.973567537556626
6.8033048E7	26.815400625703266
6.8801783E7	26.287171782213637
6.9570518E7	23.77821355863854
7.0339253E7	23.38166338204973
7.11040115E7	18.999277059657036
7.1488379E7	33.58292468250974
7.1876723E7	26.039384183106012
7.2645458E7	32.444257123716234
7.3414193E7	35.33046498468263
7.4182928E7	33.23928792106513
7.4951663E7	31.145968376618733
7.5358208E7	24.7509863600496
7.57425755E7	19.379143543444048
7.6489133E7	27.590179970991304
7.7257868E7	24.767407494129966
7.8026603E7	25.447418161004766
7.8795338E7	24.96730472789713
7.92080895E7	17.39745983652762
7.9592457E7	26.393182549191184
8.0332808E7	18.652317118382797
8.1101543E7	20.433466669268345
8.1870278E7	21.749367467332696
8.26063115E7	18.68359466084296
8.2990679E7	14.18994541534792
8.3407748E7	16.833203899913496
8.4176483E7	14.75223451514501
8.4945218E7	16.309335466708294
8.5713953E7	18.60360852569481
8.6362088E7	17.0853573696532
8.67464555E7	12.369730514096187
8.7251423E7	17.28035148653307
8.8020158E7	18.146522533773016
8.8788893E7	16.921585461830148
8.9557628E7	17.860431748261753
9.0098611E7	13.883063936838946
9.04829785E7	27.721141856053954
9.1095098E7	25.81069939576057
9.1863833E7	26.99847671824491
9.2632568E7	25.491846995388528
9.3401303E7	23.988850514156375
9.38242175E7	21.632461670168883
9.4208585E7	17.9997151701533
9.4938773E7	22.299276083435775
9.5707508E7	19.14743572232304
9.6476243E7	19.328589175723753
9.71220675E7	14.375331316430618
9.7506435E7	20.46009901513703
9.8013713E7	23.399026972884023
9.8782448E7	17.96875386186397
9.9551183E7	15.13833635778259
1.00269334E8	13.994102464621529
1.006537015E8	6.28754151510359
1.01088653E8	17.481997047096854
1.01857388E8	18.42384436769498
1.02626123E8	17.012909520185758
1.033545365E8	25.437777215837418
1.03738904E8	11.276031397641457
1.04163593E8	11.121126265878358
1.04932328E8	13.815283550248134
1.05701063E8	10.304553584785394
1.06347158E8	8.195774230831686
1.067315255E8	22.23703930202218
1.07238533E8	17.288685958099997
1.08007268E8	16.28475612532277
1.08776003E8	22.417909942958236
1.09309377E8	24.365299500357366
1.096937445E8	29.357436023810234
1.10313473E8	29.743254827736475
1.11082208E8	33.45808893832075
1.11850943E8	43.72658198208745
1.12235708E8	33.474213836477986
1.126200755E8	10.552905174883454
1.13388413E8	11.49982893975167
1.14157148E8	13.770892440177695
1.147696095E8	11.954514366883828
1.15153977E8	11.862311908288993
1.15694618E8	11.259934827996643
1.16463353E8	11.907459657749419
1.17232088E8	14.483292682133635
1.17668795E8	25.343354445495276
1.180531625E8	31.66228902381727
1.18769558E8	33.868493043766705
1.19538293E8	32.99549129413907
1.2014897E8	28.963357702615223
1.205333375E8	22.69378013134419
1.21075763E8	18.393837928544947
1.21844498E8	20.974316246821076
1.225916085E8	20.543592846726195
1.22975976E8	25.497999953756157
1.23381968E8	26.645884472542555
1.24150703E8	25.446002848836073
1.24919438E8	19.681357034608805
1.253769895E8	16.079272791867076
1.25761357E8	15.23722016109466
1.26456908E8	16.07875275615134
1.27225643E8	19.270392267816607
1.277254535E8	12.99304851745017
1.28109821E8	16.29225117086766
1.28763113E8	17.60102506065159
1.29531848E8	21.39328116971388
1.300272615E8	18.120805792194226
1.30411629E8	15.13201852031399
1.31069318E8	15.165080294249645
1.31838053E8	16.96632649742759
1.322676755E8	23.112330129267484
1.32652043E8	15.194522466733016
1.33375523E8	19.935508335121987
1.34030498E8	14.522437478636032
1.344148655E8	7.028472222222222
1.34912993E8	16.91715090375747
1.35681728E8	16.88772203685275
1.361569665E8	12.61087695744517
1.36541334E8	11.316514847706872
1.37219198E8	13.542042446356676
1.37895604E8	15.40851634287945
1.382799715E8	10.089885084859578
1.38756668E8	12.755525636272578
1.39525403E8	11.543968988012773
1.400102465E8	14.05786456467216
1.40394614E8	10.841740594558132
1.41062873E8	19.738547093601827
1.417121025E8	12.003416873692716
1.4209647E8	19.721874725431046
1.42600343E8	18.36954347076691
1.43369078E8	18.78717373347122
1.437831155E8	26.761493090663972
1.44167483E8	17.55444427998506
1.44906548E8	13.156034264083202
1.45465214E8	6.894520033161502
1.458495815E8	17.70907178117666
1.46444018E8	18.35508335121986
1.47106683E8	17.931165389556142
1.474910505E8	13.760115961157727
1.47981488E8	13.275697086772425
1.48737048E8	8.764900961091618
1.491214155E8	13.793851992409866
1.49518958E8	22.552780867268954
1.50287693E8	22.035365893318243
1.50728883E8	25.08747415196445
1.511132505E8	18.87252743897785
1.51825163E8	20.509840192003747
1.52332369E8	15.318983869063851
1.527167365E8	32.77135422840297
1.53362633E8	29.51683870254379
1.5389724E8	24.119818689492444
1.542816075E8	7.34487118157589
1.54900103E8	7.96035564921592
1.55461321E8	6.902151817495568
1.558456885E8	28.346740267062458
1.56437573E8	26.41446402206222
1.57018682E8	26.455267444845138
1.574030495E8	11.060114269877309
1.57975043E8	22.335362641222268
1.585640605E8	29.091338871243586
1.58948428E8	20.426900552255624
1.59512513E8	26.988633274145187
1.6009777E8	28.819744187725092
1.604821375E8	6.920113038075409
1.61049983E8	10.725775462285442
1.616289075E8	19.283289730002004
1.62013275E8	26.546724232853293
1.62587453E8	14.798583386992917
1.631586895E8	10.515449325463292
1.63543057E8	22.41439808403608
1.64124923E8	21.00163515385666
1.64685819E8	14.462047204842278
1.650701865E8	18.8498717757495
1.65662393E8	18.461008019668675
1.66204869E8	21.645363784995748
1.665892365E8	6.338835140259614
1.67199863E8	15.001575315290705
1.67707403E8	5.239473096673365
1.680917705E8	24.505428894121252
1.68737333E8	18.97200205532466
1.69197014E8	11.83337648628732
1.695813815E8	16.49204507950067
1.70274803E8	11.86417686198755
1.706842435E8	9.934331751286244
1.71068611E8	11.851069248207251
1.717757825E8	8.991555923501698
1.7216015E8	15.20257327249558
1.72581008E8	23.02612083487808
1.732448375E8	25.313860202818272
1.73629205E8	17.699334162651148
1.74118478E8	14.69778011928688
1.7470787E8	9.934651712356327
1.750922375E8	14.088866027667654
1.75655948E8	15.706442402128172
1.761671155E8	12.557026813880126
1.76551483E8	18.347297310413776
1.77193418E8	20.06414043851262
1.775981795E8	83.04261057173679
1.77982547E8	32.48391984581295
1.786433205E8	33.504705188679246
1.79027688E8	17.017129642846946
1.79499623E8	11.093355967921326
1.80059845E8	22.358802305314907
1.804442125E8	18.560751607813422
1.81037093E8	20.606850214963544
1.814629515E8	8.559362271335953
1.81847319E8	8.08106708975389
1.824697645E8	7.414516630956937
1.82854132E8	18.3835121685902
1.83343298E8	13.355552953878775
1.83845386E8	19.143530650991117
1.842297535E8	5.7058583070501445
1.848263935E8	18.516401863069824
1.85210761E8	26.280811777579565
1.85649503E8	22.366537233246827
1.861815255E8	27.201286783380176
1.86565893E8	11.473190051222474
1.871516995E8	14.037696150607
1.87536067E8	18.1283966717224
1.87955708E8	18.58423253787066
1.88487033E8	15.002677644897334
1.888714005E8	14.73747104165789
1.89437117E8	19.00995563596822
1.898214845E8	26.278491286277447
1.90261913E8	17.401122623530867
1.907655555E8	25.56976734437225
1.91149923E8	20.921323688901044
1.917006725E8	18.77102959143308
1.9208504E8	8.852148454318437
1.92568118E8	12.705019284929136
1.93014003E8	25.24957938797903
1.933983705E8	11.551697382685457
1.939421735E8	8.621215824179803
1.94326541E8	11.447429695651243
1.948700135E8	11.202787469281004
1.95254381E8	12.313841512936536
1.95643058E8	16.84966731058167
1.96173218E8	19.696338974912976
1.965575855E8	11.004059520067065
1.970859405E8	11.21689212506039
1.97470308E8	8.363361966433196
1.97949263E8	12.226525395617475
1.98379719E8	20.252297210800958
1.987640865E8	8.243033117633669
1.99284827E8	9.494613932254202
1.996691945E8	15.579472625875407
2.001689555E8	12.818616440885666
2.00553323E8	16.27949718248808
2.01024203E8	24.940052163619452
2.0143258E8	11.269060163685207
2.018169475E8	14.802013553188774
2.023091665E8	15.791219541790218
2.02693534E8	18.390797860649133
2.03168465E8	16.16424224849331
2.035528325E8	11.513115725903559
2.04022535E8	16.11042063689342
2.044069025E8	9.040765977443609
2.048603755E8	12.561486208589283
2.05244743E8	0.9094968343885371
2.05636613E8	19.25007707467463
2.060816995E8	18.921317874141536
2.06466067E8	18.502985491976634
2.069158215E8	16.219723883082487
2.07300189E8	20.626279952683618
2.07743072E8	19.59645003425928
2.081274395E8	16.466700209265767
2.08563085E8	14.912553862979786
2.089474525E8	26.406353557668993
2.09377998E8	19.146025471723195
2.097623655E8	8.599916902923061
2.101865875E8	6.925818185206814
2.10570955E8	6.344947986321884
2.10991954E8	17.91879541559584
2.113763215E8	7.373004185397613
2.117807295E8	14.306104795511933
2.12165097E8	10.441832220005205
2.12555228E8	10.802622490194931
2.12951007E8	4.957630460500372
2.133353745E8	24.649742865110092
2.137362725E8	24.862411423663303
2.1412064E8	12.179514372568741
2.145168735E8	9.693039087620578
2.14901241E8	29.686784140329898
2.15295174E8	29.4097947279411
2.156795415E8	15.717775542248518
2.160708055E8	175.21157810556247
2.16455173E8	15.016700828259893
2.16845987E8	6.831862428547511
2.172303545E8	21.0621589859817
2.176193275E8	21.815015893764297
2.18003695E8	13.20008957704809
2.183870575E8	8.380317264049943
2.18771425E8	11.796557464930883
2.191437085E8	8.933389264838752
2.19528076E8	13.638014203301987
2.19895419E8	9.438636333095932
2.202797865E8	14.296248981014463
2.20645687E8	10.673425286129712
2.21025053E8	13.036264868304844
2.21390679E8	10.560531840447865
2.217493495E8	13.352544328171255
2.22133717E8	6.71412283987817
2.22491112E8	10.978969777760092
2.228754795E8	14.43322467097848
2.232300165E8	14.756492828414167
2.23614384E8	6.666622857893865
2.239617555E8	13.495366914226343
2.24346123E8	22.73385409345569
2.2468963E8	10.768710946328813
2.250739975E8	10.688621052504264
2.254154375E8	8.634786633500301
2.25799805E8	11.004786699026097
2.261404185E8	11.652677437881627
2.26524786E8	23.279458180166205
2.2685767E8	20.72666662543525
2.272420375E8	13.281033068334196
2.275674865E8	11.759554866368696
2.27901798E8	24.212745149822894
2.282642395E8	14.500569362314208
2.28575658E8	16.867232292314313
2.289600255E8	18.03848217552132
2.29270193E8	21.46806117678488
2.296545605E8	16.82387870490099
2.299644725E8	26.32063225886591
2.3034884E8	9.53599253479987
2.30655893E8	16.345115490570038
2.309973965E8	21.260428406689076
2.313463715E8	4.9905515117581185
2.31650276E8	6.903490071464007
2.320346435E8	7.71883285898465
2.32330417E8	15.406827624799575
2.327147845E8	7.990008069044597
2.33008396E8	7.275172755705988
2.333832675E8	13.80414999607751
2.336859445E8	2.3344039595619206
2.33975938E8	17.089471385662975
2.343603055E8	16.193477423702706
2.346438945E8	29.324303496013222
2.35028262E8	16.428388187550848
2.353116695E8	8.623871557536281
2.35668032E8	28.411624853433043
2.359736405E8	13.860828423495803
2.36248209E8	23.384714282527625
2.366325765E8	15.718789004673305
2.36905892E8	18.863155525545803
2.372902595E8	21.05679589802938
2.375596255E8	21.899512432959533
2.378457775E8	8.795997997304642
2.38209635E8	18.666152491205562
2.384723095E8	10.205780772107333
2.38856677E8	8.604837921226329
2.391161115E8	11.994826190355715
2.394117615E8	15.738733972607019
2.39756603E8	24.991461662017077
2.40012063E8	21.546681260026688
2.403964305E8	9.08168638713383
2.40651522E8	5.301349205290059
2.40935513E8	9.00544773440368
2.41282414E8	9.51499105866413
2.415260005E8	9.970689895956987
2.41910368E8	22.557019789971285
2.42153892E8	3.347137122332559
2.423992835E8	9.690515379076226
2.427812845E8	15.470437341699286
2.430194555E8	14.454508795806241
2.43354977E8	25.18699976515541
2.436401495E8	10.735648773696925
2.43875304E8	15.822820751602853
2.442596715E8	18.19114001383426
2.44494215E8	17.59315599775247
2.447631205E8	20.742443669031626
2.451110035E8	9.064601340700836
2.45340206E8	7.227983875576422
2.45672164E8	22.62588930768614
2.45942791E8	8.020988561234127
2.46158155E8	12.509884661055693
2.46536439E8	22.25227848483371
2.46757852E8	11.125092463220186
2.469695205E8	9.387635284675438
2.47353888E8	11.509286423447485
2.47564574E8	13.120331625056812
2.47805319E8	8.71296174371473
2.48157783E8	10.896377656704207
2.48365893E8	17.45899592944369
2.486381075E8	15.786152016829782
2.489579875E8	11.583626831203802
2.49165224E8	12.33227110907781
2.49467076E8	18.258550020917113
2.4975636E8	17.028637043949317
2.499626485E8	16.780016643371333
2.502879155E8	17.249831260484182
2.5054851E8	8.030862683056826
2.507484705E8	10.617893653272754
2.510885645E8	14.54808416234177
2.51332072E8	4.1031655504986055
2.51527848E8	11.645213775350241
2.51873065E8	12.462092409189813
2.5210593E8	15.735635560209959
2.5229909E8	20.93809472792263
2.52643082E8	8.25421025620781
2.5287344E8	22.058364602295946
2.53058026E8	24.186265909902538
2.5338655E8	15.549948864299143
2.53626707E8	4.8674599550529605
2.53810996E8	9.902666889848224
2.541215335E8	10.082170001977023
2.543774555E8	7.255878369226601
2.545591305E8	10.02626918262321
2.54848343E8	10.267503825106482
2.551248655E8	21.344648205559352
2.553049575E8	27.068939331504527
2.555674465E8	11.065994750833559
2.55866877E8	18.944026222836676
2.560427725E8	15.077392302423311
2.562705875E8	12.572765509384459
2.56600938E8	10.723524057424825
2.56774153E8	14.619954988747187
2.569624935E8	6.1428226097694525
2.57304699E8	27.013118118778497
2.57500726E8	7.358752132394753
2.576711905E8	9.350846756113544
2.57986484E8	11.146977751814875
2.582258865E8	31.465783073225815
2.583930965E8	24.93695993315399
2.586566015E8	21.081940992568136
2.58942833E8	17.570118936808356
2.5910475E8	14.132129242835743
2.593058495E8	14.615426911181231
2.59625725E8	22.628647223152026
2.59808993E8	9.674133333333334
2.59968316E8	11.525221602010516
2.60263454E8	9.104839798433305
2.60511936E8	11.212059912921175
2.60669987E8	10.210813481252226
2.60895678E8	15.10896955749843
2.61207803E8	8.023435562669277
2.613664795E8	26.381759719380298
2.61520696E8	13.855300721838516
2.61824593E8	22.51592244360767
2.62058165E8	10.246413281885909
2.622109925E8	12.059648686374505
2.624361765E8	28.613147545917933
2.627407855E8	11.094500665428049
2.62899969E8	20.144835506316287
2.63050826E8	9.497206450780904
2.633441895E8	19.072070870133683
2.635851015E8	10.386702782295284
2.63733667E8	6.085734388436715
2.639380475E8	17.222913928033837
2.64231582E8	10.60889272094632
2.64411569E8	13.151811610537548
2.645558915E8	52.95696571845368
2.648102425E8	19.427672714584787
2.65083559E8	7.748047363219284
2.65224529E8	18.370703428127996
2.653750005E8	10.895830645508106
2.65651351E8	14.881223393565126
2.65885247E8	11.018415779360934
2.66021552E8	7.7440464814036165
2.66196816E8	20.566601113786323
2.664682985E8	12.593370736748856
2.66677402E8	16.87961598783328
2.668104465E8	9.040150839211462
2.670024795E8	15.387527142770976
2.672676815E8	18.806898242437956
2.67460016E8	4.867028085234546
2.67590504E8	11.174340919213558
2.67790844E8	8.829740040812705
2.680494615E8	9.983182300912397
2.68233489E8	10.738153435163058
2.683623315E8	11.112177576677142
2.685626535E8	16.181939987036188
2.688141505E8	11.264099015129089
2.68998196E8	18.65988197343132
2.691212125E8	20.573270066602046
2.69305491E8	11.970585912987827
2.69544969E8	15.391741460119249
2.69745058E8	16.11587532050292
2.698635095E8	18.82584479266603
2.700194335E8	18.29185810810811
2.7025476E8	24.333923447635907
2.704832035E8	16.8127953585552
2.706000615E8	27.77513574237034
2.707192135E8	7.561672421822144
2.70946674E8	5.925182248932024
2.711728175E8	11.937872242075134
2.713243835E8	26.869548525798525
2.714361945E8	29.381803434196236
2.71620605E8	11.982439566048633
2.718435565E8	14.078643961179008
2.720435135E8	13.970104987764584
2.721547675E8	10.433383531913009
2.722872195E8	14.792778156996587
2.725064275E8	12.546303494827729
2.727249785E8	8.490129832078962
2.72867561E8	11.471908765304441
2.729767215E8	11.9054039791018
2.731596875E8	8.529737799757395
2.733731465E8	9.813908306598048
2.73574548E8	9.22754632671836
2.736806165E8	21.016201168309603
2.737972355E8	13.71470145651742
2.74008185E8	10.394533012304521
2.7421821E8	11.266535228211211
2.74380672E8	20.848094796746558
2.744841805E8	27.01645735502894
2.746317545E8	17.498727760367032
2.74835029E8	10.974365796098951
2.750368585E8	25.52749043291079
2.751721665E8	7.865761926553026
2.752717585E8	8.56073992696664
2.754346305E8	25.650665689507758
2.75629477E8	12.305571801971999
2.75822252E8	20.481156255686397
2.75947145E8	3.033199282742292
2.760430425E8	6.970681929827173
2.762057895E8	15.967986815946427
2.763968555E8	29.578563500041888
2.76587426E8	9.836296798826183
2.767135505E8	10.17415458937198
2.76808458E8	10.700379751791097
2.76967139E8	20.02642804789952
2.77156076E8	5.3327790380763656
2.773432765E8	8.46149838323289
2.774748495E8	8.730005716364392
2.775673295E8	8.802005778419824
2.77713495E8	11.099656618369018
2.77897569E8	7.160806289273959
2.780813245E8	12.43398147039291
2.78227624E8	5.946654054897928
2.78318713E8	8.348816265265743
2.78445831E8	16.255566424059552
2.78624475E8	9.399479405910274
2.78799759E8	8.7939230102565
2.7896884E8	10.501210875307294
2.79055951E8	2.336021766592168
2.791480645E8	14.448417808849232
2.793219045E8	9.12424601712865
2.794951505E8	22.509835135573205
2.796670295E8	9.297696041167184
2.797860375E8	15.545488463719668
2.798713395E8	17.571709878569084
2.80007599E8	12.716192776504993
2.801762495E8	17.45465613493289
2.8034403E8	22.604979034698918
2.80507948E8	11.455292396750801
2.805915035E8	6.066759603469641
2.80677891E8	7.051172746348883
2.80844071E8	16.877295366806994
2.810100155E8	23.055713665525058
2.81175222E8	5.182353477349376
2.813072575E8	17.305087130424297
2.81389511E8	18.703419947385424
2.81503931E8	10.750431826366128
2.816671245E8	6.827995422890469
2.81829173E8	11.817349534816062
2.819906385E8	20.179629698479385
2.820985375E8	5.860665980593943
2.821788915E8	5.1716215707673205
2.823119855E8	11.154175213889028
2.82471554E8	15.841328552320068
2.8263049E8	7.243243754373357
2.827887405E8	23.99260784189523
2.82881078E8	11.29210968102966
2.829592085E8	10.088763749845507
2.831008305E8	15.951907821156396
2.832545715E8	15.682772261766887
2.8340819E8	12.100649329503787
2.8356106E8	9.831967778602731
2.83650187E8	17.53409832290747
2.837259075E8	12.662572577043322
2.838639935E8	8.78938642332281
2.84014566E8	60.213152696582135
2.841642325E8	4.646439694984427
2.843131325E8	10.549508143847767
2.844097475E8	15.961401612394722
2.844837785E8	10.044580149726016
2.84609444E8	10.448396817335365
2.847568575E8	4.939096988148309
2.84903889E8	9.95109964536352
2.850507725E8	5.671937135697554
2.85162443E8	13.10021572857423
2.85235427E8	8.860052099074593
2.8534268E8	8.771401777649062
2.85486983E8	12.431548303072091
2.85630282E8	12.57109394119498
2.85773144E8	16.933977534703487
2.859069595E8	8.267038632106434
2.859767315E8	5.4251812337573515
2.86052856E8	9.411561684843816
2.861903485E8	14.841254240743167
2.86326707E8	24.86648098759595
2.86461012E8	10.935955452491914
2.865942015E8	9.651658554173427
2.866994605E8	41.093242020932934
2.867650045E8	70.59035718276286
2.868562865E8	8.396861856502102
2.86985097E8	8.646273931109471
2.87113018E8	20.203309543855784
2.872400565E8	14.402748247893536
2.8736678E8	16.129032002973343
2.874684495E8	9.461525454592753
2.875308515E8	16.87548516339051
2.876171135E8	20.489687163929954
2.877417145E8	13.77645264847512
2.87865989E8	9.489088254039968
2.87989856E8	12.813200306983884
2.881135245E8	15.995977402227401
2.88225463E8	25.64692748567157
2.882869705E8	12.343543411194359
2.883595355E8	14.203609931394968
2.884818635E8	18.30051711723506
2.88604014E8	18.00910021706188
2.88725668E8	6.913160043886061
2.88845977E8	14.166891410863101
2.889652565E8	12.618047396864824
2.890345995E8	5.387204179899601
2.89094055E8	13.138003199549246
2.892031115E8	4.631776220477747
2.893211245E8	9.965865884639648
2.8943711E8	16.976358039225946
2.89550763E8	17.539431980610278
2.896633655E8	8.687193518584323
2.897663725E8	11.989138111850695
2.898226395E8	7.845766974015088
2.89887659E8	20.971257582175916
2.899984115E8	11.321462814552165
2.901089365E8	18.30116927309586
2.90218437E8	10.875157826828257
2.903262345E8	12.8153889252031
2.9043256E8	15.05601500554182
2.905335855E8	7.416892942273811
2.905862925E8	1.4430748543254146
2.906432345E8	9.131354801829268
2.907479405E8	13.750832918469728
2.90851896E8	8.532007848519703
2.90955247E8	12.111949478415001
2.91058116E8	15.815337333528465
2.91160204E8	12.052615532892084
2.912615545E8	8.007058008315186
2.91331315E8	8.436274382483571
2.9138107E8	9.10405022209838
2.91461273E8	12.259283479380665
2.91559725E8	0.694801398873927
2.91657178E8	11.28677912504235
2.917545145E8	9.435193371301684
2.91851644E8	11.260225808114656
2.91948596E8	0.41845252220926754
2.920451375E8	6.891508256728089
2.9210626E8	17.678731643725317
2.921538905E8	21.94139924833767
2.922360205E8	16.58783129995793
2.923310645E8	8.317731138430448
2.924255295E8	13.727827346095696
2.925187585E8	10.31029004927812
2.92610929E8	36.43495452317412
2.92702327E8	11.91461792924575
2.92792108E8	15.054385747027808
2.928622145E8	7.541361682351575
2.929062585E8	18.26477528398178
2.92967363E8	7.850879750008745
2.930529085E8	2.9058925557847366
2.931380435E8	6.239375103011467
2.9322235E8	7.899009214662189
2.93305647E8	1.4866683549799211
2.93388439E8	11.546860067020724
2.93470965E8	11.5218652522727
2.935531875E8	16.00871377385624
2.936254925E8	14.011269902167658
2.936664795E8	5.406736018127511
2.9371692E8	5.598652148828302
2.937980535E8	7.0533389436166525
2.938782955E8	12.605283634538152
2.93957456E8	23.247542630434506
2.940359865E8	2.8008926294312677
2.94113718E8	11.20571628830653
2.94190606E8	8.499185487339215
2.94267212E8	5.063259195334667
2.9434356E8	13.103625175485783
2.94403587E8	17.510231083331433
2.944416325E8	17.805078439883424
2.944955125E8	6.898339204831404
2.9457076E8	15.92872287935564
2.9464554E8	10.356881361387135
2.947198625E8	5.871439371439371
2.947938495E8	20.42640054127199
2.94867693E8	17.4475585130172
2.94941437E8	7.031017218219563
2.950150255E8	7.028689640154608
2.9508846E8	11.183423487253553
2.951596985E8	9.661122691216491
2.951959055E8	9.813513513513513
2.9523318E8	16.431317485502465
2.953042615E8	7.210602728912946
2.95375117E8	6.301157319089406
2.95445692E8	13.887231291647131
2.95515887E8	10.869527332980988
2.955858525E8	9.880470224815515
2.956554665E8	36.162472584555005
2.957244435E8	3.8654916241806263
2.957929165E8	5.428663464917419
2.958609135E8	0.9259062306124257
2.959283655E8	7.159628604588876
2.95962472E8	1.6613704071499504
2.959959795E8	10.354563083262635
2.960623185E8	20.44975251237438
2.961285905E8	9.993821538087865
2.961944545E8	7.992453002095544
2.96259386E8	8.19700354637629
2.963231915E8	14.794927832458098
2.963866495E8	19.504548756988974
2.964495135E8	8.697487743134554
2.96511883E8	10.542158042519054
2.96574108E8	16.06087726358149
2.966360135E8	8.671578640210097
2.966975155E8	3.713868684562445
2.967299425E8	1.9813348416289593
2.967605265E8	8.760115907828984
2.968197085E8	4.654037410261477
2.968803715E8	9.506782849787108
2.969406465E8	14.337063846821001
2.970003935E8	7.191423964526857
2.97059853E8	18.841060271804114
2.971191925E8	8.39782117440723
2.971783685E8	9.620550682426254
2.972373605E8	5.53767181401663
2.972962345E8	11.643017443639701
2.973550285E8	14.269610345414327
2.974136535E8	11.901675786593707
2.974716695E8	0.3170871559633027
2.975006415E8	0.7270408163265306
2.975297915E8	5.8532845202735375
2.975874835E8	13.635169462036329
2.97644944E8	12.25972669509966
2.977022745E8	11.77422399328859
2.977593955E8	22.771192087819593
2.97816386E8	9.145448160828725
2.97873337E8	18.55275958347235
2.97929694E8	11.728853981745477
2.979853355E8	11.427714532747316
2.98040566E8	6.320666120666121
2.980954345E8	8.214283107022924
2.98150189E8	5.726666301149551
2.982045775E8	4.674546799852016
2.98250394E8	25.082239906315706
2.98277297E8	23.34768681081747
2.98312184E8	0.9371509684167274
2.983655255E8	0.4309021113243762
2.98418571E8	6.823622731307484
2.98471025E8	9.587270732693085
2.985229515E8	9.572725170539947
2.98574718E8	9.81138286953659
2.98626245E8	20.37164251677526
2.986775555E8	10.430691715814554
2.987287515E8	17.071601609815183
2.9877965E8	20.31584042994606
2.98830158E8	5.180041662533479
2.98880377E8	11.474087102512343
2.9893041E8	4.310015389842704
2.989803155E8	18.684197838402508
2.9902156E8	8.251505609733728
2.99046443E8	8.83699794781589
2.990795815E8	17.752732517979766
2.991287095E8	14.897030631806501
2.991776335E8	8.954439300200763
2.99226409E8	8.468555717422081
2.992750675E8	0.37920955125566075
2.99323612E8	4.702735574841782
2.993721015E8	13.060552919331545
2.99420364E8	5.720695036936843
2.994682855E8	4.58939482715326
2.995160355E8	12.640991784037558
2.99563736E8	8.758686489546855
2.99611366E8	13.106178133736941
2.99658856E8	17.070282013963592
2.99706222E8	9.769203135895864
2.99753043E8	6.924566592543017
2.997914265E8	4.993267209668944
2.998145535E8	2.663988358851069
2.998454455E8	8.963265039801644
2.998912785E8	14.50249518473122
2.999369015E8	11.124895737301902
2.99982407E8	7.836578443667085
3.000278035E8	11.53178209086899
3.00072936E8	2.694045631608236
3.001178095E8	14.510151265003794
3.001626E8	4.247860765432651
3.002072585E8	5.462318775528525
3.0025153E8	11.022052972604296
3.002951105E8	8.434153233277748
3.00338256E8	10.632192972283429
3.00381246E8	5.366942727166686
3.00424041E8	13.01404330017554
3.00466617E8	3.7527989252127183
3.00509036E8	21.42833227228785
3.005513965E8	11.07411959347672
3.005739685E8	9.27911079745942
3.0059498E8	7.738421495827911
3.006355E8	6.290578480800937
3.00677186E8	291.6080537559307
3.00718655E8	6.358331120071468
3.007599975E8	12.50775419211011
3.008009635E8	15.822594924257329
3.00841504E8	31.52309671672811
3.00881871E8	3.4573504973088274
3.009221625E8	19.875353896587693
3.00962411E8	4.425965051825707
3.01002529E8	2.9171603549556306
3.010424755E8	6.197578219013237
3.010823325E8	11.700572490332949
3.011221535E8	7.552968655816757
3.01161883E8	2.779532326009636
3.012013185E8	7.752880595493015
3.01240271E8	18.05809654316519
3.01278813E8	6.342047022678158
3.013171725E8	5.543876592190436
3.013402245E8	11.491273100616016
3.01359325E8	7.86372455523036
3.01393599E8	5.203177849445449
3.01431711E8	5.333595903899173
3.014697935E8	4.88797268907563
3.015075635E8	3.446476241324079
3.01544826E8	9.352030217186025
3.015818905E8	7.106950140297863
3.01618727E8	14.074899614848807
3.01655231E8	7.042281381356631
3.01691575E8	15.995618506985588
3.01727817E8	31.451112032048627
3.017639465E8	8.986690328305235
3.018000005E8	6.145572078570636
3.018360275E8	6.106998056095529
3.018718265E8	6.745279307631786
3.019074095E8	0.19776266231941086
3.0194275E8	12.268837421303022
3.01977819E8	12.467789353503639
3.020128525E8	6.764015757022151
3.02047874E8	8.895118676987233
3.020828745E8	33.319577022006285
3.021066125E8	2.5087297773506325
3.021240165E8	3.338589732102858
3.0215234E8	5.984530225782957
3.021865385E8	13.282401972293966
3.022202135E8	6.8067792535609115
3.02253491E8	18.78399495146798
3.022863395E8	4.041085749537323
3.02318457E8	0.7097909790979098
3.023501625E8	4.316527408532726
3.02381257E8	6.447095740855751
3.024117055E8	22.111041446673706
3.024418645E8	7.1992736722862665
3.024718665E8	3.8968322774258084
3.02501802E8	18.455741106388675
3.0253152E8	9.868854677719506
3.02561013E8	9.125445958343244
3.025904035E8	13.79175468483816
3.026196635E8	12.78769283510456
3.02648696E8	13.87378439176328
3.026774925E8	3.3220085023346573
3.0270614E8	2.209077875301605
3.0273473E8	8.430885491375992
3.0276322E8	6.599288657252527
3.02791553E8	97.79390852170222
3.02819683E8	9.494015933692973
3.02847463E8	2.8034023722296784
3.02871419E8	7.3556014353831785
3.028851665E8	6.657298657718121
3.029023805E8	3.504179498460185
3.02929608E8	21.75757018286177
3.029566585E8	17.78764579154595
3.02983539E8	10.567346026305003
3.030103E8	14.37285912378668
3.03036936E8	7.011057204106962
3.030633795E8	7.446916115293939
3.03089659E8	21.062335783100416
3.031158375E8	8.005249846719805
3.03141897E8	10.059946969988088
3.0316784E8	5.925762672543788
3.03193613E8	18.347934431335904
3.03219033E8	12.87740986604126
3.03244142E8	3.51322772435258
3.03269183E8	13.888293833180128
3.032941495E8	13.500521836865767
3.03318984E8	8.16532697822838
3.03343729E8	5.932195851696115
3.03368407E8	11.390366730292815
3.03392961E8	7.419889728405146
3.034173935E8	0.10918785890073832
3.034417695E8	10.436238306253077
3.03466092E8	21.57236435545668
3.03490315E8	1.9077896827038432
3.03514472E8	8.479888985543267
3.03538466E8	7.150836583218015
3.035622675E8	10.079348375147331
3.03585904E8	9.53131777012374
3.036094165E8	13.227497022290285
3.03632882E8	5.464073773641292
3.036474595E8	14.603803210048849
3.03659146E8	7.139844680006802
3.036795675E8	3.0400396517541592
3.03702759E8	12.27466459600535
3.037259045E8	4.016832540025963
3.03749014E8	10.167207581461769
3.037721115E8	14.520878454474573
3.03795153E8	11.15597686654781
3.038181055E8	5.068927885454863
3.03840977E8	16.65141230567112
3.038636995E8	9.198805838124724
3.038862345E8	10.034906500445237
3.03908542E8	6.030512299706612
3.03930611E8	18.0114634035391
3.039525865E8	12.564776037873271
3.03974351E8	13.059273688604424
3.039958025E8	3.9737606597319837
3.040171415E8	9.457067866516686
3.04038313E8	9.606892940448422
3.040591685E8	2.5110123647604325
3.04079863E8	8.21203770848441
3.04100481E8	9.696803075276142
3.04120937E8	19.642502824026323
3.041411265E8	15.158707163552803
3.04161089E8	11.573617320540514
3.041809935E8	8.749070445181388
3.04200889E8	48.61541555633767
3.042207195E8	8.890248836738822
3.042404435E8	10.002185403537304
3.04260093E8	8.537124802527646
3.042797115E8	17.4958193127358
3.04299283E8	8.728967177018793
3.043188045E8	13.459157527928667
3.0433822E8	0.17202464150748045
3.04357514E8	10.285558611384982
3.043766445E8	0.36598209583991576
3.04395624E8	11.973483051294217
3.044120845E8	0.9228784403669725
3.044215395E8	2.115570794675272
3.044334495E8	13.6789311843919
3.044520715E8	7.486726145141986
3.04470397E8	11.720345941211889
3.04488589E8	3.751918299751587
3.0450666E8	0.5393021578742997
3.0452464E8	1.1119723414933362
3.04542522E8	1.9929336548707308
3.04560353E8	3.1412147383769837
3.045781455E8	4.778303480905711
3.045958945E8	6.247520288548242
3.04613409E8	9.732542667052357
3.04630615E8	6.987855432942138
3.046477165E8	19.625087842586087
3.04664782E8	19.497566695983583
3.046818275E8	1.8588283634656022
3.04698855E8	11.757271285034374
3.047157445E8	15.152267303102626
3.047322845E8	13.615563725490196
3.047485745E8	14.697109471094711
3.047647915E8	6.64739705700507
3.04780937E8	4.87019916857976
3.04797045E8	9.617429654015778
3.04813105E8	7.889894513451096
3.04829099E8	0.04546877935742469
3.04844809E8	15.56875687568757
3.04860144E8	1644.444502858645
3.04875228E8	12.220921677479767
3.048899345E8	17.146798506430645
3.04904393E8	11.082047734347977
3.04918797E8	2.188671357904271
3.04933121E8	11.767681007345226
3.049473325E8	21.63151189127973
3.049613855E8	11.982543997710689
3.049753525E8	10.927916308397823
3.04989176E8	5.680885253085969
3.050028535E8	6.95594262295082
3.050165075E8	22.06156552330695
3.05030149E8	1.6492411467116357
3.05043766E8	14.456491357116587
3.05057328E8	12.83849508463301
3.050707775E8	5.20261780104712
3.050840815E8	6.217026741199577
3.050973185E8	0.47937443336355395
3.0511055E8	7.224540712179633
3.051237565E8	9.442893978462005
3.051369355E8	14.857576677801397
3.05150043E8	7.418768688185233
3.05163013E8	2.314879429324649
3.05175888E8	17.963899478720922
3.05185055E8	0.06130268199233716
3.051914585E8	1.6693966693966693
3.052015075E8	6.931099279674288
3.05214187E8	0.8112338126638595
3.052267085E8	69.71202633269107
3.05239162E8	5.265279897197012
3.052514665E8	3.657180457312058
3.052635855E8	0.04346026490066225
3.05275651E8	4.259314579702929
3.052876965E8	21.058388704318936
3.052997075E8	5.882991153396762
3.05311672E8	8.939817527412739
3.053236175E8	3.398107836570663
3.053355615E8	8.341510381781648
3.05347491E8	12.852622744439781
3.0535937E8	37.585155788229336
3.053711045E8	0.045415448133493894
3.053827095E8	2.608425414364641
3.05394203E8	17.067175304744367
3.05405586E8	15.067411775059403
3.05416915E8	0.2061974324922532
3.054282015E8	1.0557723000532009
3.054393975E8	28.11831923699838
3.05450508E8	5.879715494733051
3.054616145E8	5.625787862416711
3.05472713E8	2.845550446307817
3.054837595E8	31.61470641701509
3.05494683E8	3.5217150760719225
3.055054885E8	8.90154189113877
3.055161465E8	8.199431279620853
3.05526661E8	2.1079301460062982
3.05537127E8	316.1125992538027
3.055475015E8	2.2385392385392384
3.055577785E8	10.249658802885552
3.05567969E8	5.808851131087622
3.05578E8	7.448536070027166
3.05587934E8	3.1316346057004734
3.055978485E8	17.905959595959597
3.056077465E8	11.136822958771221
3.05617534E8	13.014567620621966
3.05627204E8	1.6676327502328951
3.0563683E8	1.8402669169012615
3.056464125E8	0.563714226028828
3.05655943E8	9.196373985453778
3.05665429E8	0.7842909857670005
3.056749135E8	2.6844158582876423
3.05684391E8	8.75356350966107
3.056938605E8	25.328263624841572
3.05703288E8	0.6324704378395654
3.0571261E8	13.058226207194556
3.057218545E8	1.8927642980935875
3.057310705E8	15.333152173913044
3.057402675E8	5.683489232107896
3.057494535E8	1.5505556766179995
3.057585785E8	9.866512345679013
3.05767648E8	13.006727693834785
3.05776642E8	16.345476964465867
3.057855425E8	18.37162162162162
3.05794349E8	0.48574373067674337
3.05803082E8	9.933928775907477
3.058116615E8	8.414787562307145
3.058200515E8	4.5750538664113
3.058282875E8	7.164449371766445
3.058363865E8	12.444925742574258
3.058444065E8	6.88819095477387
3.058523285E8	5.378107559614409
3.058601015E8	7.939832941790655
3.058677105E8	0.058761249338274216
3.058752425E8	23.17567927543953
3.05882709E8	2.645117845117845
3.058900985E8	9.011422355180853
3.05897348E8	6.420993701889433
3.059044835E8	0.07114790906539432
3.059115865E8	1.4699152542372882
3.059186575E8	6.999008779382611
3.059257075E8	13.073032111395282
3.059327345E8	11.250285062713797
3.059397415E8	3.374964275507288
3.05946737E8	45.24681824681824
3.05953382E8	16.087819596633317
3.059568435E8	10.170926517571885
3.059606085E8	9.336471610660487
3.059675075E8	0.4506817522483319
3.05974393E8	0.21157481459938926
3.059812595E8	3.8159276546091014
3.0598811E8	0.8511322132943755
3.05994947E8	3.0410016107775664
3.060017745E8	30.282595956636392
3.06008546E8	5.380378145005211
3.06015243E8	0.32799161299985025
3.06021916E8	1.0817213975108713
3.06028584E8	12.837708114594271
3.060351805E8	0.49540300337113086
3.060416715E8	8.911555142503097
3.06048088E8	1.2523129998431866
3.06054431E8	21.103661436043748
3.06060702E8	11.634044601315578
3.06066934E8	38.67501203659124
3.060731045E8	0.7075286415711948
3.06079204E8	0.4199375923797011
3.060852755E8	10.491575817641229
3.06091306E8	0.027967371400033296
3.060973105E8	8.391202932355881
3.06103308E8	7.673285499749708
3.06109298E8	14.401536662769333
3.06115231E8	3.102228270113965
3.06121083E8	0.40583690987124466
3.061268995E8	28.65719696969697
3.061326905E8	2.912885348112227
3.061384525E8	17.99791304347826
3.06144196E8	0.01289872755795712
3.06149915E8	7.205753376600597
3.061556135E8	11.997015449438202
3.061612865E8	11.751150442477876
3.061668935E8	39.389647735442125
3.061724375E8	36.984793627805935
3.06177958E8	0.019213340583650533
3.06183465E8	1.0876841913771147
3.0618895E8	74.00456787867714
3.061944175E8	3.840351519589894
3.061998695E8	11.606027195883867
3.062052965E8	0.0131189948263119
3.062107035E8	25.589226212513882
3.062160895E8	11.245251396648044
3.06221455E8	6.358701734750979
3.062267975E8	0.6885800150262961
3.062321055E8	0.12301587301587301
3.062373925E8	0.020446800454373342
3.062426715E8	1.9476876421531464
3.06247945E8	9.722633276418136
3.062532015E8	0.7586798931705456
3.062584425E8	35.00267175572519
3.06263673E8	10.494158207239993
3.062688905E8	65.4957805907173
3.06274102E8	2.6555960837012864
3.06279276E8	18.90173185444639
3.062844135E8	3.6728971962616823
3.062895485E8	0.27580833657966497
3.06294667E8	0.0895551636292377
3.06299761E8	12.67787610619469
3.063048415E8	5.466903073286052
3.063099165E8	13.671068190776507
3.063149815E8	0.038765822784810125
3.063200175E8	0.2890749601275917
3.063250325E8	17.633625847626647
3.06330018E8	0.5501311276982046
3.063349735E8	0.008276140492531288
3.063399235E8	0.4684593610998787
3.06344861E8	1.9383242036924326
3.063497735E8	6.533292483660131
3.06354609E8	66.27497382198953
3.06359362E8	9.63707461424646
3.06364072E8	1.345915973555129
3.06368756E8	0.6715110066253474
3.063734225E8	13.617963042544048
3.063780725E8	0.9584588893671976
3.06382707E8	10.036340038935757
3.063873235E8	1.5642082429501085
3.06391931E8	7.722475570032573
3.063965295E8	8.138283972125436
3.06401082E8	11.067582539330822
3.064055785E8	9.649330357142857
3.06410055E8	2.8929130337581044
3.0641452E8	2.5514920350011216
3.0641896E8	0.6301153063531539
3.064233765E8	5.908163265306122
3.06427766E8	20.63492790112154
3.064321085E8	3.9534291010194624
3.06436424E8	0.6563151796060255
3.06440737E8	0.8466713059614939
3.064450465E8	18.76648096564531
3.06449342E8	0.22204062572962877
3.06453625E8	0.0
3.06457902E8	14.756965581830952
3.064621725E8	1.053864168618267
3.06466441E8	14.06772908366534
3.06470704E8	13.350082178915239
3.064749595E8	10.549388523047977
3.064792095E8	0.8575800376647834
3.06483446E8	7.699408284023669
3.064876545E8	108.62356870229007
3.064918455E8	0.48758949880668256
3.0649603E8	49.69514237855947
3.065001735E8	0.3201071080817916
3.06504273E8	47.97360058665363
3.065083565E8	0.55053974484789
3.06512427E8	9.081918819188191
3.06516488E8	6.752526497411881
3.065205265E8	41.29303482587065
3.065245425E8	4.831256231306082
3.06528524E8	0.011136421159200202
3.06532471E8	12.521683996956632
3.065364115E8	31.869222955815136
3.065403375E8	0.0
3.0654423E8	20.215448204598296
3.06548097E8	0.06083354905513849
3.0655195E8	0.3739266198282592
3.065557735E8	1.3958990536277602
3.06559577E8	5.861951091243755
3.065633635E8	0.8023872679045093
3.065671335E8	5.6026525198938995
3.065709005E8	10.982731137088203
3.065746505E8	3.607869379014989
3.065783835E8	49.75522788203753
3.06582112E8	25.373490743225116
3.06585833E8	1.1477792732166892
3.06589543E8	6.286369770580297
3.065932395E8	17.260303687635574
3.065969265E8	25.24253933803581
3.06600612E8	4.8640434192673
3.066042955E8	6.189570885388376
3.06607968E8	3.0712530712530715
3.0661163E8	11.322589456432668
3.066152875E8	0.8530377668308703
3.06618939E8	0.20635790627569198
3.066225875E8	0.25959429824561403
3.066262295E8	51.254950495049506
3.066298605E8	4.018753447324876
3.066334545E8	0.120157215047726
3.06637011E8	0.15601239087580962
3.0664056E8	1.21370171976318
3.066440915E8	38.416666666666664
3.066476025E8	10.260125499144324
3.066511055E8	2.859142857142857
3.06654603E8	59.54678111587983
3.066580945E8	9.93262614678899
3.066615705E8	0.14376443418013857
3.06665033E8	3.2834440913030916
3.06668493E8	0.04047412546978896
3.066719485E8	9.673522595596756
3.066753845E8	7.906725146198831
3.06678798E8	0.7064866451423539
3.066821985E8	0.3968768414849735
3.06685591E8	0.0
3.066889815E8	16.757227138643067
3.066923705E8	9.018595041322314
3.066957585E8	1.389905548996458
3.066991455E8	60.616361488481985
3.067025305E8	1.898936170212766
3.06705914E8	41.358261897723914
3.067092965E8	0.031046717918391486
3.06712672E8	0.3039477589789255
3.06716041E8	18.90709409320273
3.067194095E8	19.087589073634206
3.067227775E8	41.940320665083135
3.067248635E8	0.18034825870646767
3.06726541E8	0.14190513524108192
3.067294915E8	0.2853731343283582
3.067328405E8	1.7574671445639187
3.067361665E8	0.7064164648910412
3.06739469E8	0.0378673129354741
3.06742768E8	0.09463148316651501
3.06746065E8	3.8092205034880195
3.067493595E8	15.438335358444714
3.067526505E8	10.64711246200608
3.06755933E8	0.18931297709923664
3.067591995E8	12.414671577655003
3.067624565E8	36.891584766584764
3.067657115E8	6.649969268592502
3.06768965E8	0.16446357208730403
3.06772208E8	15.763996288277141
3.067754395E8	0.05944272445820433
3.067786575E8	5.724578914535247
3.067818625E8	2.0102996254681647
3.067850465E8	5.615676359039191
3.0678821E8	0.5086942775845716
3.067913705E8	24.053831538948703
3.067945245E8	0.21523809523809523
3.06797666E8	18.52345994254708
3.0680079E8	0.0
3.06803903E8	2.387335261973642
3.068070135E8	0.036334405144694534
3.068101235E8	24.78038585209003
3.06813233E8	26.35316822129302
3.068163365E8	5.10296965784377
3.068194285E8	0.012313674659753726
3.06822513E8	29.102497567304574
3.068255925E8	16.407672301690507
3.068286625E8	2.449738903394256
3.068317255E8	18.748856956237752
3.068347845E8	1.1053664921465969
3.068378385E8	0.04750982961992136
3.0684088E8	0.24348399868030354
3.06843903E8	15.4106135986733
3.068469175E8	27.1635700066357
3.068499285E8	16.158909574468087
3.068529315E8	28.81087391594396
3.06855925E8	0.36032117765138844
3.06858904E8	18.11586392724823
3.06861871E8	0.20370994940978077
3.06864829E8	19.91087766858692
3.068677785E8	0.0
3.06870722E8	2.1908812521265735
3.068736605E8	12.562287270251872
3.06876586E8	3.66735324407827
3.06879498E8	0.7615939539677087
3.068824045E8	0.2870434183321847
3.068853035E8	21.613950276243095
3.06888198E8	0.10197027307293467
3.0689109E8	0.0
3.068939665E8	0.6153039832285115
3.06896809E8	1.3786751682607155
3.068996235E8	1.6375623663578047
3.069024245E8	44.66165951359084
3.06905212E8	2.2831953940266283
3.069079905E8	4.174946004319654
3.069107675E8	0.715778097982709
3.06913543E8	3.9801801801801804
3.06916313E8	0.19349005424954793
3.06919067E8	40.643091505650744
3.069218095E8	24.833698030634572
3.069245455E8	9.167399267399267
3.06927266E8	24.807082257469567
3.06929975E8	6.949390469154045
3.069326695E8	0.05331841909023117
3.069353465E8	16.526571856287426
3.06938016E8	0.10873640794900638
3.06940674E8	105.39373348433371
3.06943317E8	3.043989381873341
3.069459505E8	0.10570342205323194
3.069485655E8	19.22923076923077
3.06951153E8	0.2978640776699029
3.069537225E8	49.72503900156006
3.069562725E8	0.09384858044164038
3.069587885E8	0.015224358974358974
3.069612825E8	17.290529695024077
3.069637735E8	3.246184738955823
3.0696626E8	32.26379379782521
3.06968739E8	29.2610101010101
3.06971213E8	0.03315810756166599
3.06973672E8	0.0
3.069761095E8	0.16090534979423868
3.06978536E8	0.7078002476269087
3.0698095E8	0.057380457380457384
3.06983354E8	0.08947149396587599
3.06985755E8	1.822842851187995
3.06988152E8	1.1966597077244259
3.06990543E8	32.6217008797654
3.069929255E8	0.09882253994953742
3.069953025E8	4.675084175084175
3.069976725E8	25.0334179357022
3.070000295E8	1.452340425531915
3.07002367E8	0.09032258064516129
3.07004687E8	0.04319654427645788
3.070070005E8	0.28027681660899656
3.070093035E8	0.45510026155187444
3.070115925E8	0.016637478108581436
3.07013868E8	28.348478164975738
3.07016134E8	99.41103752759382
3.07018396E8	4.672421425409473
3.07020655E8	0.05533421868083223
3.070229135E8	0.2971656333038087
3.0702516E8	32.64921700223714
3.07027389E8	1.3801169590643274
3.0702961E8	17.320865254619196
3.070318285E8	46.984220018034264
3.070340435E8	0.385623869801085
3.070362525E8	10.381233000906619
3.07038456E8	3.535211267605634
3.07040653E8	0.0
3.0704284E8	0.9335167354424576
3.070450185E8	15.733915441176471
3.07047178E8	2.4680354643023796
3.0704932E8	0.03549743110695937
3.07051452E8	5.2906264719736225
3.070535745E8	0.04241281809613572
3.07055696E8	5.354549740688355
3.07057816E8	23.72958942897593
3.07059934E8	0.11856400566839868
3.0706204E8	0.017183770883054894
3.070641345E8	0.12368672397325692
3.07066228E8	4.76158623984711
3.070683165E8	0.5345489443378119
3.070704E8	1.313010081613058
3.07072481E8	525.2948532948533
3.07074558E8	0.13397590361445783
3.070766325E8	0.044358727097396335
3.070787045E8	4.033333333333333
3.07080772E8	1.8590799031476997
3.070828335E8	8.924198250728862
3.07084889E8	0.0
3.07086942E8	0.5757428153921091
3.07088987E8	0.0
3.070910185E8	3.6159921026653503
3.07093044E8	7.606913580246913
3.07095069E8	36.297283950617285
3.07097091E8	1.3224368499257058
3.07099108E8	1.3682382133995037
3.071011185E8	11.308075772681955
3.07103122E8	0.47926036981509246
3.071051185E8	4.384538152610442
3.071071095E8	0.4
3.071090915E8	4.483789260385005
3.07111059E8	0.0
3.071130195E8	0.2836734693877551
3.07114979E8	0.25880551301684535
3.07116933E8	40.02821959979477
3.071188785E8	0.639546858908342
3.071208195E8	1.5943298969072166
3.07122752E8	0.13350649350649352
3.071246735E8	1.1772679874869656
3.071265845E8	0.5372899159663865
3.07128479E8	0.010079575596816976
3.07130355E8	0.2870915907873594
3.07132213E8	1.5348837209302326
3.071340475E8	0.0
3.07135863E8	1.6405300938707896
3.071376725E8	8.591261061946902
3.07139478E8	1.9772601220188575
3.07141279E8	0.0
3.071430775E8	0.457174638487208
3.07144871E8	0.747903856903298
3.071466595E8	0.021252796420581657
3.07148442E8	8.31176139561058
3.07150216E8	0.4522868435911914
3.071519825E8	0.04597048808172531
3.071537425E8	0.1080773606370876
3.071554995E8	2.8735763097949887
3.071572545E8	0.40421892816419613
3.07159008E8	0.06560182544209926
3.071607605E8	0.5399543378995434
3.071625115E8	1.9674285714285715
3.07164259E8	0.1518624641833811
3.07165998E8	0.0
3.071677295E8	0.20751445086705203
3.07169459E8	0.04164256795835743
3.07171187E8	15.579038795599304
3.07172911E8	27.294596165020337
3.071746285E8	7.646441073512252
3.071763405E8	13.89298245614035
3.0717805E8	0.0
3.07179757E8	10.367155425219941
3.0718146E8	1.1428571428571428
3.07183154E8	1.3183165382335507
3.071848325E8	0.12934131736526946
3.071864995E8	77.21875
3.07188158E8	15.977011494252874
3.07189806E8	5.6311625076080345
3.07191447E8	11.204392922513728
3.071930855E8	0.09706959706959707
3.07194713E8	57.81385281385281
3.07196327E8	2.2004965859714463
3.071979365E8	8.266169154228855
3.07199539E8	0.9067000626174077
3.07201133E8	0.0
3.072027235E8	0.02389937106918239
3.072043025E8	0.19196428571428573
3.07205867E8	0.6374119154388213
3.07207427E8	0.0
3.07208982E8	0.5654416505480335
3.072105315E8	0.0
3.07212076E8	18.792342634652822
3.072136115E8	0.2803921568627451
3.072151395E8	9.13040629095675
3.072166655E8	5.167103538663172
3.07218189E8	0.799474030243261
3.07219709E8	0.0
3.07221218E8	0.0
3.072227155E8	0.07085561497326204
3.072242065E8	0.3122476446837147
3.07225692E8	0.04713804713804714
3.072271765E8	29.467654986522913
3.07228659E8	13.343686698176908
3.072301395E8	0.0
3.072316155E8	0.0
3.072330835E8	0.4180327868852459
3.0723454E8	15.993788819875776
3.072359815E8	8.737796373779638
3.072374155E8	0.05299860529986053
3.07238849E8	23.611304954640612
3.072402775E8	0.08356741573033707
3.072416995E8	12.665492957746478
3.072431125E8	6.246799431009958
3.072445175E8	0.41025641025641024
3.07245921E8	0.05559515324305061
3.07247322E8	0.03788420300214439
3.072487205E8	3.7975679542203147
3.072501165E8	0.4835007173601148
3.072515085E8	10.127338129496403
3.072528945E8	0.5680173661360347
3.07254274E8	4.8809005083514885
3.072556495E8	9.317321688500728
3.072570195E8	36.40702781844802
3.07258382E8	22.415746872700517
3.07259739E8	0.0
3.072610935E8	0.0
3.072624475E8	7.998522895125554
3.072637995E8	8.278518518518519
3.07265146E8	0.06924795234549516
3.072664865E8	9.597907324364723
3.072678185E8	0.053544494720965306
3.072691435E8	0.04380664652567976
3.072704615E8	0.5838414634146342
3.07271773E8	12.643020594965675
3.072730825E8	16.81422018348624
3.072743855E8	0.0
3.072756825E8	4.197530864197531
3.072769735E8	0.03188180404354588
3.07278257E8	0.0
3.07279535E8	0.611764705882353
3.07280808E8	0.0
3.07282078E8	3.077226162332545
3.07283345E8	1.6379446640316206
3.072846035E8	5.940894568690096
3.072858485E8	0.16155088852988692
3.072870805E8	9.597879282218598
3.07288306E8	1.476734693877551
3.072895305E8	0.031862745098039214
3.0729075E8	0.0
3.072919625E8	1.8793388429752067
3.0729317E8	1.2165975103734439
3.072943745E8	0.09883720930232558
3.07295576E8	0.0
3.07296769E8	1.4254422914911542
3.072979505E8	0.15816326530612246
3.072991265E8	0.0
3.073002965E8	0.03436426116838488
3.0730146E8	0.06534823731728288
3.0730262E8	32.80207433016422
3.073037765E8	0.1185121107266436
3.073049325E8	0.0
3.073060875E8	3.1785095320623915
3.07307234E8	0.16593503072870938
3.073083675E8	0.0
3.0730949E8	0.24440465532676814
3.07310606E8	24.641255605381165
3.073117205E8	0.0
3.07312834E8	16.89487870619946
3.07313946E8	0.0
3.07315057E8	0.0891089108910891
3.073161665E8	0.6028880866425993
3.07317273E8	0.7529411764705882
3.073183765E8	4.717785843920145
3.073194775E8	1.5672727272727274
3.073205775E8	3.37
3.07321677E8	0.09463148316651501
3.073227755E8	0.03642987249544627
3.073238735E8	108.68852459016394
3.07324967E8	9.042240587695133
3.07326045E8	0.07497656982193064
3.07327112E8	2.279287722586692
3.07328175E8	0.028328611898016998
3.07329233E8	3.8609271523178808
3.073302885E8	18.63851992409867
3.0733134E8	39.30123927550048
3.07332388E8	0.3772683858643744
3.073334315E8	0.5076923076923077
3.073344645E8	3.4541910331384016
3.073354855E8	4.1515748031496065
3.073365005E8	1.824457593688363
3.07337512E8	0.2309217046580773
3.07338521E8	0.0
3.07339524E8	7.097291875626881
3.073405195E8	0.0
3.073415095E8	0.03144016227180527
3.073424955E8	0.0
3.07343481E8	0.0
3.07344466E8	0.19796954314720813
3.07345449E8	6.653414882772681
3.0734643E8	0.0
3.073474095E8	0.0
3.073483845E8	0.0
3.073493565E8	0.0
3.07350326E8	0.7280248190279214
3.073512895E8	0.1
3.07352248E8	0.1891327063740857
3.07353193E8	47.91103965702037
3.07354126E8	0.07395498392282958
3.073550565E8	0.1584051724137931
3.073559835E8	0.4114470842332613
3.073569075E8	0.04772234273318872
3.073578275E8	0.058823529411764705
3.073587445E8	0.0
3.07359658E8	0.04171240395170143
3.07360568E8	3.1485148514851486
3.07361477E8	0.31903190319031904
3.073623815E8	0.08888888888888889
3.0736328E8	0.0
3.073641745E8	0.0
3.073650655E8	1.2235955056179775
3.07365955E8	0.08886389201349831
3.073668425E8	0.0
3.07367728E8	0.0
3.07368608E8	0.0
3.073694805E8	0.18850574712643678
3.0737035E8	30.67663981588032
3.073712185E8	0.0
3.07372084E8	11.447276940903825
3.073729445E8	0.0
3.07373801E8	16.921637426900585
3.07374652E8	0.0
3.07375497E8	66.35112692763938
3.07376337E8	3.060931899641577
3.07377173E8	1.3017964071856287
3.073780065E8	7.5360576923076925
3.07378836E8	0.06892382103990327
3.073796625E8	0.04600484261501211
3.07380485E8	9.962148962148962
3.073812975E8	13.50620347394541
3.073821025E8	2.2151741293532337
3.073829055E8	0.0
3.07383704E8	0.0
3.073844975E8	3.0934343434343434
3.073852875E8	0.025380710659898477
3.07386072E8	13.153649167733676
3.07386853E8	0.0
3.073876335E8	0.04871794871794872
3.07388411E8	4.596129032258064
3.073891845E8	0.08031088082901554
3.073899525E8	4.18848167539267
3.073907155E8	0.6719160104986877
3.073914765E8	0.0
3.073922355E8	0.15963060686015831
3.07392992E8	0.0728476821192053
3.073937465E8	0.05172413793103448
3.073944975E8	0.0
3.073952445E8	0.0
3.073959905E8	0.05227882037533512
3.073967355E8	0.0
3.073974755E8	0.08831521739130435
3.073982085E8	20.96712328767123
3.07398938E8	0.0
3.07399665E8	0.060689655172413794
3.074003845E8	0.0
3.074010975E8	0.05337078651685393
3.07401809E8	0.0
3.074025195E8	0.4676056338028169
3.074032295E8	0.14507042253521127
3.074039365E8	0.028409090909090908
3.0740464E8	0.04551920341394026
3.0740534E8	0.0
3.074060365E8	0.17672413793103448
3.07406728E8	5.462882096069869
3.07407414E8	0.2
3.07408095E8	0.0
3.07408771E8	0.0
3.074094455E8	0.0771513353115727
3.07410119E8	0.0
3.07410791E8	0.0
3.074114535E8	0.0
3.074121015E8	0.735202492211838
3.07412743E8	9.205928237129486
3.07413383E8	0.046948356807511735
3.07414021E8	0.0
3.07414658E8	1.5211930926216641
3.07415294E8	0.0
3.074159275E8	0.0
3.074165575E8	0.07006369426751592
3.07417184E8	0.0
3.074178075E8	0.1527331189710611
3.074184285E8	0.0
3.07419046E8	0.3121951219512195
3.074196585E8	0.0
3.07420267E8	2.3640856672158157
3.07420871E8	0.033277870216306155
3.07421472E8	0.09816971713810316
3.074220725E8	0.16166666666666665
3.07422671E8	0.0
3.074232665E8	0.06734006734006734
3.074238595E8	0.3935810810810811
3.074244515E8	0.24155405405405406
3.07425042E8	4.142614601018676
3.074256305E8	0.11564625850340136
3.074262165E8	0.136986301369863
3.074268005E8	0.14897260273972604
3.074273815E8	0.07439446366782007
3.074279595E8	17.365051903114185
3.07428537E8	0.0
3.07429113E8	0.43130434782608695
3.074296855E8	0.14385964912280702
3.07430254E8	0.6984126984126984
3.07430819E8	0.30017761989342806
3.074313815E8	0.0
3.074319415E8	0.0
3.07432497E8	1.104882459312839
3.074330485E8	0.4163636363636364
3.074335975E8	0.48905109489051096
3.074341455E8	47.00547445255474
3.07434693E8	0.0
3.0743524E8	0.0
3.074357865E8	1.9065934065934067
3.074363325E8	0.3882783882783883
3.07436878E8	0.0
3.07437422E8	0.0
3.07437964E8	0.23105360443622922
3.07438504E8	10.155844155844155
3.074390425E8	244.135687732342
3.07439579E8	0.0
3.074401125E8	0.0
3.07440644E8	0.3050847457627119
3.07441174E8	3.183364839319471
3.074417025E8	0.0
3.07442227E8	0.1765834932821497
3.07442747E8	0.08863198458574181
3.07443264E8	427.49320388349514
3.074437785E8	0.0
3.0744429E8	0.0
3.07444798E8	2.027613412228797
3.074453045E8	0.0
3.0744581E8	0.1504950495049505
3.074463125E8	0.53
3.07446812E8	224.70340681362725
3.074473085E8	0.0
3.074478015E8	0.0
3.074482925E8	0.0
3.074487815E8	0.0
3.07449269E8	1.9281314168377823
3.074497555E8	0.1419753086419753
3.07450239E8	0.0
3.0745072E8	0.0
3.07451198E8	0.0
3.074516695E8	0.0
3.074521375E8	0.0
3.074526035E8	0.07112068965517242
3.07453067E8	0.4168466522678186
3.07453528E8	0.13071895424836602
3.07453982E8	0.0
3.074544305E8	0.0
3.074548775E8	0.0
3.07455321E8	0.6190476190476191
3.074557615E8	0.0
3.07456201E8	0.0
3.07456637E8	0.0
3.0745707E8	0.0
3.07457503E8	0.12009237875288684
3.07457932E8	0.0
3.07458353E8	1.0839328537170263
3.0745877E8	0.0
3.07459185E8	0.0
3.074595975E8	0.30097087378640774
3.07460009E8	0.0
3.07460419E8	0.0
3.074608275E8	0.803921568627451
3.07461234E8	0.2765432098765432
3.07461637E8	0.0
3.07462037E8	0.0
3.07462436E8	0.0
3.074628295E8	0.36082474226804123
3.074632175E8	0.0
3.07463604E8	1.9324675324675324
3.074639885E8	0.0
3.074643725E8	0.0
3.07464756E8	0.13577023498694518
3.074651385E8	6.9319371727748695
3.0746552E8	0.0
3.074659E8	0.0
3.074662785E8	0.0
3.07466655E8	18.245333333333335
3.07467028E8	0.0
3.07467397E8	0.41689373297002724
3.07467764E8	0.0
3.074681295E8	0.0
3.074684925E8	0.0
3.074688535E8	4.780555555555556
3.074692125E8	1.5754189944134078
3.07469565E8	32.190201729106626
3.0746991E8	0.17784256559766765
3.07470252E8	0.17888563049853373
3.074705915E8	0.0
3.07470929E8	0.0
3.07471266E8	0.0
3.07471601E8	0.0
3.07471933E8	2.0755287009063443
3.074722625E8	0.0
3.0747259E8	0.14984709480122324
3.07472917E8	0.0
3.074732435E8	0.0
3.07473569E8	0.0
3.07473894E8	0.0
3.07474218E8	0.0
3.07474541E8	0.0
3.07474863E8	0.37694704049844235
3.074751825E8	0.0
3.074754995E8	0.0
3.074758155E8	0.0
3.0747613E8	0.9041533546325878
3.074764425E8	0.0
3.074767535E8	0.0
3.07477063E8	0.5533980582524272
3.07477372E8	0.0
3.074776785E8	1.118421052631579
3.074779805E8	0.0
3.0747828E8	0.0
3.074785785E8	0.13087248322147652
3.07478873E8	0.0
3.074791635E8	9.317241379310344
3.074794525E8	0.0
3.07479739E8	0.0
3.07480024E8	0.4842105263157895
3.074803065E8	0.0
3.074805865E8	0.0
3.07480866E8	0.0
3.07481141E8	0.0
3.07481412E8	0.0
3.074816825E8	0.6814814814814815
3.0748195E8	0.0
3.07482213E8	0.0
3.074824735E8	0.15384615384615385
3.074827325E8	0.0
3.074829885E8	0.0
3.074832415E8	0.0
3.074834925E8	0.0
3.07483741E8	0.0
3.07483986E8	0.12345679012345678
3.07484227E8	0.0
3.07484466E8	0.0
3.07484705E8	0.0
3.07484943E8	0.270042194092827
3.074851795E8	0.0
3.074854115E8	0.0
3.07485639E8	0.0
3.074858655E8	0.6637168141592921
3.074860915E8	0.0
3.074863175E8	0.4247787610619469
3.07486542E8	0.0
3.07486762E8	0.0
3.074869785E8	0.0
3.074871945E8	0.0
3.07487409E8	0.0
3.07487621E8	0.0
3.0748783E8	0.0
3.074880335E8	0.0
3.07488232E8	0.0
3.07488428E8	0.0
3.074886225E8	0.5515463917525774
3.0748881E8	0.0
3.07488991E8	0.0
3.07489172E8	0.0
3.07489351E8	0.0
3.074895275E8	0.0
3.07489703E8	0.0
3.07489878E8	0.22285714285714286
3.07490053E8	0.0
3.074902265E8	0.5697674418604651
3.07490395E8	0.0
3.074905575E8	0.0
3.074907135E8	0.0
3.07490864E8	0.0
3.07491012E8	0.38095238095238093
3.074911565E8	0.0
3.07491297E8	0.0
3.074914355E8	0.34782608695652173
3.074915695E8	0.0
3.074916995E8	0.0
3.074918285E8	0.0
3.074919565E8	0.0
3.07492084E8	0.0
3.07492211E8	0.0
3.07492338E8	0.0
3.074924645E8	0.0
3.074925885E8	0.0
3.074927095E8	0.0
3.074928275E8	0.0
3.074929365E8	0.0
3.074930385E8	0.0
3.074931395E8	0.0
3.07493239E8	0.0
3.07493338E8	0.0
3.07493436E8	0.0
3.07493525E8	0.0
3.074936035E8	0.0
3.07493678E8	0.0
3.074937455E8	0.0
3.07493806E8	0.0
