#Insert size (bp)	insert size
2.0	942.0
3.0	799.0
4.0	841.0
5.0	864.0
6.0	807.0
7.0	840.0
8.0	837.0
9.0	901.0
10.0	835.0
11.0	843.0
12.0	892.0
13.0	901.0
14.0	919.0
15.0	946.0
16.0	932.0
17.0	1091.0
18.0	1043.0
19.0	46843.0
20.0	27353.0
21.0	12769.0
22.0	7054.0
23.0	4371.0
24.0	3071.0
25.0	2613.0
26.0	2603.0
27.0	2437.0
28.0	2088.0
29.0	2073.0
30.0	1934.0
31.0	2403.0
32.0	2090.0
33.0	2139.0
34.0	1976.0
35.0	2349.0
36.0	2184.0
37.0	2180.0
38.0	2210.0
39.0	2280.0
40.0	2340.0
41.0	2455.0
42.0	2329.0
43.0	2369.0
44.0	2616.0
45.0	2633.0
46.0	2502.0
47.0	2441.0
48.0	2540.0
49.0	2720.0
50.0	2680.0
51.0	2697.0
52.0	2846.0
53.0	2827.0
54.0	2801.0
55.0	2813.0
56.0	3064.0
57.0	3537.0
58.0	3071.0
59.0	3101.0
60.0	3237.0
61.0	3385.0
62.0	3436.0
63.0	3498.0
64.0	3556.0
65.0	3586.0
66.0	3763.0
67.0	4002.0
68.0	3793.0
69.0	3864.0
70.0	3837.0
71.0	3974.0
72.0	3799.0
73.0	4016.0
74.0	4163.0
75.0	4330.0
76.0	4121.0
77.0	4235.0
78.0	4402.0
79.0	4254.0
80.0	4392.0
81.0	4438.0
82.0	4707.0
83.0	5016.0
84.0	4742.0
85.0	4691.0
86.0	4716.0
87.0	4864.0
88.0	5036.0
89.0	5021.0
90.0	4951.0
91.0	5157.0
92.0	5323.0
93.0	5289.0
94.0	5373.0
95.0	5585.0
96.0	5456.0
97.0	5613.0
98.0	5918.0
99.0	5812.0
100.0	5748.0
101.0	6016.0
102.0	6089.0
103.0	6097.0
104.0	6345.0
105.0	6387.0
106.0	6446.0
107.0	6587.0
108.0	6557.0
109.0	6720.0
110.0	6891.0
111.0	7093.0
112.0	7266.0
113.0	7584.0
114.0	7810.0
115.0	8225.0
116.0	8846.0
117.0	10076.0
118.0	20164.0
119.0	21159.0
120.0	21674.0
121.0	22299.0
122.0	22857.0
123.0	23227.0
124.0	23649.0
125.0	24513.0
126.0	24822.0
127.0	25413.0
128.0	26059.0
129.0	26769.0
130.0	27288.0
131.0	28392.0
132.0	28760.0
133.0	29280.0
134.0	29921.0
135.0	30371.0
136.0	31029.0
137.0	31757.0
138.0	32709.0
139.0	33753.0
140.0	34127.0
141.0	34710.0
142.0	35649.0
143.0	35790.0
144.0	37076.0
145.0	36980.0
146.0	37935.0
147.0	37774.0
148.0	38045.0
149.0	39155.0
150.0	39402.0
151.0	39656.0
152.0	40393.0
153.0	40976.0
154.0	40933.0
155.0	41463.0
156.0	41999.0
157.0	42247.0
158.0	42536.0
159.0	42621.0
160.0	42880.0
161.0	43317.0
162.0	44009.0
163.0	43769.0
164.0	44687.0
165.0	44215.0
166.0	44746.0
167.0	44632.0
168.0	45089.0
169.0	44910.0
170.0	45198.0
171.0	45198.0
172.0	45541.0
173.0	45664.0
174.0	45670.0
175.0	46126.0
176.0	45956.0
177.0	45774.0
178.0	45755.0
179.0	46241.0
180.0	46450.0
181.0	45884.0
182.0	46149.0
183.0	46366.0
184.0	46050.0
185.0	46209.0
186.0	45562.0
187.0	45853.0
188.0	46068.0
189.0	46270.0
190.0	46242.0
191.0	46110.0
192.0	46089.0
193.0	45635.0
194.0	45942.0
195.0	45902.0
196.0	45821.0
197.0	45379.0
198.0	45758.0
199.0	45450.0
200.0	45005.0
201.0	45167.0
202.0	45182.0
203.0	45214.0
204.0	44834.0
205.0	44953.0
206.0	44771.0
207.0	44518.0
208.0	44305.0
209.0	44313.0
210.0	43960.0
211.0	43947.0
212.0	43744.0
213.0	43900.0
214.0	43672.0
215.0	43155.0
216.0	43105.0
217.0	43186.0
218.0	42904.0
219.0	42965.0
220.0	42454.0
221.0	42363.0
222.0	42659.0
223.0	41845.0
224.0	42224.0
225.0	41938.0
226.0	41368.0
227.0	41335.0
228.0	40991.0
229.0	40983.0
230.0	41324.0
231.0	41381.0
232.0	41392.0
233.0	41258.0
234.0	41706.0
235.0	41759.0
236.0	41905.0
237.0	41396.0
238.0	41456.0
239.0	41366.0
240.0	40996.0
241.0	40936.0
242.0	40898.0
243.0	40968.0
244.0	40569.0
245.0	40054.0
246.0	40483.0
247.0	39792.0
248.0	39897.0
249.0	39703.0
250.0	39541.0
251.0	39644.0
252.0	39429.0
253.0	39132.0
254.0	39137.0
255.0	38757.0
256.0	38737.0
257.0	38759.0
258.0	38094.0
259.0	38499.0
260.0	38332.0
261.0	38203.0
262.0	38029.0
263.0	37541.0
264.0	38590.0
265.0	37597.0
266.0	37609.0
267.0	37265.0
268.0	37023.0
269.0	37313.0
270.0	36971.0
271.0	37074.0
272.0	36889.0
273.0	36896.0
274.0	36596.0
275.0	36987.0
276.0	36724.0
277.0	36017.0
278.0	36461.0
279.0	35883.0
280.0	36192.0
281.0	36045.0
282.0	36026.0
283.0	36254.0
284.0	36198.0
285.0	35866.0
286.0	35664.0
287.0	35714.0
288.0	35512.0
289.0	35359.0
290.0	35005.0
291.0	35176.0
292.0	35427.0
293.0	35353.0
294.0	35303.0
295.0	35024.0
296.0	34829.0
297.0	34855.0
298.0	34783.0
299.0	34765.0
300.0	34910.0
301.0	34535.0
302.0	35043.0
303.0	34614.0
304.0	34610.0
305.0	34488.0
306.0	34197.0
307.0	34536.0
308.0	34236.0
309.0	34528.0
310.0	34291.0
311.0	34102.0
312.0	34295.0
313.0	34474.0
314.0	34599.0
315.0	33901.0
316.0	34017.0
317.0	34129.0
318.0	33922.0
319.0	34168.0
320.0	34139.0
321.0	34046.0
322.0	34148.0
323.0	34336.0
324.0	33907.0
325.0	33894.0
326.0	34169.0
327.0	34129.0
328.0	33872.0
329.0	33652.0
330.0	34093.0
331.0	33983.0
332.0	34257.0
333.0	34272.0
334.0	34110.0
335.0	33842.0
336.0	34168.0
337.0	33981.0
338.0	34604.0
339.0	34263.0
340.0	34070.0
341.0	34361.0
342.0	34385.0
343.0	34209.0
344.0	34971.0
345.0	34931.0
346.0	34753.0
347.0	34774.0
348.0	34583.0
349.0	34712.0
350.0	34937.0
351.0	35383.0
352.0	35032.0
353.0	34824.0
354.0	35276.0
355.0	35281.0
356.0	35713.0
357.0	35478.0
358.0	36087.0
359.0	35788.0
360.0	35909.0
361.0	36478.0
362.0	36522.0
363.0	36791.0
364.0	36653.0
365.0	36938.0
366.0	37423.0
367.0	37711.0
368.0	37757.0
369.0	37881.0
370.0	38155.0
371.0	38612.0
372.0	38676.0
373.0	38986.0
374.0	39308.0
375.0	40104.0
376.0	39899.0
377.0	40527.0
378.0	40825.0
379.0	41019.0
380.0	41624.0
381.0	41896.0
382.0	42422.0
383.0	42729.0
384.0	43291.0
385.0	43585.0
386.0	44027.0
387.0	44656.0
388.0	45506.0
389.0	45586.0
390.0	46897.0
391.0	46713.0
392.0	47455.0
393.0	48149.0
394.0	48833.0
395.0	49798.0
396.0	50060.0
397.0	50785.0
398.0	51293.0
399.0	51945.0
400.0	53166.0
401.0	53508.0
402.0	54262.0
403.0	54966.0
404.0	56131.0
405.0	56229.0
406.0	57166.0
407.0	57961.0
408.0	58845.0
409.0	59633.0
410.0	60486.0
411.0	60773.0
412.0	61626.0
413.0	62205.0
414.0	62638.0
415.0	63929.0
416.0	64500.0
417.0	64931.0
418.0	65818.0
419.0	66284.0
420.0	66844.0
421.0	68046.0
422.0	67897.0
423.0	68479.0
424.0	69487.0
425.0	70600.0
426.0	70465.0
427.0	70909.0
428.0	71541.0
429.0	72349.0
430.0	72944.0
431.0	73105.0
432.0	73832.0
433.0	73745.0
434.0	74609.0
435.0	74403.0
436.0	75596.0
437.0	75604.0
438.0	75390.0
439.0	76036.0
440.0	76734.0
441.0	76476.0
442.0	76509.0
443.0	77987.0
444.0	78672.0
445.0	78258.0
446.0	79276.0
447.0	79272.0
448.0	79167.0
449.0	79651.0
450.0	79525.0
451.0	80480.0
452.0	81006.0
453.0	81095.0
454.0	81266.0
455.0	81720.0
456.0	82395.0
457.0	82401.0
458.0	83277.0
459.0	83858.0
460.0	83261.0
461.0	84380.0
462.0	84721.0
463.0	84779.0
464.0	85416.0
465.0	85841.0
466.0	86103.0
467.0	86651.0
468.0	86994.0
469.0	86737.0
470.0	88046.0
471.0	88134.0
472.0	88254.0
473.0	88793.0
474.0	89194.0
475.0	89111.0
476.0	90113.0
477.0	90509.0
478.0	90625.0
479.0	91311.0
480.0	91601.0
481.0	91974.0
482.0	91976.0
483.0	92609.0
484.0	93260.0
485.0	93786.0
486.0	94059.0
487.0	94434.0
488.0	95355.0
489.0	94937.0
490.0	96019.0
491.0	96036.0
492.0	95988.0
493.0	95532.0
494.0	96973.0
495.0	96875.0
496.0	96612.0
497.0	97292.0
498.0	96719.0
499.0	96899.0
500.0	97373.0
501.0	98284.0
502.0	97462.0
503.0	97508.0
504.0	98205.0
505.0	98015.0
506.0	97811.0
507.0	97614.0
508.0	97387.0
509.0	97141.0
510.0	97084.0
511.0	96735.0
512.0	96732.0
513.0	95979.0
514.0	95873.0
515.0	95016.0
516.0	95091.0
517.0	94959.0
518.0	94159.0
519.0	92845.0
520.0	92409.0
521.0	92494.0
522.0	90846.0
523.0	90359.0
524.0	89344.0
525.0	88197.0
526.0	87174.0
527.0	86556.0
528.0	85550.0
529.0	83209.0
530.0	83114.0
531.0	81623.0
532.0	80303.0
533.0	79255.0
534.0	78307.0
535.0	76299.0
536.0	75460.0
537.0	72793.0
538.0	71766.0
539.0	71034.0
540.0	69190.0
541.0	67709.0
542.0	65946.0
543.0	63931.0
544.0	62258.0
545.0	59940.0
546.0	57366.0
547.0	55889.0
548.0	54110.0
549.0	52831.0
550.0	51050.0
551.0	49678.0
552.0	48321.0
553.0	46787.0
554.0	45403.0
555.0	43675.0
556.0	42362.0
557.0	41006.0
558.0	39410.0
559.0	37632.0
560.0	36456.0
561.0	35209.0
562.0	33389.0
563.0	32262.0
564.0	31171.0
565.0	30091.0
566.0	28405.0
567.0	27726.0
568.0	26470.0
569.0	25404.0
570.0	24357.0
571.0	23544.0
572.0	22342.0
573.0	21140.0
574.0	19971.0
575.0	19515.0
576.0	18622.0
577.0	17750.0
578.0	16937.0
579.0	15982.0
580.0	15194.0
581.0	14545.0
582.0	13932.0
583.0	13180.0
584.0	12617.0
585.0	12090.0
586.0	11506.0
587.0	10960.0
588.0	10494.0
589.0	9971.0
590.0	9574.0
591.0	9017.0
592.0	8600.0
593.0	8401.0
594.0	7941.0
595.0	7620.0
596.0	7324.0
597.0	7030.0
598.0	6751.0
599.0	6361.0
600.0	6304.0
601.0	6030.0
602.0	5618.0
603.0	5555.0
604.0	5365.0
605.0	5137.0
606.0	5111.0
607.0	5009.0
608.0	4853.0
609.0	4782.0
610.0	4500.0
611.0	4530.0
612.0	4299.0
613.0	4169.0
614.0	4089.0
615.0	4060.0
616.0	3969.0
617.0	3964.0
618.0	3898.0
619.0	3833.0
620.0	3795.0
621.0	3805.0
622.0	3687.0
623.0	3647.0
624.0	3502.0
625.0	3634.0
626.0	3566.0
627.0	3466.0
628.0	3360.0
629.0	3378.0
630.0	3397.0
631.0	3371.0
632.0	3282.0
633.0	3270.0
634.0	3193.0
635.0	3109.0
636.0	3022.0
637.0	3162.0
638.0	3124.0
639.0	3040.0
640.0	2975.0
641.0	2813.0
642.0	2709.0
643.0	2562.0
644.0	2609.0
645.0	2555.0
646.0	2515.0
647.0	2503.0
648.0	2505.0
649.0	2390.0
650.0	2416.0
651.0	2434.0
652.0	2434.0
653.0	2387.0
654.0	2271.0
655.0	2339.0
656.0	2230.0
657.0	2228.0
658.0	2133.0
659.0	2257.0
660.0	2117.0
661.0	2195.0
662.0	2151.0
663.0	2123.0
664.0	2131.0
665.0	2188.0
666.0	2200.0
667.0	2018.0
668.0	2071.0
669.0	2015.0
670.0	2047.0
671.0	2031.0
672.0	1994.0
673.0	1988.0
674.0	1990.0
675.0	1970.0
676.0	1963.0
677.0	1958.0
678.0	2003.0
679.0	1902.0
680.0	1826.0
681.0	1901.0
682.0	1888.0
683.0	1808.0
684.0	1831.0
685.0	1852.0
686.0	1766.0
687.0	1822.0
688.0	1834.0
689.0	1752.0
690.0	1827.0
691.0	1775.0
692.0	1703.0
693.0	1735.0
694.0	1766.0
695.0	1726.0
696.0	1669.0
697.0	1703.0
698.0	1686.0
699.0	1667.0
700.0	1629.0
701.0	1586.0
702.0	1559.0
703.0	1637.0
704.0	1617.0
705.0	1604.0
706.0	1618.0
707.0	1637.0
708.0	1601.0
709.0	1563.0
710.0	1528.0
711.0	1509.0
712.0	1522.0
713.0	1564.0
714.0	1517.0
715.0	1509.0
716.0	1416.0
717.0	1382.0
718.0	1363.0
719.0	1393.0
720.0	1309.0
721.0	1304.0
722.0	1296.0
723.0	1264.0
724.0	1289.0
725.0	1353.0
726.0	1260.0
727.0	1250.0
728.0	1245.0
729.0	1238.0
730.0	1238.0
731.0	1260.0
732.0	1274.0
733.0	1276.0
734.0	1196.0
735.0	1275.0
736.0	1221.0
737.0	1180.0
738.0	1182.0
739.0	1198.0
740.0	1243.0
741.0	1156.0
742.0	1150.0
743.0	1121.0
744.0	1144.0
745.0	1168.0
746.0	1126.0
747.0	1191.0
748.0	1150.0
749.0	1148.0
750.0	1090.0
751.0	1084.0
752.0	1085.0
753.0	1096.0
754.0	1193.0
755.0	1079.0
756.0	1082.0
757.0	1075.0
758.0	1072.0
759.0	1051.0
760.0	1141.0
761.0	1052.0
762.0	1073.0
763.0	1097.0
764.0	1077.0
765.0	1080.0
766.0	1114.0
767.0	1038.0
768.0	1081.0
769.0	1097.0
770.0	1054.0
771.0	1095.0
772.0	1025.0
773.0	1031.0
774.0	1025.0
775.0	1034.0
776.0	1069.0
777.0	1069.0
778.0	954.0
779.0	976.0
780.0	942.0
781.0	946.0
782.0	922.0
783.0	936.0
784.0	942.0
785.0	901.0
786.0	948.0
787.0	958.0
788.0	938.0
789.0	935.0
790.0	891.0
791.0	910.0
792.0	938.0
793.0	943.0
794.0	881.0
795.0	910.0
796.0	900.0
797.0	898.0
798.0	869.0
799.0	888.0
800.0	920.0
801.0	856.0
802.0	878.0
803.0	900.0
804.0	897.0
805.0	889.0
806.0	879.0
807.0	819.0
808.0	839.0
809.0	870.0
810.0	926.0
811.0	822.0
812.0	863.0
813.0	872.0
814.0	832.0
815.0	868.0
816.0	888.0
817.0	814.0
818.0	844.0
819.0	883.0
820.0	881.0
821.0	763.0
822.0	851.0
823.0	875.0
824.0	846.0
825.0	861.0
826.0	852.0
827.0	853.0
828.0	841.0
829.0	852.0
830.0	884.0
831.0	865.0
832.0	880.0
833.0	846.0
834.0	849.0
835.0	777.0
836.0	734.0
837.0	735.0
838.0	773.0
839.0	730.0
840.0	684.0
841.0	738.0
842.0	738.0
843.0	749.0
844.0	750.0
845.0	708.0
846.0	719.0
847.0	736.0
848.0	669.0
849.0	692.0
850.0	744.0
851.0	727.0
852.0	678.0
853.0	720.0
854.0	680.0
855.0	712.0
856.0	690.0
857.0	718.0
858.0	704.0
859.0	676.0
860.0	691.0
861.0	743.0
862.0	676.0
863.0	655.0
864.0	744.0
865.0	719.0
866.0	692.0
867.0	697.0
868.0	726.0
869.0	690.0
870.0	677.0
871.0	652.0
872.0	699.0
873.0	673.0
874.0	726.0
875.0	651.0
876.0	664.0
877.0	693.0
878.0	672.0
879.0	687.0
880.0	704.0
881.0	663.0
882.0	637.0
883.0	689.0
884.0	645.0
885.0	690.0
886.0	655.0
887.0	565.0
888.0	591.0
889.0	600.0
890.0	594.0
891.0	559.0
892.0	590.0
893.0	581.0
894.0	657.0
895.0	633.0
896.0	594.0
897.0	572.0
898.0	559.0
899.0	584.0
900.0	560.0
901.0	584.0
902.0	578.0
903.0	554.0
904.0	586.0
905.0	544.0
906.0	598.0
907.0	555.0
908.0	562.0
909.0	552.0
910.0	590.0
911.0	535.0
912.0	563.0
913.0	572.0
914.0	570.0
915.0	505.0
916.0	544.0
917.0	575.0
918.0	544.0
919.0	530.0
920.0	551.0
921.0	551.0
922.0	529.0
923.0	523.0
924.0	522.0
925.0	540.0
926.0	512.0
927.0	535.0
928.0	545.0
929.0	521.0
930.0	540.0
931.0	571.0
932.0	479.0
933.0	504.0
934.0	540.0
935.0	452.0
936.0	493.0
937.0	487.0
938.0	458.0
939.0	450.0
940.0	451.0
941.0	474.0
942.0	447.0
943.0	474.0
944.0	482.0
945.0	463.0
946.0	460.0
947.0	460.0
948.0	492.0
949.0	480.0
950.0	496.0
951.0	454.0
952.0	433.0
953.0	457.0
954.0	449.0
955.0	446.0
956.0	446.0
957.0	423.0
958.0	433.0
959.0	416.0
960.0	419.0
961.0	394.0
962.0	460.0
963.0	467.0
964.0	422.0
965.0	452.0
966.0	432.0
967.0	415.0
968.0	439.0
969.0	456.0
970.0	434.0
971.0	409.0
972.0	415.0
973.0	416.0
974.0	406.0
975.0	382.0
976.0	431.0
977.0	394.0
978.0	406.0
979.0	401.0
980.0	372.0
981.0	388.0
982.0	415.0
983.0	388.0
984.0	370.0
985.0	354.0
986.0	399.0
987.0	380.0
988.0	400.0
989.0	387.0
990.0	382.0
991.0	387.0
992.0	410.0
993.0	351.0
994.0	397.0
995.0	399.0
996.0	414.0
997.0	364.0
998.0	405.0
999.0	358.0
1000.0	374.0
