#Position (bp)	insert size
384368.0	974.5605947346324
1153103.0	950.3986556204482
1921838.0	489.23936019894876
2690573.0	518.5509359436717
3459308.0	509.2560898341927
4228043.0	569.9421152160878
4996778.0	474.93347122978565
5765513.0	462.69183799176926
6534248.0	457.30785435970097
7302983.0	427.06462355619254
8071718.0	391.92404161158686
8840453.0	414.1459426725878
9609188.0	396.26529045667655
1.0377923E7	399.1516033236344
1.0801324E7	385.16442738323735
1.11856915E7	825.5644510435501
1.1915393E7	464.9145112365048
1.2684128E7	497.5222873153337
1.3452863E7	508.56284308074316
1.4221598E7	570.5196592773475
1.4990333E7	616.7969825092349
1.5759068E7	425.75865600107437
1.6527803E7	409.2202600667428
1.7296538E7	429.90209866719715
1.8065273E7	463.6214023954237
1.8834008E7	442.22654069143226
1.9602743E7	452.9294120889722
2.018777E7	394.8968718529708
2.05721375E7	1423.4558303886927
2.1140213E7	898.1944303797468
2.1908948E7	697.3512371849225
2.2677683E7	544.5360713044545
2.3446418E7	631.7294840426482
2.4215153E7	456.78791138885254
2.4983888E7	473.8950546173517
2.5752623E7	413.0108845916821
2.6521358E7	390.42367065405296
2.7290093E7	389.42795293806597
2.8058828E7	386.87659948377177
2.86485735E7	389.28879952007463
2.9032941E7	630.4035056696359
2.9596298E7	462.76237269646543
3.0365033E7	450.9109380548932
3.1133768E7	564.6209365441779
3.1902503E7	501.06293559760576
3.2671238E7	440.82221947296796
3.3439973E7	394.261860158076
3.4208708E7	388.0689988403556
3.4977443E7	403.07769540847255
3.5659712E7	386.5320237126584
3.60440795E7	393.34081196581195
3.6514913E7	749.3497687618246
3.7283648E7	452.2990235693437
3.8052383E7	523.1703489337891
3.8821118E7	408.48701522817004
3.9589853E7	420.58819172079313
4.0358588E7	426.5296115801297
4.1127323E7	387.7415821064248
4.1896058E7	391.3590254060808
4.2664793E7	390.8636870082926
4.3049519E7	130.8982630272953
4.34338865E7	936.9620339083089
4.4202263E7	960.3364673796024
4.4970998E7	1174.2246265403062
4.5739733E7	1478.614417333688
4.6508468E7	1843.0692497126909
4.7277203E7	549.5404871758709
4.8045938E7	428.0533071524672
4.8668911E7	384.8709504206193
4.90532785E7	514.9837295990328
4.9583408E7	518.4875113419948
5.0352143E7	445.79099149578406
5.1120878E7	387.49338870347253
5.1889613E7	387.4775764077085
5.2658348E7	393.4079211632702
5.3427083E7	393.1126377799909
5.38687855E7	386.36410256410255
5.4253153E7	2456.7067164492178
5.4964553E7	3427.77862112587
5.5733288E7	1668.5279932500475
5.6502023E7	855.8167812277791
5.7270758E7	537.6526810285518
5.8039493E7	408.6094008139582
5.85039505E7	385.19477557789986
5.8888318E7	763.1640781007322
5.9576963E7	864.0951521244076
6.0345698E7	864.6413900093081
6.1114433E7	499.4752691500705
6.1883168E7	415.420150381694
6.2651903E7	399.853236083965
6.3087631E7	369.5231715006305
6.34719985E7	923.3609673212945
6.4189373E7	748.3762498239685
6.4958108E7	693.2313863578611
6.5726843E7	450.0503314820968
6.6495578E7	405.0152530917195
6.7140034E7	388.68067313648567
6.75244015E7	399.30464554624234
6.8033048E7	510.28407081577853
6.8801783E7	444.3757421073073
6.9570518E7	389.5002546995167
7.0339253E7	393.7592304355592
7.11040115E7	385.0468817826653
7.1488379E7	397.94642857142856
7.1876723E7	428.8116709976274
7.2645458E7	410.76587471461187
7.3414193E7	389.8701905437468
7.4182928E7	394.0499908775771
7.4951663E7	390.4693749766364
7.5358208E7	389.1434782608696
7.57425755E7	1055.395593042359
7.6489133E7	752.7987076455256
7.7257868E7	592.1719117988017
7.8026603E7	469.09883734531076
7.8795338E7	404.92689648674434
7.92080895E7	385.20407185628744
7.9592457E7	983.8354257542986
8.0332808E7	1118.323585746838
8.1101543E7	469.4609559867487
8.1870278E7	458.7520290034194
8.26063115E7	401.13284792859855
8.2990679E7	587.1740498034076
8.3407748E7	491.4447029738966
8.4176483E7	689.8746048243904
8.4945218E7	420.79883510822344
8.5713953E7	398.04465886057926
8.6362088E7	376.7138178744982
8.67464555E7	753.6757281553398
8.7251423E7	440.07006806405604
8.8020158E7	623.056054118856
8.8788893E7	535.7650318232871
8.9557628E7	561.840485243527
9.0098611E7	375.3934347955834
9.04829785E7	1334.8455022557775
9.1095098E7	945.7996549229142
9.1863833E7	567.52350967854
9.2632568E7	526.1690561321901
9.3401303E7	394.76981659737567
9.38242175E7	379.14566590126293
9.4208585E7	834.9394771640729
9.4938773E7	653.3331524083893
9.5707508E7	651.1002309998526
9.6476243E7	442.27197075376404
9.71220675E7	414.6006378935939
9.7506435E7	1364.60790984478
9.8013713E7	614.9303173719377
9.8782448E7	554.1799072372452
9.9551183E7	488.00898534086895
1.00269334E8	392.3337586729404
1.006537015E8	689.1203007518797
1.01088653E8	610.8106129590944
1.01857388E8	470.87668368587407
1.02626123E8	405.08721125169853
1.033545365E8	385.04467460594543
1.03738904E8	639.0286259541984
1.04163593E8	777.8929490766648
1.04932328E8	834.4057938111563
1.05701063E8	554.9038893380041
1.06347158E8	467.9818765771966
1.067315255E8	1452.6667717670375
1.07238533E8	772.6790215632944
1.08007268E8	434.4067045677318
1.08776003E8	396.11997838483524
1.09309377E8	390.6634296096736
1.096937445E8	390.71943390960286
1.10313473E8	393.4795653108692
1.11082208E8	390.3364456866936
1.11850943E8	388.00644070259807
1.12235708E8	70.16666666666667
1.126200755E8	497.5615330520394
1.13388413E8	510.3624971584451
1.14157148E8	418.18507136038744
1.147696095E8	385.264909452925
1.15153977E8	388.5123409669211
1.15694618E8	427.45377558221594
1.16463353E8	405.40142493376885
1.17232088E8	396.6804211488142
1.17668795E8	390.1542614390654
1.180531625E8	409.1751592356688
1.18769558E8	388.50949111298297
1.19538293E8	387.6955792026572
1.2014897E8	390.98537991626057
1.205333375E8	784.2703879394372
1.21075763E8	555.9889968610165
1.21844498E8	420.58741881339853
1.225916085E8	389.9532590894202
1.22975976E8	391.76973684210526
1.23381968E8	419.91942366306455
1.24150703E8	416.24822342075413
1.24919438E8	427.47655879064496
1.253769895E8	379.89891103349083
1.25761357E8	667.1972016547653
1.26456908E8	422.8342091846739
1.27225643E8	397.2963407991285
1.277254535E8	383.0204507512521
1.28109821E8	595.4948121748628
1.28763113E8	492.2501013876889
1.29531848E8	389.3187303444745
1.300272615E8	389.11806499443964
1.30411629E8	539.1560499022997
1.31069318E8	446.0524373787636
1.31838053E8	401.1667550031984
1.322676755E8	374.8477151472976
1.32652043E8	399.42336108830773
1.33375523E8	408.07522023602655
1.34030498E8	381.51781232784475
1.344148655E8	362.80950048971596
1.34912993E8	456.9715199231167
1.35681728E8	436.2809270161667
1.361569665E8	379.90020498435644
1.36541334E8	557.833407423872
1.37219198E8	429.4024901261921
1.37895604E8	368.24552735593926
1.382799715E8	534.0717655468192
1.38756668E8	565.3742450054204
1.39525403E8	408.9517028772754
1.400102465E8	388.88765137452486
1.40394614E8	496.4937370385732
1.41062873E8	408.9499262278874
1.417121025E8	384.27702449621694
1.4209647E8	434.52966312232934
1.42600343E8	436.5075336619694
1.43369078E8	392.34078704686044
1.437831155E8	384.9992395437262
1.44167483E8	606.1365958645105
1.44906548E8	396.6742810362585
1.45465214E8	363.269438722966
1.458495815E8	421.63098564408904
1.46444018E8	440.26174687223346
1.47106683E8	378.53505128024597
1.474910505E8	398.85310642455823
1.47981488E8	418.9421695402299
1.48737048E8	409.2220744144798
1.491214155E8	380.41947029348603
1.49518958E8	428.78433147084286
1.50287693E8	418.281448321264
1.50728883E8	385.28101722970433
1.511132505E8	479.5699772985244
1.51825163E8	387.8731565184909
1.52332369E8	396.05084207181443
1.527167365E8	394.42954934398176
1.53362633E8	387.70431870715373
1.5389724E8	393.33213855230605
1.542816075E8	456.81804746587846
1.54900103E8	477.32244410138935
1.55461321E8	336.83827799520265
1.558456885E8	398.18144310113223
1.56437573E8	397.89673535540635
1.57018682E8	385.2792726165358
1.574030495E8	383.125
1.57975043E8	446.28663512107937
1.585640605E8	392.89610082370905
1.58948428E8	396.16911058064915
1.59512513E8	442.0096760438647
1.6009777E8	386.9207849262911
1.604821375E8	505.3537032510389
1.61049983E8	384.62325464905143
1.616289075E8	432.74295989467936
1.62013275E8	399.747795828619
1.62587453E8	473.9071552849065
1.631586895E8	378.1795173631548
1.63543057E8	387.5166542157191
1.64124923E8	393.5600469238054
1.64685819E8	393.23181693111985
1.650701865E8	416.70254618701415
1.65662393E8	404.5688922356091
1.66204869E8	407.0379895780803
1.665892365E8	421.0161788953009
1.67199863E8	394.10218152322403
1.67707403E8	345.6045701849837
1.680917705E8	413.5799678028977
1.68737333E8	392.07086690455816
1.69197014E8	378.0640687838025
1.695813815E8	422.96620254950847
1.70274803E8	386.4513710065367
1.706842435E8	379.9451722464823
1.71068611E8	388.9356694845923
1.717757825E8	385.0489099088707
1.7216015E8	389.56368927691966
1.72581008E8	417.2806330663674
1.732448375E8	405.5177906660915
1.73629205E8	518.2509952359198
1.74118478E8	444.5952063350907
1.7470787E8	369.96647804157953
1.750922375E8	410.92854004978767
1.75655948E8	404.37571562506236
1.761671155E8	390.7781475318913
1.76551483E8	432.4319992010187
1.77193418E8	380.35256361391043
1.775981795E8	368.7823806678617
1.77982547E8	392.9647807038206
1.786433205E8	387.1815116070628
1.79027688E8	389.1163914619412
1.79499623E8	458.5694459592104
1.80059845E8	395.99451744843793
1.804442125E8	383.79792224146075
1.81037093E8	388.46844171156516
1.814629515E8	416.7934290030212
1.81847319E8	599.2856403622251
1.824697645E8	415.1121364092277
1.82854132E8	409.99929157565384
1.83343298E8	632.8160899948866
1.83845386E8	382.28006444236564
1.842297535E8	388.5592491200626
1.848263935E8	413.2712376476512
1.85210761E8	381.2957677566664
1.85649503E8	388.78653775127947
1.861815255E8	389.4028097780275
1.86565893E8	435.05617115172447
1.871516995E8	390.9103569877086
1.87536067E8	385.8074349442379
1.87955708E8	484.87697676017603
1.88487033E8	378.00223713646534
1.888714005E8	433.7189089227924
1.89437117E8	410.045515268971
1.898214845E8	1323.7288574793874
1.90261913E8	386.03888256414746
1.907655555E8	391.5994420680677
1.91149923E8	414.2834994005044
1.917006725E8	385.85117643167433
1.9208504E8	385.4166325276526
1.92568118E8	389.2865920561773
1.93014003E8	387.99670016499175
1.933983705E8	375.0280498208497
1.939421735E8	377.3667454572315
1.94326541E8	437.7269005049816
1.948700135E8	374.8997825955674
1.95254381E8	429.3905013192612
1.95643058E8	382.5104883554479
1.96173218E8	375.4242943061592
1.965575855E8	383.3126061841658
1.970859405E8	383.71742347534854
1.97470308E8	367.00277922529096
1.97949263E8	378.5558419725413
1.98379719E8	377.9633027522936
1.987640865E8	470.47984151630345
1.99284827E8	349.7853015382111
1.996691945E8	573.5887560687039
2.001689555E8	403.2047277037864
2.00553323E8	1679.16359186747
2.01024203E8	548.8910694086703
2.0143258E8	362.42706600110927
2.018169475E8	401.11127585963425
2.023091665E8	385.8227638563845
2.02693534E8	422.3013943898866
2.03168465E8	422.01142041399
2.035528325E8	522.6348712362873
2.04022535E8	368.22186257518604
2.044069025E8	428.7383709519136
2.048603755E8	399.7365538247789
2.05244743E8	377.3225806451613
2.05636613E8	426.58749876274373
2.060816995E8	364.61343133979284
2.06466067E8	381.78524988637037
2.069158215E8	365.10401920354525
2.07300189E8	421.9667318982387
2.07743072E8	440.9304824099431
2.081274395E8	521.6968346474689
2.08563085E8	384.53764071724544
2.089474525E8	458.66131979695433
2.09377998E8	378.39522558232756
2.097623655E8	404.46027397260275
2.101865875E8	375.21967418546365
2.10570955E8	361.6079404466501
2.10991954E8	386.1431163826165
2.113763215E8	373.3959429000751
2.117807295E8	380.1598689316202
2.12165097E8	702.6404715127701
2.12555228E8	382.2591582839773
2.12951007E8	381.7075892857143
2.133353745E8	417.67354542848955
2.137362725E8	367.52401823281906
2.1412064E8	376.97494186758047
2.145168735E8	361.60258302583026
2.14901241E8	390.6968376439904
2.15295174E8	387.1761341680192
2.156795415E8	432.3871545131221
2.160708055E8	385.36331987188413
2.16455173E8	457.2968101192905
2.16845987E8	364.41432488005483
2.172303545E8	386.4880522461102
2.176193275E8	385.134526332313
2.18003695E8	407.57654210510077
2.183870575E8	430.68748554244735
2.18771425E8	375.8335172413793
2.191437085E8	387.3673018503176
2.19528076E8	387.3940341655716
2.19895419E8	390.14736477115116
2.202797865E8	409.3149116822076
2.20645687E8	375.0820481184454
2.21025053E8	387.5408695652174
2.21390679E8	595.5338164251208
2.217493495E8	373.784516233416
2.22133717E8	379.88834655277606
2.22491112E8	377.479191198735
2.228754795E8	383.21507246376814
2.232300165E8	385.63585722011896
2.23614384E8	603.7659783677483
2.239617555E8	436.01156363636363
2.24346123E8	379.36372987300706
2.2468963E8	385.1703640642997
2.250739975E8	513.6436738936738
2.254154375E8	383.04487632508835
2.25799805E8	464.341075868761
2.261404185E8	380.12040610840745
2.26524786E8	389.72816234234585
2.2685767E8	386.45311533969914
2.272420375E8	381.6625352112676
2.275674865E8	356.0015487867837
2.27901798E8	387.7644763324064
2.282642395E8	420.6790020093771
2.28575658E8	398.600312845546
2.289600255E8	429.02999083014186
2.29270193E8	432.6579695843975
2.296545605E8	394.4395987287973
2.299644725E8	448.49820620141793
2.3034884E8	395.8870894160584
2.30655893E8	357.31834778639893
2.309973965E8	404.4435794199387
2.313463715E8	350.4382371198014
2.31650276E8	379.22059646597904
2.320346435E8	477.95806364617044
2.32330417E8	377.78877799955643
2.327147845E8	367.88610589867017
2.33008396E8	357.1029299363057
2.333832675E8	421.1774780095111
2.336859445E8	326.7232142857143
2.33975938E8	396.18986670705846
2.343603055E8	404.12831551173446
2.346438945E8	388.0869096216079
2.35028262E8	392.7713442167419
2.353116695E8	393.67672413793105
2.35668032E8	390.6496204442829
2.359736405E8	377.98836413415466
2.36248209E8	385.6384929773241
2.366325765E8	388.79710227596826
2.36905892E8	417.2981867677799
2.372902595E8	391.6227769584454
2.375596255E8	379.04910714285717
2.378457775E8	377.75901859735603
2.38209635E8	374.6586857179636
2.384723095E8	366.66065847808704
2.38856677E8	406.09566824060767
2.391161115E8	380.47475862068967
2.394117615E8	379.800904839983
2.39756603E8	388.2009060368523
2.40012063E8	387.8157237137182
2.403964305E8	380.8589994410285
2.40651522E8	376.31041524846836
2.40935513E8	385.450910530483
2.41282414E8	395.2229497973184
2.415260005E8	369.04117764074
2.41910368E8	388.0483672968328
2.42153892E8	375.9811320754717
2.423992835E8	427.7230769230769
2.427812845E8	418.29016746808156
2.430194555E8	387.41301627033795
2.43354977E8	394.96506258473994
2.436401495E8	368.5923656927427
2.43875304E8	395.45753118896727
2.442596715E8	386.24854569025695
2.44494215E8	384.77629747464704
2.447631205E8	385.2759657369187
2.451110035E8	339.10363570479524
2.45340206E8	355.1024844720497
2.45672164E8	400.65966112373707
2.45942791E8	350.40734772800516
2.46158155E8	376.4463808675741
2.46536439E8	385.2427940046118
2.46757852E8	388.0753564154786
2.469695205E8	369.7617746458618
2.47353888E8	388.501452432825
2.47564574E8	371.4554074074074
2.47805319E8	378.23026802902416
2.48157783E8	391.62873218304577
2.48365893E8	382.93230112119596
2.486381075E8	384.54582316635566
2.489579875E8	379.3430110745286
2.49165224E8	383.3007151776592
2.49467076E8	393.8661428420422
2.4975636E8	394.5117304492513
2.499626485E8	387.27287039640146
2.502879155E8	381.7309958847737
2.5054851E8	375.0328877005348
2.507484705E8	404.19193030719856
2.510885645E8	389.76453815261044
2.51332072E8	384.03156384505024
2.51527848E8	354.2797454931071
2.51873065E8	429.96581196581195
2.5210593E8	378.33691822733175
2.5229909E8	389.2944063514976
2.52643082E8	380.22738895728764
2.5287344E8	395.85631963119476
2.53058026E8	378.7776937990865
2.5338655E8	376.64899938827233
2.53626707E8	401.35540229885055
2.53810996E8	336.6112403100775
2.541215335E8	369.7931858936043
2.543774555E8	364.49034860270814
2.545591305E8	373.8667249562828
2.54848343E8	385.65566841208755
2.551248655E8	431.2854811411992
2.553049575E8	403.6624670831827
2.555674465E8	376.5253893469441
2.55866877E8	376.294816249554
2.560427725E8	358.6509953409572
2.562705875E8	389.1661137440758
2.56600938E8	376.15613725339676
2.56774153E8	383.4239350912779
2.569624935E8	365.19271918855077
2.57304699E8	384.5443505179188
2.57500726E8	385.34697088906375
2.576711905E8	373.6140771637122
2.57986484E8	384.1330737809548
2.582258865E8	388.65335568764925
2.583930965E8	387.7858432304038
2.586566015E8	384.8469778903416
2.58942833E8	524.8740554156171
2.5910475E8	380.9905681562991
2.593058495E8	385.02895168098524
2.59625725E8	434.80324797001873
2.59808993E8	376.20250998288645
2.59968316E8	372.45347245980156
2.60263454E8	378.61862267892553
2.60511936E8	391.2999416228838
2.60669987E8	386.67423477968384
2.60895678E8	383.2601952608563
2.61207803E8	367.60937836093785
2.613664795E8	396.0368906455863
2.61520696E8	377.1155965366018
2.61824593E8	385.45663137503755
2.62058165E8	418.447868433658
2.622109925E8	376.35681583222566
2.624361765E8	389.38707852164293
2.627407855E8	375.39306662656037
2.62899969E8	478.98028673835125
2.63050826E8	397.78449380606577
2.633441895E8	396.95828277333777
2.635851015E8	382.33279264666123
2.63733667E8	408.5973451327434
2.639380475E8	403.5641694811176
2.64231582E8	377.27740166252465
2.64411569E8	420.90603044496487
2.645558915E8	368.40805708339525
2.648102425E8	374.7975411871844
2.65083559E8	370.86743438671664
2.65224529E8	381.06256983240223
2.653750005E8	361.22914741705165
2.65651351E8	380.8388519560215
2.65885247E8	385.60488296561766
2.66021552E8	375.17277250113074
2.66196816E8	385.78869280744595
2.664682985E8	378.9088461233864
2.66677402E8	379.2789122422552
2.668104465E8	359.73083778966134
2.670024795E8	381.25978336827393
2.672676815E8	372.94217776148326
2.67460016E8	361.2775991425509
2.67590504E8	336.9119686463672
2.67790844E8	379.84573583231673
2.680494615E8	370.7517378351539
2.68233489E8	393.9637431638647
2.683623315E8	387.35414301929626
2.685626535E8	378.89139120958953
2.688141505E8	388.6343835730318
2.68998196E8	379.9090504285873
2.691212125E8	380.8185350137402
2.69305491E8	368.0895507319536
2.69544969E8	386.5196368527236
2.69745058E8	415.6895674300254
2.698635095E8	370.8068000708341
2.700194335E8	382.501582717832
2.7025476E8	425.3539464090412
2.704832035E8	384.76496939870026
2.706000615E8	400.44452773613193
2.707192135E8	365.01889316167865
2.70946674E8	372.48443337484434
2.711728175E8	387.7694513477347
2.713243835E8	397.80688991120144
2.714361945E8	343.99154277095454
2.71620605E8	388.72002150923106
2.718435565E8	386.0972792217662
2.720435135E8	379.0450067406409
2.721547675E8	347.54108216432866
2.722872195E8	366.07769071555293
2.725064275E8	329.4725659185937
2.727249785E8	396.9140832595217
2.72867561E8	219.43524732786477
2.729767215E8	377.5827228749136
2.731596875E8	371.44163639235506
2.733731465E8	365.9108381667235
2.73574548E8	356.4880969557062
2.736806165E8	367.29058945191315
2.737972355E8	377.3771333885667
2.74008185E8	369.1037555697008
2.7421821E8	356.36580903373357
2.74380672E8	487.2825316927666
2.744841805E8	396.69653748709766
2.746317545E8	370.64825541304646
2.74835029E8	375.9535778713169
2.750368585E8	378.89420137979215
2.751721665E8	368.8601177003169
2.752717585E8	382.30867346938777
2.754346305E8	382.1873017311701
2.75629477E8	389.1317196461553
2.75822252E8	381.97661807580175
2.75947145E8	358.2737030411449
2.760430425E8	334.54713313896985
2.762057895E8	374.5741248588482
2.763968555E8	387.8735011743376
2.76587426E8	383.7732714756061
2.767135505E8	382.83544921875
2.76808458E8	383.43404847040125
2.76967139E8	392.913707704243
2.77156076E8	380.73122219314314
2.773432765E8	371.1410999824284
2.774748495E8	582.4055087987758
2.775673295E8	366.4481424148607
2.77713495E8	382.752221981357
2.77897569E8	381.4287118977384
2.780813245E8	432.0237314950842
2.78227624E8	368.1481757259866
2.78318713E8	363.20055489496633
2.78445831E8	390.8680110715698
2.78624475E8	362.12026332691073
2.78799759E8	385.032127210774
2.7896884E8	387.24209526394355
2.79055951E8	359.44897959183675
2.791480645E8	389.5842841369157
2.793219045E8	392.4918245102801
2.794951505E8	397.5894651941928
2.796670295E8	387.33698096237447
2.797860375E8	395.10896978348796
2.798713395E8	383.3271384928717
2.80007599E8	383.4704583103258
2.801762495E8	376.9808553342597
2.8034403E8	383.0642791551883
2.80507948E8	383.8684646677716
2.805915035E8	355.3013698630137
2.80677891E8	386.7360959651036
2.80844071E8	357.5281425106632
2.810100155E8	347.5868322836482
2.81175222E8	383.8204787234043
2.813072575E8	370.93718631178706
2.81389511E8	369.1688980432544
2.81503931E8	371.6133716533051
2.816671245E8	365.1554034787568
2.81829173E8	410.16078275816477
2.819906385E8	389.80202491077284
2.820985375E8	357.9935720844812
2.821788915E8	349.7012561441835
2.823119855E8	383.9791317593298
2.82471554E8	376.1400584795322
2.8263049E8	387.5095856524428
2.827887405E8	382.22420678943865
2.82881078E8	385.9794701986755
2.829592085E8	380.1084480707122
2.831008305E8	395.93939686835495
2.832545715E8	374.8446219498851
2.8340819E8	390.6719809189053
2.8356106E8	378.27465924080315
2.83650187E8	390.90180467091295
2.837259075E8	359.0221666666667
2.838639935E8	385.034767575874
2.84014566E8	400.19249112125823
2.841642325E8	356.8496975337366
2.843131325E8	370.8237602568676
2.844097475E8	375.7847119645495
2.844837785E8	372.2260659694288
2.84609444E8	384.8364908687489
2.847568575E8	355.65267616480554
2.84903889E8	376.3325475669305
2.850507725E8	355.95439739413683
2.85162443E8	364.01617507136064
2.85235427E8	358.8356676003735
2.8534268E8	367.25794594594595
2.85486983E8	383.7406886858749
2.85630282E8	368.60327295837305
2.85773144E8	384.476341873948
2.859069595E8	366.8411910669975
2.859767315E8	374.28985507246375
2.86052856E8	389.0376569037657
2.861903485E8	375.2672513270252
2.86326707E8	402.8628279981209
2.86461012E8	382.1332661967103
2.865942015E8	386.73230582032045
2.866994605E8	402.08178703968025
2.867650045E8	406.5048508145708
2.868562865E8	368.4229229229229
2.86985097E8	375.2913747281952
2.87113018E8	383.3303395006287
2.872400565E8	386.02482946794
2.8736678E8	371.2494056110319
2.874684495E8	423.2126076742365
2.875308515E8	378.36387096774195
2.876171135E8	379.1311284868977
2.877417145E8	374.2940429136081
2.87865989E8	376.6580036798528
2.87989856E8	377.9709475074282
2.881135245E8	383.4628881595557
2.88225463E8	330.19930854045975
2.882869705E8	364.49954751131224
2.883595355E8	377.6760072494075
2.884818635E8	386.5942293253245
2.88604014E8	376.1002394087644
2.88725668E8	377.37492298213186
2.88845977E8	388.5151738361815
2.889652565E8	372.02892897773444
2.890345995E8	352.0
2.89094055E8	362.2178320231692
2.892031115E8	371.16966067864274
2.893211245E8	369.8638993710692
2.8943711E8	369.1873597606582
2.89550763E8	383.85559990608124
2.896633655E8	374.21089470480825
2.897663725E8	375.5705830775975
2.898226395E8	376.2006525285481
2.89887659E8	380.22303895831146
2.899984115E8	377.3002225369209
2.901089365E8	405.7675293076753
2.90218437E8	382.0516983016983
2.903262345E8	390.73688212927755
2.9043256E8	378.71585510688834
2.905335855E8	343.488860598345
2.905862925E8	297.77358490566036
2.906432345E8	375.754514397267
2.907479405E8	374.6828073993471
2.90851896E8	382.123647097409
2.90955247E8	373.6407144492787
2.91058116E8	382.6830670030838
2.91160204E8	377.2583850931677
2.912615545E8	359.65776528461
2.91331315E8	375.91682070240296
2.9138107E8	368.1774847870183
2.91461273E8	368.3548456723505
2.91559725E8	373.75390625
2.91657178E8	380.85703776360964
2.917545145E8	350.94716981132075
2.91851644E8	349.6907878488516
2.91948596E8	379.572192513369
2.920451375E8	365.08727695888285
2.9210626E8	385.01942231075697
2.921538905E8	376.6547913334303
2.922360205E8	365.1046232362654
2.923310645E8	373.7655921513665
2.924255295E8	366.9456861868574
2.925187585E8	384.10524899057873
2.92610929E8	419.713162773452
2.92702327E8	376.59790388548055
2.92792108E8	370.11003011350476
2.928622145E8	370.93967661691545
2.929062585E8	385.93533487297924
2.92967363E8	378.3365278289716
2.930529085E8	374.8626126126126
2.931380435E8	388.27935034802783
2.9322235E8	383.04614733276884
2.93305647E8	384.1301652892562
2.93388439E8	374.78357077902393
2.93470965E8	381.71763392857144
2.935531875E8	400.18333333333334
2.936254925E8	399.0303331675783
2.936664795E8	394.37598425196853
2.9371692E8	369.90027510316366
2.937980535E8	378.25897435897434
2.938782955E8	388.1513834895952
2.93957456E8	383.9005145797599
2.940359865E8	329.9236111111111
2.94113718E8	387.88134657836645
2.94190606E8	369.5702647657841
2.94267212E8	367.9798868636078
2.9434356E8	396.3750309635868
2.94403587E8	369.1559049849448
2.944416325E8	390.06579583938077
2.944955125E8	374.6653155761436
2.9457076E8	384.75100725221597
2.9464554E8	378.23982715160247
2.947198625E8	376.0845070422535
2.947938495E8	449.6383013879709
2.94867693E8	369.21011816838995
2.94941437E8	382.2835077229696
2.950150255E8	366.2546245919478
2.9508846E8	371.81913208742475
2.951596985E8	382.437125748503
2.951959055E8	357.8938053097345
2.9523318E8	449.5356989247312
2.953042615E8	404.4340704340704
2.95375117E8	362.1652613827993
2.95445692E8	378.70318402590397
2.95515887E8	367.4546595544399
2.955858525E8	382.15567190226875
2.956554665E8	383.49872723712554
2.957244435E8	385.00911854103344
2.957929165E8	370.5547337278106
2.958609135E8	392.24028268551234
2.959283655E8	369.93257074051775
2.95962472E8	385.6
2.959959795E8	389.608649415101
2.960623185E8	380.02764019811474
2.961285905E8	378.8887973640857
2.961944545E8	378.10190073917636
2.96259386E8	359.4387267904509
2.963231915E8	379.49115164715494
2.963866495E8	384.9851253718657
2.964495135E8	371.93172888015715
2.96511883E8	382.68305186972253
2.96574108E8	411.13843648208467
2.966360135E8	379.6307339449541
2.966975155E8	347.3627118644068
2.967299425E8	328.2608695652174
2.967605265E8	361.7943760984183
2.968197085E8	357.24471635150167
2.968803715E8	384.6506679861455
2.969406465E8	376.6447409246044
2.970003935E8	350.6468602295746
2.97059853E8	388.3070832441686
2.971191925E8	375.7330447330447
2.971783685E8	381.4688899950224
2.972373605E8	354.76018099547514
2.972962345E8	387.2068091271278
2.973550285E8	375.70872801082544
2.974136535E8	377.3412162162162
2.974716695E8	341.8375
2.975006415E8	0.0
2.975297915E8	294.090395480226
2.975874835E8	380.252518468771
2.97644944E8	388.0589390962672
2.977022745E8	379.8387223974763
2.977593955E8	373.5827802010241
2.97816386E8	373.94602698650675
2.97873337E8	406.73673085955846
2.97929694E8	384.41399304213377
2.979853355E8	366.91654929577464
2.98040566E8	374.98808578236697
2.980954345E8	402.06075216972033
2.98150189E8	387.3071428571429
2.982045775E8	348.7812879708384
2.98250394E8	373.88098558809855
2.98277297E8	391.1958384332925
2.98312184E8	426.9661835748792
2.983655255E8	356.5208333333333
2.98418571E8	381.97525473071323
2.98471025E8	381.0730994152047
2.985229515E8	383.3176470588235
2.98574718E8	377.4317808219178
2.98626245E8	389.27724327508344
2.986775555E8	372.6831730769231
2.987287515E8	365.20892494929006
2.9877965E8	373.4686192468619
2.98830158E8	385.02424830261884
2.98880377E8	390.1733856582233
2.9893041E8	387.7203196347032
2.989803155E8	386.459133431807
2.9902156E8	371.71382289416846
2.99046443E8	382.1200873362445
2.990795815E8	383.7072606306046
2.991287095E8	365.3024541997926
2.991776335E8	387.8240628778718
2.99226409E8	362.0523672883788
2.992750675E8	358.275
2.99323612E8	349.76932826362486
2.993721015E8	405.07608695652175
2.99420364E8	368.95494505494503
2.994682855E8	384.18095238095236
2.995160355E8	381.6488925348646
2.99563736E8	358.78584965255845
2.99611366E8	342.61658706035604
2.99658856E8	387.1970688301492
2.99706222E8	367.3853841349157
2.99753043E8	386.96299411269973
2.997914265E8	378.2655601659751
2.998145535E8	384.36296296296297
2.998454455E8	368.2853046594982
2.998912785E8	380.03816513761467
2.999369015E8	383.3698412698413
2.99982407E8	360.8609756097561
3.000278035E8	350.22073412698415
3.00072936E8	360.67780429594274
3.001178095E8	356.04259567387686
3.001626E8	372.7207943925234
3.002072585E8	366.28891149542216
3.0025153E8	384.2867332382311
3.002951105E8	368.0757839721254
3.00338256E8	366.1495037220844
3.00381246E8	352.1719833564494
3.00424041E8	380.5574025974026
3.00466617E8	354.3421052631579
3.00509036E8	383.0861949758009
3.005513965E8	333.3880079286422
3.005739685E8	496.23809523809524
3.0059498E8	389.33967935871743
3.006355E8	381.40450450450453
3.00677186E8	401.5595324376057
3.00718655E8	375.30877573131096
3.007599975E8	370.7646479566716
3.008009635E8	388.77690941385436
3.00841504E8	407.3545272362908
3.00881871E8	371.7433962264151
3.009221625E8	368.11181923522594
3.00962411E8	369.74785591766727
3.01002529E8	388.7987288135593
3.010424755E8	389.0778846153846
3.010823325E8	395.44245810055867
3.011221535E8	381.49954337899544
3.01161883E8	386.55026455026456
3.012013185E8	385.93379191745487
3.01240271E8	387.57339583943747
3.01278813E8	373.1064859632139
3.013171725E8	348.54483695652175
3.013402245E8	379.53799392097267
3.01359325E8	366.4497767857143
3.01393599E8	383.4822695035461
3.01431711E8	393.1467991169978
3.014697935E8	354.41373534338356
3.015075635E8	380.61431411530816
3.01544826E8	357.2247815726767
3.015818905E8	394.0488038277512
3.01618727E8	387.9634418189924
3.01655231E8	388.6334975369458
3.01691575E8	367.44210073181233
3.01727817E8	389.47054140127386
3.017639465E8	369.17058823529413
3.018000005E8	355.32394366197184
3.018360275E8	341.35235732009926
3.018718265E8	360.621266427718
3.019074095E8	395.82758620689657
3.0194275E8	400.2918379330593
3.01977819E8	383.51977920883166
3.020128525E8	368.1095541401274
3.02047874E8	389.16925064599485
3.020828745E8	388.1308724832215
3.021066125E8	393.25
3.021240165E8	357.18276762402087
3.0215234E8	372.09562841530055
3.021865385E8	371.5608465608466
3.022202135E8	370.2694174757282
3.02253491E8	384.15254858819213
3.022863395E8	390.68206039076375
3.02318457E8	428.7875
3.023501625E8	341.44354838709677
3.02381257E8	362.24242424242425
3.024117055E8	373.8529536761581
3.024418645E8	347.8
3.024718665E8	391.66986564299424
3.02501802E8	387.9959758551308
3.0253152E8	392.59098497495825
3.02561013E8	388.39118457300276
3.025904035E8	396.81497797356826
3.026196635E8	382.1128484024473
3.02648696E8	386.22361359570664
3.026774925E8	364.010101010101
3.0270614E8	376.5968992248062
3.0273473E8	351.34415584415586
3.0276322E8	372.33842239185753
3.02791553E8	390.3923937722997
3.02819683E8	375.91557788944726
3.02847463E8	396.02120141342755
3.02871419E8	344.93706293706293
3.028851665E8	386.6845637583893
3.029023805E8	362.92880258899675
3.02929608E8	387.55937755937754
3.029566585E8	387.5972602739726
3.02983539E8	373.2995850622407
3.030103E8	369.21017845340384
3.03036936E8	389.9975
3.030633795E8	352.72801302931595
3.03089659E8	382.60290971330767
3.031158375E8	351.2359249329759
3.03141897E8	373.44956140350877
3.0316784E8	391.1230551626591
3.03193613E8	382.32301631963986
3.03219033E8	386.8768790264853
3.03244142E8	356.4006734006734
3.03269183E8	382.7804704205274
3.032941495E8	366.0833333333333
3.03318984E8	375.02841677943167
3.03343729E8	376.452868852459
3.03368407E8	364.9869848156182
3.03392961E8	358.83526011560696
3.034173935E8	322.0
3.034417695E8	384.4011194029851
3.03466092E8	379.36189924724954
3.03490315E8	254.3861386138614
3.03514472E8	386.9694019471488
3.03538466E8	386.53422982885087
3.035622675E8	379.5462287104623
3.03585904E8	404.01919191919194
3.036094165E8	404.82156133828994
3.03632882E8	377.84473197781887
3.036474595E8	362.83946488294316
3.03659146E8	348.5958549222798
3.036795675E8	330.9481132075472
3.03702759E8	395.58984689766316
3.037259045E8	354.7911392405063
3.03749014E8	388.8146002317497
3.037721115E8	341.24906785980613
3.03795153E8	401.81056829511465
3.038181055E8	378.4623655913978
3.03840977E8	392.9691842900302
3.038636995E8	391.6875699888018
3.038862345E8	378.8471882640587
3.03908542E8	381.18979591836734
3.03930611E8	352.8014369693011
3.039525865E8	388.15427769985973
3.03974351E8	380.82608695652175
3.039958025E8	385.8688946015424
3.040171415E8	382.0234466588511
3.04038313E8	376.1109607577808
3.040591685E8	384.6592920353982
3.04079863E8	385.92295839753467
3.04100481E8	384.10275689223056
3.04120937E8	391.8594748048261
3.041411265E8	359.5361111111111
3.04161089E8	354.96259842519686
3.041809935E8	373.1878787878788
3.04200889E8	388.9554310764735
3.042207195E8	381.95552147239266
3.042404435E8	375.36091298145504
3.04260093E8	373.09859154929575
3.042797115E8	382.57018239492464
3.04299283E8	415.4071702944942
3.043188045E8	383.401185770751
3.0433822E8	375.4
3.04357514E8	366.31983805668017
3.043766445E8	243.9375
3.04395624E8	388.63422818791946
3.044120845E8	392.8070175438597
3.044215395E8	397.35483870967744
3.044334495E8	389.4018369690011
3.044520715E8	364.0281690140845
3.04470397E8	398.4382151029748
3.04488589E8	401.17770034843204
3.0450666E8	334.8095238095238
3.0452464E8	284.54716981132077
3.04542522E8	379.0412371134021
3.04560353E8	421.8198198198198
3.045781455E8	385.6864111498258
3.045958945E8	389.38715596330275
3.04613409E8	347.9850249584027
3.04630615E8	363.1559829059829
3.046477165E8	380.52707581227435
3.04664782E8	386.3591489361702
3.046818275E8	372.48201438848923
3.04698855E8	389.70649651972155
3.047157445E8	382.16416416416416
3.047322845E8	383.788013318535
3.047485745E8	399.69937369519835
3.047647915E8	356.2219178082192
3.04780937E8	384.00531914893617
3.04797045E8	377.35972461273667
3.04813105E8	377.44506517690877
3.04829099E8	56.09090909090909
3.04844809E8	385.78090366581415
3.04860144E8	389.38623976976345
3.04875228E8	389.9088541666667
3.048899345E8	388.0618556701031
3.04904393E8	379.6975945017182
3.04918797E8	401.76223776223776
3.04933121E8	377.6119402985075
3.049473325E8	380.41363973313565
3.049613855E8	404.02367688022287
3.049753525E8	396.6824427480916
3.04989176E8	381.6227106227106
3.050028535E8	370.6177370030581
3.050165075E8	375.0198789974071
3.05030149E8	407.56410256410254
3.05043766E8	389.2722029988466
3.05057328E8	389.34177215189874
3.050707775E8	373.4089219330855
3.050840815E8	387.86265060240964
3.050973185E8	290.5
3.0511055E8	393.02777777777777
3.051237565E8	399.68068535825546
3.051369355E8	403.3975782038345
3.05150043E8	363.37987012987014
3.05163013E8	379.98425196850394
3.05175888E8	375.9988465974625
3.05185055E8	207.5
3.051914585E8	345.2162162162162
3.052015075E8	383.6730245231608
3.05214187E8	399.72549019607845
3.052267085E8	398.0789546844593
3.05239162E8	378.8744769874477
3.052514665E8	336.1640625
3.052635855E8	19.0
3.05275651E8	377.60233918128654
3.052876965E8	385.2306920762287
3.052997075E8	363.0
3.05311672E8	377.3225806451613
3.053236175E8	362.218487394958
3.053355615E8	364.3025936599424
3.05347491E8	380.13214990138067
3.0535937E8	387.2554473806212
3.053711045E8	20.6
3.053827095E8	334.1546391752577
3.05394203E8	397.93387314439946
3.05405586E8	399.1532258064516
3.05416915E8	380.1111111111111
3.054282015E8	290.04761904761904
3.054393975E8	359.7094499294781
3.05450508E8	380.7985865724382
3.054616145E8	355.3483606557377
3.05472713E8	349.61728395061726
3.054837595E8	391.7038961038961
3.05494683E8	360.4778761061947
3.055054885E8	396.019801980198
3.055161465E8	397.03561643835616
3.05526661E8	349.2133333333333
3.05537127E8	395.3907174679168
3.055475015E8	346.9651162790698
3.055577785E8	392.4464692482916
3.05567969E8	386.1433333333333
3.05578E8	328.2987012987013
3.05587934E8	321.53389830508473
3.055978485E8	366.72902097902096
3.056077465E8	344.7571157495256
3.05617534E8	384.5130260521042
3.05627204E8	351.1803278688525
3.0563683E8	273.27868852459017
3.056464125E8	369.3888888888889
3.05655943E8	371.584375
3.05665429E8	384.74285714285713
3.056749135E8	370.35
3.05684391E8	365.8925925925926
3.056938605E8	393.0449320794148
3.05703288E8	415.46153846153845
3.0571261E8	338.6038186157518
3.057218545E8	382.1807228915663
3.057310705E8	372.5878003696858
3.057402675E8	377.03225806451616
3.057494535E8	326.6896551724138
3.057585785E8	363.5031847133758
3.05767648E8	389.95509499136443
3.05776642E8	384.0415973377704
3.057855425E8	386.37345132743366
3.05794349E8	92.625
3.05803082E8	348.68444444444447
3.058116615E8	362.9054545454545
3.058200515E8	387.2913907284768
3.058282875E8	357.6011235955056
3.058363865E8	371.89473684210526
3.058444065E8	381.8392857142857
3.058523285E8	351.53072625698326
3.058601015E8	380.0956175298805
3.058677105E8	0.0
3.058752425E8	383.1786216596343
3.05882709E8	408.2278481012658
3.058900985E8	368.9194915254237
3.05897348E8	375.8309178743961
3.059044835E8	0.0
3.059115865E8	396.1132075471698
3.059186575E8	407.65185185185186
3.059257075E8	362.4821917808219
3.059327345E8	360.80970149253733
3.059397415E8	378.5247524752475
3.05946737E8	411.8171471927162
3.05953382E8	383.1051546391753
3.059568435E8	307.4166666666667
3.059606085E8	373.3063063063063
3.059675075E8	203.84615384615384
3.05974393E8	402.6666666666667
3.059812595E8	399.2162162162162
3.0598811E8	205.63636363636363
3.05994947E8	374.1978021978022
3.060017745E8	400.48283752860414
3.06008546E8	382.44897959183675
3.06015243E8	565.8333333333334
3.06021916E8	412.1666666666667
3.06028584E8	392.5733333333333
3.060351805E8	398.3529411764706
3.060416715E8	389.996
3.06048088E8	348.2857142857143
3.06054431E8	373.32142857142856
3.06060702E8	381.55458515283846
3.06066934E8	400.2237837837838
3.060731045E8	388.46153846153845
3.06079204E8	438.8181818181818
3.060852755E8	369.42857142857144
3.06091306E8	19.0
3.060973105E8	378.1959798994975
3.06103308E8	361.41333333333336
3.06109298E8	380.1411764705882
3.06115231E8	414.06060606060606
3.06121083E8	356.6
3.061268995E8	378.97206703910615
3.061326905E8	382.6029411764706
3.061384525E8	383.83155650319827
3.06144196E8	0.0
3.06149915E8	363.0785714285714
3.061556135E8	390.08363636363634
3.061612865E8	382.73867595818814
3.061668935E8	391.2216386554622
3.061724375E8	370.3189326556544
3.06177958E8	20.0
3.06183465E8	354.5
3.0618895E8	384.5631284916201
3.061944175E8	381.5764705882353
3.061998695E8	382.73895582329317
3.062052965E8	641.0
3.062107035E8	397.5704584040747
3.062160895E8	348.91379310344826
3.06221455E8	365.48623853211006
3.062267975E8	194.2
3.062321055E8	195.0
3.062373925E8	0.0
3.062426715E8	331.3541666666667
3.06247945E8	400.68518518518516
3.062532015E8	328.1666666666667
3.062584425E8	383.8199233716475
3.06263673E8	369.8995215311005
3.062688905E8	394.54831932773106
3.06274102E8	355.58181818181816
3.06279276E8	389.86426592797784
3.062844135E8	362.5820895522388
3.062895485E8	177.0
3.06294667E8	0.0
3.06299761E8	379.0615835777126
3.063048415E8	426.84
3.063099165E8	356.5492957746479
3.063149815E8	0.0
3.063200175E8	396.14285714285717
3.063250325E8	448.08376963350787
3.06330018E8	304.6
3.063349735E8	0.0
3.063399235E8	345.3
3.06344861E8	356.0
3.063497735E8	376.89473684210526
3.06354609E8	393.5696750902527
3.06359362E8	380.82702702702704
3.06364072E8	293.45
3.06368756E8	322.47058823529414
3.063734225E8	373.2468619246862
3.063780725E8	369.53333333333336
3.06382707E8	374.8047337278106
3.063873235E8	322.0833333333333
3.06391931E8	382.8607594936709
3.063965295E8	395.515923566879
3.06401082E8	395.2037914691943
3.064055785E8	394.903743315508
3.06410055E8	384.2
3.0641452E8	364.6896551724138
3.0641896E8	307.6666666666667
3.064233765E8	353.66265060240966
3.06427766E8	388.38258575197887
3.064321085E8	368.4776119402985
3.06436424E8	389.125
3.06440737E8	170.69230769230768
3.064450465E8	381.409604519774
3.06449342E8	74.66666666666667
3.06453625E8	0.0
3.06457902E8	388.3119658119658
3.064621725E8	316.25
3.06466441E8	364.1774891774892
3.06470704E8	386.12931034482756
3.064749595E8	426.4924623115578
3.064792095E8	69.6842105263158
3.06483446E8	358.48979591836735
3.064876545E8	414.96959293771454
3.064918455E8	371.85714285714283
3.0649603E8	431.80061983471074
3.065001735E8	389.4
3.06504273E8	343.43906020558
3.065083565E8	283.5
3.06512427E8	368.7315436241611
3.06516488E8	385.5
3.065205265E8	401.3542857142857
3.065245425E8	359.26027397260276
3.06528524E8	0.0
3.06532471E8	391.60663507109007
3.065364115E8	391.33965844402275
3.065403375E8	0.0
3.0654423E8	374.7239057239057
3.06548097E8	291.0
3.0655195E8	0.0
3.065557735E8	294.22222222222223
3.06559577E8	325.87931034482756
3.065633635E8	282.84615384615387
3.065671335E8	316.52830188679246
3.065709005E8	393.0271739130435
3.065746505E8	257.94545454545454
3.065783835E8	448.1627260083449
3.06582112E8	392.9389312977099
3.06585833E8	385.7368421052632
3.06589543E8	371.98571428571427
3.065932395E8	348.66541353383457
3.065969265E8	424.2956730769231
3.06600612E8	399.7352941176471
3.066042955E8	398.3956043956044
3.06607968E8	331.25
3.0661163E8	370.72868217054264
3.066152875E8	580.2857142857143
3.06618939E8	270.5
3.066225875E8	19.0
3.066262295E8	392.6535141800247
3.066298605E8	352.76190476190476
3.066334545E8	506.0
3.06637011E8	19.0
3.0664056E8	181.0909090909091
3.066440915E8	427.84893267651887
3.066476025E8	412.25
3.066511055E8	381.7647058823529
3.06654603E8	389.87485779294656
3.066580945E8	364.7578947368421
3.066615705E8	38.5
3.06665033E8	384.7435897435897
3.06668493E8	21.0
3.066719485E8	350.0074074074074
3.066753845E8	402.97435897435895
3.06678798E8	22.0
3.066821985E8	291.6666666666667
3.06685591E8	0.0
3.066889815E8	393.9746835443038
3.066923705E8	339.6689189189189
3.066957585E8	345.8333333333333
3.066991455E8	387.432183908046
3.067025305E8	343.1290322580645
3.06705914E8	388.4301587301587
3.067092965E8	23.0
3.06712672E8	279.1666666666667
3.06716041E8	380.2967479674797
3.067194095E8	363.1692913385827
3.067227775E8	399.4676923076923
3.067248635E8	0.0
3.06726541E8	24.0
3.067294915E8	299.3333333333333
3.067328405E8	335.1666666666667
3.067361665E8	385.42857142857144
3.06739469E8	19.0
3.06742768E8	19.0
3.06746065E8	340.780487804878
3.067493595E8	369.736
3.067526505E8	428.2987012987013
3.06755933E8	303.0
3.067591995E8	414.78536585365856
3.067624565E8	391.26153846153846
3.067657115E8	387.6
3.06768965E8	45.75
3.06772208E8	334.746835443038
3.067754395E8	19.0
3.067786575E8	376.48148148148147
3.067818625E8	394.9230769230769
3.067850465E8	378.2266666666667
3.0678821E8	206.33333333333334
3.067913705E8	378.2279635258359
3.067945245E8	93.0
3.06797666E8	390.2289719626168
3.0680079E8	0.0
3.06803903E8	326.5
3.068070135E8	19.0
3.068101235E8	382.23333333333335
3.06813233E8	376.39627659574467
3.068163365E8	400.03076923076924
3.068194285E8	19.0
3.06822513E8	393.5271739130435
3.068255925E8	389.94835680751174
3.068286625E8	357.76190476190476
3.068317255E8	397.3333333333333
3.068347845E8	327.22222222222223
3.068378385E8	19.0
3.0684088E8	159.5
3.06843903E8	371.9765258215962
3.068469175E8	345.5859375
3.068499285E8	428.497461928934
3.068529315E8	368.5235294117647
3.06855925E8	21.0
3.06858904E8	351.4940476190476
3.06861871E8	0.0
3.06864829E8	268.08484848484846
3.068677785E8	0.0
3.06870722E8	385.56
3.068736605E8	342.07547169811323
3.06876586E8	328.0
3.06879498E8	296.0
3.068824045E8	0.0
3.068853035E8	390.32129963898916
3.06888198E8	0.0
3.0689109E8	0.0
3.068939665E8	270.22222222222223
3.06896809E8	346.3
3.068996235E8	251.72727272727272
3.069024245E8	366.00931098696464
3.06905212E8	388.0952380952381
3.069079905E8	374.531914893617
3.069107675E8	338.0
3.06913543E8	375.175
3.06916313E8	258.5
3.06919067E8	401.2806324110672
3.069218095E8	359.9623824451411
3.069245455E8	381.6752136752137
3.06927266E8	414.2896551724138
3.06929975E8	364.2083333333333
3.069326695E8	19.5
3.069353465E8	367.40845070422534
3.06938016E8	0.0
3.06940674E8	388.51270207852195
3.06943317E8	305.2
3.069459505E8	19.333333333333332
3.069485655E8	370.5141509433962
3.06951153E8	116.2
3.069537225E8	422.8175313059034
3.069562725E8	0.0
3.069587885E8	19.0
3.069612825E8	385.2146892655367
3.069637735E8	409.64864864864865
3.0696626E8	390.3931623931624
3.06968739E8	387.26748971193416
3.06971213E8	20.5
3.06973672E8	0.0
3.069761095E8	628.0
3.06978536E8	377.1666666666667
3.0698095E8	0.0
3.06983354E8	25.0
3.06985755E8	379.1111111111111
3.06988152E8	387.0833333333333
3.06990543E8	386.0206489675516
3.069929255E8	446.0
3.069953025E8	376.7142857142857
3.069976725E8	343.09486166007906
3.070000295E8	353.09090909090907
3.07002367E8	318.0
3.07004687E8	19.0
3.070070005E8	0.0
3.070093035E8	450.6666666666667
3.070115925E8	19.0
3.07013868E8	410.2114695340502
3.07016134E8	414.97327394209356
3.07018396E8	354.6279069767442
3.07020655E8	0.0
3.070229135E8	85.0
3.0702516E8	400.6352201257862
3.07027389E8	434.70588235294116
3.0702961E8	387.3511904761905
3.070318285E8	401.4922737306843
3.070340435E8	59.0
3.070362525E8	370.8735632183908
3.07038456E8	388.22857142857146
3.07040653E8	0.0
3.0704284E8	162.28571428571428
3.070450185E8	347.79464285714283
3.07047178E8	395.63157894736844
3.0704932E8	19.0
3.07051452E8	394.8723404255319
3.070535745E8	19.0
3.07055696E8	350.9318181818182
3.07057816E8	377.1875
3.07059934E8	0.0
3.0706204E8	0.0
3.070641345E8	0.0
3.07066228E8	426.57894736842104
3.070683165E8	328.6666666666667
3.070704E8	174.75
3.07072481E8	376.7668939863608
3.07074558E8	22.0
3.070766325E8	0.0
3.070787045E8	318.82758620689657
3.07080772E8	287.42857142857144
3.070828335E8	369.4878048780488
3.07084889E8	0.0
3.07086942E8	159.33333333333334
3.07088987E8	0.0
3.070910185E8	222.33333333333334
3.07093044E8	378.5272727272727
3.07095069E8	355.4872611464968
3.07097091E8	400.2307692307692
3.07099108E8	66.2
3.071011185E8	353.0405405405405
3.07103122E8	495.0
3.071051185E8	305.5769230769231
3.071071095E8	0.0
3.071090915E8	364.6666666666667
3.07111059E8	0.0
3.071130195E8	0.0
3.07114979E8	472.0
3.07116933E8	354.23899371069183
3.071188785E8	0.0
3.071208195E8	448.4
3.07122752E8	0.0
3.071246735E8	210.85714285714286
3.071265845E8	150.0
3.07128479E8	0.0
3.07130355E8	0.0
3.07132213E8	94.57142857142857
3.071340475E8	0.0
3.07135863E8	419.61538461538464
3.071376725E8	425.0615384615385
3.07139478E8	366.5
3.07141279E8	0.0
3.071430775E8	239.5
3.07144871E8	322.8333333333333
3.071466595E8	19.0
3.07148442E8	389.0
3.07150216E8	287.0
3.071519825E8	0.0
3.071537425E8	0.0
3.071554995E8	400.10526315789474
3.071572545E8	56.5
3.07159008E8	503.0
3.071607605E8	0.0
3.071625115E8	286.07142857142856
3.07164259E8	0.0
3.07165998E8	0.0
3.071677295E8	0.0
3.07169459E8	0.0
3.07171187E8	351.688
3.07172911E8	232.23170731707316
3.071746285E8	293.3103448275862
3.071763405E8	394.7837837837838
3.0717805E8	0.0
3.07179757E8	196.94736842105263
3.0718146E8	372.0
3.07183154E8	280.8
3.071848325E8	69.0
3.071864995E8	345.6296296296296
3.07188158E8	396.87654320987656
3.07189806E8	264.96153846153845
3.07191447E8	397.8783783783784
3.071930855E8	0.0
3.07194713E8	355.590243902439
3.07196327E8	395.27272727272725
3.071979365E8	331.6938775510204
3.07199539E8	120.5
3.07201133E8	0.0
3.072027235E8	19.0
3.072043025E8	0.0
3.07205867E8	303.0
3.07207427E8	0.0
3.07208982E8	296.0
3.072105315E8	0.0
3.07212076E8	385.03478260869565
3.072136115E8	101.0
3.072151395E8	335.36842105263156
3.072166655E8	394.6060606060606
3.07218189E8	386.5
3.07219709E8	0.0
3.07221218E8	0.0
3.072227155E8	19.0
3.072242065E8	630.0
3.07225692E8	0.0
3.072271765E8	344.8563829787234
3.07228659E8	369.9850746268657
3.072301395E8	0.0
3.072316155E8	0.0
3.072330835E8	392.5
3.0723454E8	396.82978723404256
3.072359815E8	364.40677966101697
3.072374155E8	19.0
3.07238849E8	408.45864661654133
3.072402775E8	0.0
3.072416995E8	370.62
3.072431125E8	352.0
3.072445175E8	462.0
3.07245921E8	0.0
3.07247322E8	0.0
3.072487205E8	244.1
3.072501165E8	0.0
3.072515085E8	390.765625
3.072528945E8	376.5
3.07254274E8	363.7391304347826
3.072556495E8	290.1304347826087
3.072570195E8	412.43362831858406
3.07258382E8	388.7265625
3.07259739E8	0.0
3.072610935E8	0.0
3.072624475E8	308.0652173913044
3.072637995E8	339.7906976744186
3.07265146E8	297.0
3.072664865E8	333.5
3.072678185E8	0.0
3.072691435E8	0.0
3.072704615E8	383.5
3.07271773E8	353.93220338983053
3.072730825E8	321.55555555555554
3.072743855E8	0.0
3.072756825E8	351.22727272727275
3.072769735E8	0.0
3.07278257E8	0.0
3.07279535E8	160.0
3.07280808E8	0.0
3.07282078E8	326.0
3.07283345E8	400.22222222222223
3.072846035E8	260.53846153846155
3.072858485E8	0.0
3.072870805E8	389.01851851851853
3.07288306E8	178.2
3.072895305E8	19.0
3.0729075E8	0.0
3.072919625E8	435.7142857142857
3.0729317E8	330.3333333333333
3.072943745E8	515.0
3.07295576E8	0.0
3.07296769E8	224.4
3.072979505E8	0.0
3.072991265E8	0.0
3.073002965E8	20.0
3.0730146E8	0.0
3.0730262E8	333.05479452054794
3.073037765E8	0.0
3.073049325E8	0.0
3.073060875E8	339.9166666666667
3.07307234E8	608.0
3.073083675E8	0.0
3.0730949E8	0.0
3.07310606E8	370.40384615384613
3.073117205E8	0.0
3.07312834E8	358.1142857142857
3.07313946E8	0.0
3.07315057E8	0.0
3.073161665E8	196.5
3.07317273E8	267.5
3.073183765E8	317.76190476190476
3.073194775E8	208.0
3.073205775E8	402.55
3.07321677E8	0.0
3.073227755E8	20.0
3.073238735E8	355.3261296660118
3.07324967E8	383.37931034482756
3.07326045E8	19.0
3.07327112E8	338.44444444444446
3.07328175E8	0.0
3.07329233E8	315.3333333333333
3.073302885E8	342.4583333333333
3.0733134E8	392.819587628866
3.07332388E8	125.0
3.073334315E8	281.0
3.073344645E8	0.0
3.073354855E8	241.78947368421052
3.073365005E8	288.75
3.07337512E8	0.0
3.07338521E8	0.0
3.07339524E8	333.5
3.073405195E8	0.0
3.073415095E8	0.0
3.073424955E8	0.0
3.07343481E8	0.0
3.07344466E8	0.0
3.07345449E8	411.0
3.0734643E8	0.0
3.073474095E8	0.0
3.073483845E8	0.0
3.073493565E8	0.0
3.07350326E8	362.5
3.073512895E8	0.0
3.07352248E8	234.0
3.07353193E8	384.1753246753247
3.07354126E8	0.0
3.073550565E8	0.0
3.073559835E8	0.0
3.073569075E8	22.0
3.073578275E8	0.0
3.073587445E8	0.0
3.07359658E8	19.0
3.07360568E8	458.54545454545456
3.07361477E8	0.0
3.073623815E8	0.0
3.0736328E8	0.0
3.073641745E8	0.0
3.073650655E8	356.0
3.07365955E8	0.0
3.073668425E8	0.0
3.07367728E8	0.0
3.07368608E8	0.0
3.073694805E8	0.0
3.0737035E8	384.8272727272727
3.073712185E8	0.0
3.07372084E8	367.5
3.073729445E8	0.0
3.07373801E8	266.34285714285716
3.07374652E8	0.0
3.07375497E8	280.8510638297872
3.07376337E8	393.75
3.07377173E8	398.0
3.073780065E8	345.52941176470586
3.07378836E8	0.0
3.073796625E8	19.0
3.07380485E8	317.6666666666667
3.073812975E8	254.2826086956522
3.073821025E8	473.0
3.073829055E8	0.0
3.07383704E8	0.0
3.073844975E8	248.28571428571428
3.073852875E8	0.0
3.07386072E8	335.5869565217391
3.07386853E8	0.0
3.073876335E8	0.0
3.07388411E8	239.5
3.073891845E8	0.0
3.073899525E8	267.0
3.073907155E8	378.5
3.073914765E8	0.0
3.073922355E8	0.0
3.07392992E8	0.0
3.073937465E8	20.0
3.073944975E8	0.0
3.073952445E8	0.0
3.073959905E8	0.0
3.073967355E8	0.0
3.073974755E8	0.0
3.073982085E8	323.0921052631579
3.07398938E8	0.0
3.07399665E8	0.0
3.074003845E8	0.0
3.074010975E8	0.0
3.07401809E8	0.0
3.074025195E8	0.0
3.074032295E8	0.0
3.074039365E8	0.0
3.0740464E8	0.0
3.0740534E8	0.0
3.074060365E8	0.0
3.07406728E8	426.0
3.07407414E8	480.0
3.07408095E8	0.0
3.07408771E8	0.0
3.074094455E8	26.0
3.07410119E8	0.0
3.07410791E8	0.0
3.074114535E8	0.0
3.074121015E8	0.0
3.07412743E8	423.5769230769231
3.07413383E8	0.0
3.07414021E8	0.0
3.07414658E8	376.5
3.07415294E8	0.0
3.074159275E8	0.0
3.074165575E8	0.0
3.07417184E8	0.0
3.074178075E8	22.0
3.074184285E8	0.0
3.07419046E8	0.0
3.074196585E8	0.0
3.07420267E8	415.6
3.07420871E8	0.0
3.07421472E8	0.0
3.074220725E8	0.0
3.07422671E8	0.0
3.074232665E8	20.0
3.074238595E8	0.0
3.074244515E8	0.0
3.07425042E8	245.6
3.074256305E8	0.0
3.074262165E8	0.0
3.074268005E8	0.0
3.074273815E8	0.0
3.074279595E8	229.88095238095238
3.07428537E8	0.0
3.07429113E8	421.0
3.074296855E8	0.0
3.07430254E8	0.0
3.07430819E8	0.0
3.074313815E8	0.0
3.074319415E8	0.0
3.07432497E8	64.0
3.074330485E8	0.0
3.074335975E8	0.0
3.074341455E8	206.17073170731706
3.07434693E8	0.0
3.0743524E8	0.0
3.074357865E8	0.0
3.074363325E8	0.0
3.07436878E8	0.0
3.07437422E8	0.0
3.07437964E8	0.0
3.07438504E8	213.22222222222223
3.074390425E8	151.88793103448276
3.07439579E8	0.0
3.074401125E8	0.0
3.07440644E8	126.0
3.07441174E8	97.0
3.074417025E8	0.0
3.07442227E8	0.0
3.07442747E8	0.0
3.07443264E8	183.42857142857142
3.074437785E8	0.0
3.0744429E8	0.0
3.07444798E8	74.0
3.074453045E8	0.0
3.0744581E8	19.0
3.074463125E8	0.0
3.07446812E8	194.40740740740742
3.074473085E8	0.0
3.074478015E8	0.0
3.074482925E8	0.0
3.074487815E8	0.0
3.07449269E8	291.0
3.074497555E8	0.0
3.07450239E8	0.0
3.0745072E8	0.0
3.07451198E8	0.0
3.074516695E8	0.0
3.074521375E8	0.0
3.074526035E8	0.0
3.07453067E8	0.0
3.07453528E8	0.0
3.07453982E8	0.0
3.074544305E8	0.0
3.074548775E8	0.0
3.07455321E8	0.0
3.074557615E8	0.0
3.07456201E8	0.0
3.07456637E8	0.0
3.0745707E8	0.0
3.07457503E8	0.0
3.07457932E8	0.0
3.07458353E8	0.0
3.0745877E8	0.0
3.07459185E8	0.0
3.074595975E8	0.0
3.07460009E8	0.0
3.07460419E8	0.0
3.074608275E8	0.0
3.07461234E8	0.0
3.07461637E8	0.0
3.07462037E8	0.0
3.07462436E8	0.0
3.074628295E8	0.0
3.074632175E8	0.0
3.07463604E8	139.0
3.074639885E8	0.0
3.074643725E8	0.0
3.07464756E8	0.0
3.074651385E8	162.33333333333334
3.0746552E8	0.0
3.074659E8	0.0
3.074662785E8	0.0
3.07466655E8	249.34782608695653
3.07467028E8	0.0
3.07467397E8	0.0
3.07467764E8	0.0
3.074681295E8	0.0
3.074684925E8	0.0
3.074688535E8	245.0
3.074692125E8	111.0
3.07469565E8	108.0
3.0746991E8	0.0
3.07470252E8	0.0
3.074705915E8	0.0
3.07470929E8	0.0
3.07471266E8	0.0
3.07471601E8	0.0
3.07471933E8	0.0
3.074722625E8	0.0
3.0747259E8	0.0
3.07472917E8	0.0
3.074732435E8	0.0
3.07473569E8	0.0
3.07473894E8	0.0
3.07474218E8	0.0
3.07474541E8	0.0
3.07474863E8	51.0
3.074751825E8	0.0
3.074754995E8	0.0
3.074758155E8	0.0
3.0747613E8	0.0
3.074764425E8	0.0
3.074767535E8	0.0
3.07477063E8	0.0
3.07477372E8	0.0
3.074776785E8	0.0
3.074779805E8	0.0
3.0747828E8	0.0
3.074785785E8	0.0
3.07478873E8	0.0
3.074791635E8	193.5
3.074794525E8	0.0
3.07479739E8	0.0
3.07480024E8	0.0
3.074803065E8	0.0
3.074805865E8	0.0
3.07480866E8	0.0
3.07481141E8	0.0
3.07481412E8	0.0
3.074816825E8	0.0
3.0748195E8	0.0
3.07482213E8	0.0
3.074824735E8	0.0
3.074827325E8	0.0
3.074829885E8	0.0
3.074832415E8	0.0
3.074834925E8	0.0
3.07483741E8	0.0
3.07483986E8	0.0
3.07484227E8	0.0
3.07484466E8	0.0
3.07484705E8	0.0
3.07484943E8	0.0
3.074851795E8	0.0
3.074854115E8	0.0
3.07485639E8	0.0
3.074858655E8	0.0
3.074860915E8	0.0
3.074863175E8	0.0
3.07486542E8	0.0
3.07486762E8	0.0
3.074869785E8	0.0
3.074871945E8	0.0
3.07487409E8	0.0
3.07487621E8	0.0
3.0748783E8	0.0
3.074880335E8	0.0
3.07488232E8	0.0
3.07488428E8	0.0
3.074886225E8	0.0
3.0748881E8	0.0
3.07488991E8	0.0
3.07489172E8	0.0
3.07489351E8	0.0
3.074895275E8	0.0
3.07489703E8	0.0
3.07489878E8	0.0
3.07490053E8	0.0
3.074902265E8	20.0
3.07490395E8	0.0
3.074905575E8	0.0
3.074907135E8	0.0
3.07490864E8	0.0
3.07491012E8	0.0
3.074911565E8	0.0
3.07491297E8	0.0
3.074914355E8	0.0
3.074915695E8	0.0
3.074916995E8	0.0
3.074918285E8	0.0
3.074919565E8	0.0
3.07492084E8	0.0
3.07492211E8	0.0
3.07492338E8	0.0
3.074924645E8	0.0
3.074925885E8	0.0
3.074927095E8	0.0
3.074928275E8	0.0
3.074929365E8	0.0
3.074930385E8	0.0
3.074931395E8	0.0
3.07493239E8	0.0
3.07493338E8	0.0
3.07493436E8	0.0
3.07493525E8	0.0
3.074936035E8	0.0
3.07493678E8	0.0
3.074937455E8	0.0
3.07493806E8	0.0
