#Position (bp)	mapping quality
384368.0	53.8290135221383
1153103.0	58.45735585504726
1921838.0	58.95085051190808
2690573.0	59.09939741341339
3459308.0	59.79669302379081
4228043.0	58.97842038647234
4996778.0	59.14850803190523
5765513.0	59.84581947759451
6534248.0	58.15037845477281
7302983.0	57.700270338943945
8071718.0	58.93872433333326
8840453.0	53.708243579902415
9609188.0	56.65360932484235
1.0377923E7	54.46134932174162
1.0801324E7	45.409735759438966
1.11856915E7	56.80200341225753
1.1915393E7	58.69240613546751
1.2684128E7	59.44785521494682
1.3452863E7	59.360543547254466
1.4221598E7	59.16724834483202
1.4990333E7	59.184562436434604
1.5759068E7	58.62978996863475
1.6527803E7	57.936451125882265
1.7296538E7	57.737853213911215
1.8065273E7	51.3051641316703
1.8834008E7	52.646390648837674
1.9602743E7	54.61157493270687
2.018777E7	47.313939027888026
2.05721375E7	45.14505225515358
2.1140213E7	47.03535046910954
2.1908948E7	53.5982087415236
2.2677683E7	58.232205070766284
2.3446418E7	58.008397047481665
2.4215153E7	59.4369335004001
2.4983888E7	58.42072269274501
2.5752623E7	57.868936284179696
2.6521358E7	59.23441829149519
2.7290093E7	55.094773381677484
2.8058828E7	53.94236161014108
2.86485735E7	57.11737863463906
2.9032941E7	56.188829945723555
2.9596298E7	58.28970210127706
3.0365033E7	58.387741113373366
3.1133768E7	59.486528020056795
3.1902503E7	59.832159049175154
3.2671238E7	58.71194141338077
3.3439973E7	58.294599927876824
3.4208708E7	57.78479063717782
3.4977443E7	58.47403465509125
3.5659712E7	57.311160716823764
3.60440795E7	52.17930346493509
3.6514913E7	57.63555403607169
3.7283648E7	57.19505976470269
3.8052383E7	58.89680481275733
3.8821118E7	57.52235512375564
3.9589853E7	50.88593636533557
4.0358588E7	59.413351305494814
4.1127323E7	57.527551672397436
4.1896058E7	59.31512913003587
4.2664793E7	58.65363228539074
4.3049519E7	24.14929887552597
4.34338865E7	50.992925634354286
4.4202263E7	46.154354129263396
4.4970998E7	37.537112071017965
4.5739733E7	36.35712634080657
4.6508468E7	36.53316654773277
4.7277203E7	40.70628542938391
4.8045938E7	39.493842249831005
4.8668911E7	31.898759416862095
4.90532785E7	47.00659969475315
4.9583408E7	59.144784834588094
5.0352143E7	59.38211217662832
5.1120878E7	59.42343326741644
5.1889613E7	59.17076892677659
5.2658348E7	59.5202807690003
5.3427083E7	58.80866105336356
5.38687855E7	59.832230757049885
5.4253153E7	51.96864163047788
5.4964553E7	49.408985865540785
5.5733288E7	47.87577731044449
5.6502023E7	54.90195370265214
5.7270758E7	54.53128700348376
5.8039493E7	56.05499421166015
5.85039505E7	56.22627155311844
5.8888318E7	45.807525765113965
5.9576963E7	46.548789474772164
6.0345698E7	48.36360498603392
6.1114433E7	45.10628654791671
6.1883168E7	49.6258110751304
6.2651903E7	44.595697387134635
6.3087631E7	43.840229057600006
6.34719985E7	29.754171282837046
6.4189373E7	47.44393332467322
6.4958108E7	48.8256651080689
6.5726843E7	51.731336976121554
6.6495578E7	51.910554234612
6.7140034E7	47.886290827480515
6.75244015E7	52.93612385410567
6.8033048E7	55.93982571111962
6.8801783E7	58.085730860587034
6.9570518E7	57.621999387826946
7.0339253E7	57.23996274014075
7.11040115E7	55.915466862889595
7.1488379E7	3.3206507291686167
7.1876723E7	56.338739383853614
7.2645458E7	58.86732732353219
7.3414193E7	58.970252430387376
7.4182928E7	59.554750776097436
7.4951663E7	59.35116165078088
7.5358208E7	56.07896122350455
7.57425755E7	44.109323042309
7.6489133E7	51.40171494549834
7.7257868E7	50.778894831307404
7.8026603E7	51.35623876123902
7.8795338E7	52.69912705207005
7.92080895E7	43.12241765296132
7.9592457E7	49.09209398610777
8.0332808E7	38.372448206387624
8.1101543E7	48.188127887834426
8.1870278E7	49.523128143784206
8.26063115E7	31.31407938804195
8.2990679E7	48.997821273294434
8.3407748E7	46.052372233568796
8.4176483E7	45.67029473591205
8.4945218E7	47.81257544831102
8.5713953E7	47.79294592883347
8.6362088E7	47.78559564918889
8.67464555E7	31.47119449493377
8.7251423E7	46.8628033355287
8.8020158E7	50.31724252281402
8.8788893E7	45.49549088787355
8.9557628E7	39.49132483399963
9.0098611E7	32.775916696063064
9.04829785E7	50.75562075223819
9.1095098E7	55.51588955480781
9.1863833E7	53.832899471222724
9.2632568E7	52.64137999308549
9.3401303E7	49.89586249040118
9.38242175E7	22.666860342752706
9.4208585E7	21.832007654059762
9.4938773E7	44.66001251645498
9.5707508E7	44.766849166237755
9.6476243E7	48.588784527817396
9.71220675E7	37.10383511536821
9.7506435E7	38.371144613742615
9.8013713E7	45.02202978031984
9.8782448E7	46.19930711253937
9.9551183E7	35.72111015814657
1.00269334E8	43.00353800004945
1.006537015E8	32.368889699385946
1.01088653E8	48.8978328260916
1.01857388E8	53.09299957480922
1.02626123E8	53.54465352425243
1.033545365E8	54.90871196217495
1.03738904E8	32.08799856598188
1.04163593E8	35.66428211578652
1.04932328E8	35.32013093425303
1.05701063E8	44.112731587352904
1.06347158E8	37.97492936676115
1.067315255E8	46.05567826198077
1.07238533E8	51.2944973589243
1.08007268E8	46.40391321372843
1.08776003E8	45.36327418705688
1.09309377E8	54.308415331070336
1.096937445E8	55.01760059615646
1.10313473E8	56.51876109708244
1.11082208E8	59.41934846746575
1.11850943E8	45.77255069397255
1.12235708E8	0.6102885916128062
1.126200755E8	42.73802152962032
1.13388413E8	41.452008925920225
1.14157148E8	46.177786728662035
1.147696095E8	43.417325661693596
1.15153977E8	42.75357367303838
1.15694618E8	44.08773801379081
1.16463353E8	46.56158882967409
1.17232088E8	50.66923904063783
1.17668795E8	46.47358549098973
1.180531625E8	57.90780733121011
1.18769558E8	59.162211778692004
1.19538293E8	58.067403162707166
1.2014897E8	58.859086778109635
1.205333375E8	49.561521561523236
1.21075763E8	48.99660933210193
1.21844498E8	52.77307875721508
1.225916085E8	34.045428942352665
1.22975976E8	45.54522503928768
1.23381968E8	55.858152883493666
1.24150703E8	54.59231567866913
1.24919438E8	49.642540708543194
1.253769895E8	47.85122908904262
1.25761357E8	43.371825142782306
1.26456908E8	47.85898529970955
1.27225643E8	48.086947631688645
1.277254535E8	42.47465009818618
1.28109821E8	42.458091281855936
1.28763113E8	52.1487382898105
1.29531848E8	51.13155284242192
1.300272615E8	42.514080804356134
1.30411629E8	42.397267370196516
1.31069318E8	37.36920102783273
1.31838053E8	46.54432583235455
1.322676755E8	43.502498928006496
1.32652043E8	48.55334043970557
1.33375523E8	51.32850698816577
1.34030498E8	49.7418930422948
1.344148655E8	33.34110553442585
1.34912993E8	46.87126966753676
1.35681728E8	47.63379394667291
1.361569665E8	43.926734981844966
1.36541334E8	28.167341967855013
1.37219198E8	39.551372773082505
1.37895604E8	41.494737859676256
1.382799715E8	35.21590798087998
1.38756668E8	44.89678815789192
1.39525403E8	42.79512777019091
1.400102465E8	44.49144977833283
1.40394614E8	41.78265301613644
1.41062873E8	52.87147040882284
1.417121025E8	49.27025234575839
1.4209647E8	41.9319417999913
1.42600343E8	44.624446058868045
1.43369078E8	44.739285786988525
1.437831155E8	10.036994333219775
1.44167483E8	39.3440475354
1.44906548E8	28.495892422645998
1.45465214E8	25.647354653327834
1.458495815E8	46.739952023143296
1.46444018E8	45.35337413834465
1.47106683E8	41.949887063610795
1.474910505E8	49.363691393597485
1.47981488E8	39.072265788629714
1.48737048E8	34.212885306452456
1.491214155E8	27.00326025950015
1.49518958E8	44.739920928006924
1.50287693E8	49.75350622812896
1.50728883E8	51.282255479178666
1.511132505E8	51.00631721356373
1.51825163E8	49.61438733395946
1.52332369E8	45.27285213159376
1.527167365E8	58.27113934464437
1.53362633E8	58.8990029671723
1.5389724E8	53.01327451028279
1.542816075E8	27.92086308762299
1.54900103E8	27.848511717807813
1.55461321E8	30.289160520346144
1.558456885E8	55.24286695779916
1.56437573E8	57.39011824400441
1.57018682E8	53.30037816659043
1.574030495E8	12.60261714128756
1.57975043E8	26.894903923855452
1.585640605E8	48.287859539089546
1.58948428E8	57.43776483242018
1.59512513E8	56.07859066808688
1.6009777E8	52.30180069932486
1.604821375E8	28.088285039992094
1.61049983E8	42.16868428588044
1.616289075E8	49.30280974033364
1.62013275E8	54.166844815887444
1.62587453E8	39.646613466073745
1.631586895E8	31.673863231843683
1.63543057E8	54.651126431900174
1.64124923E8	55.41050637571779
1.64685819E8	42.591352755337084
1.650701865E8	45.49038826864019
1.65662393E8	47.56702767541105
1.66204869E8	46.26369496563146
1.665892365E8	29.935969310115578
1.67199863E8	46.96803993605403
1.67707403E8	19.882129171515388
1.680917705E8	56.332572296245
1.68737333E8	50.511331321417714
1.69197014E8	47.85179244467933
1.695813815E8	47.17440774426579
1.70274803E8	41.69574398426035
1.706842435E8	40.484795259421034
1.71068611E8	48.73216531893667
1.717757825E8	46.51820494249359
1.7216015E8	40.79432879164379
1.72581008E8	54.950107070312754
1.732448375E8	54.72041330954381
1.73629205E8	46.63840889292221
1.74118478E8	39.15111369469297
1.7470787E8	37.01091147248664
1.750922375E8	40.811011186550886
1.75655948E8	44.380215174772566
1.761671155E8	26.70408973321082
1.76551483E8	45.7012686567559
1.77193418E8	50.69806788858433
1.775981795E8	18.917432454854268
1.77982547E8	58.49817313900721
1.786433205E8	57.478162765588955
1.79027688E8	47.427738529239555
1.79499623E8	47.588036071455754
1.80059845E8	52.026522446168464
1.804442125E8	49.03674875806104
1.81037093E8	51.46189169802528
1.814629515E8	29.43714881461072
1.81847319E8	29.12606593455772
1.824697645E8	30.648257559932635
1.82854132E8	53.38615629012161
1.83343298E8	37.21885137268076
1.83845386E8	49.04175789164469
1.842297535E8	25.664750731210358
1.848263935E8	40.758946435050554
1.85210761E8	33.980196724156514
1.85649503E8	54.42985092422098
1.861815255E8	56.70215797406935
1.86565893E8	38.110415809429654
1.871516995E8	39.09328717182649
1.87536067E8	47.29340200671825
1.87955708E8	46.19279060081826
1.88487033E8	40.74042184259846
1.888714005E8	30.605139356863724
1.89437117E8	47.812085849719885
1.898214845E8	45.898851376783234
1.90261913E8	47.6532685717088
1.907655555E8	49.61279318808827
1.91149923E8	47.60098599264418
1.917006725E8	47.41933394826929
1.9208504E8	46.337342069123366
1.92568118E8	46.67090865957741
1.93014003E8	54.298045247155876
1.933983705E8	33.10448722477792
1.939421735E8	33.85116045154467
1.94326541E8	41.36291693484067
1.948700135E8	37.80956683512189
1.95254381E8	40.057936739751064
1.95643058E8	48.10105420943788
1.96173218E8	40.933447579441065
1.965575855E8	37.1282557550232
1.970859405E8	38.765640925772615
1.97470308E8	29.2511309056916
1.97949263E8	39.759339599134286
1.98379719E8	21.76918206381415
1.987640865E8	31.978590576468246
1.99284827E8	30.858249949564232
1.996691945E8	29.512412142845108
2.001689555E8	31.860570955784425
2.00553323E8	39.345114244735086
2.01024203E8	40.59277328932677
2.0143258E8	32.47982458896123
2.018169475E8	33.042500183726204
2.023091665E8	41.029988051363766
2.02693534E8	40.552727122380055
2.03168465E8	46.89323505937644
2.035528325E8	26.041918648665828
2.04022535E8	35.996146232403916
2.044069025E8	36.02953674225196
2.048603755E8	38.58355081221749
2.05244743E8	4.760533450575218
2.05636613E8	48.09183834961639
2.060816995E8	32.031157206104886
2.06466067E8	51.3845827898926
2.069158215E8	32.35699833455925
2.07300189E8	48.01842284193615
2.07743072E8	42.139312136290236
2.081274395E8	40.62039823267813
2.08563085E8	40.35481644543393
2.089474525E8	36.806297464467846
2.09377998E8	49.934618490359426
2.097623655E8	34.51745822796897
2.101865875E8	24.896488562628313
2.10570955E8	27.85148681055156
2.10991954E8	48.00281049446337
2.113763215E8	23.438926061612694
2.117807295E8	43.968592678259164
2.12165097E8	36.498134808869835
2.12555228E8	39.29580687432159
2.12951007E8	34.88484993106374
2.133353745E8	26.746333119028
2.137362725E8	38.05322974987243
2.1412064E8	31.426688046860125
2.145168735E8	28.121525784577585
2.14901241E8	57.68908393390918
2.15295174E8	58.649979391411335
2.156795415E8	42.49482604277523
2.160708055E8	5.498033934042322
2.16455173E8	43.58521918869757
2.16845987E8	15.964068704846659
2.172303545E8	56.50430460430919
2.176193275E8	57.965711933668814
2.18003695E8	40.69149126565192
2.183870575E8	34.78194446318763
2.18771425E8	41.16928778238019
2.191437085E8	40.29864835717139
2.19528076E8	48.35482219511063
2.19895419E8	31.314812890182875
2.202797865E8	43.6840670137434
2.20645687E8	38.00860845047892
2.21025053E8	47.45987239631443
2.21390679E8	51.30831053513447
2.217493495E8	36.03283470774594
2.22133717E8	38.433190936061926
2.22491112E8	30.9012324665697
2.228754795E8	33.08252015158969
2.232300165E8	39.96052549580535
2.23614384E8	21.220744523557894
2.239617555E8	23.15457874601409
2.24346123E8	54.5824173552843
2.2468963E8	39.32112255930802
2.250739975E8	28.971885185937474
2.254154375E8	32.49298142861512
2.25799805E8	31.631079069209417
2.261404185E8	35.54002382009312
2.26524786E8	56.91657501530079
2.2685767E8	57.88169663238518
2.272420375E8	32.90141621428796
2.275674865E8	10.905107818802358
2.27901798E8	48.08768051077576
2.282642395E8	38.07448192819221
2.28575658E8	44.93665500575938
2.289600255E8	44.866074971713616
2.29270193E8	46.09478533684286
2.296545605E8	36.3016241715402
2.299644725E8	42.96608416024233
2.3034884E8	28.053197339177647
2.30655893E8	31.88233682429133
2.309973965E8	42.661589775494996
2.313463715E8	33.84309188228969
2.31650276E8	33.34786599230172
2.320346435E8	26.3461361293064
2.32330417E8	51.34371127350454
2.327147845E8	32.180037448682285
2.33008396E8	32.86213313702808
2.333832675E8	43.44654110972151
2.336859445E8	12.821472876959513
2.33975938E8	48.8948261561255
2.343603055E8	47.553263300330286
2.346438945E8	54.246186980616905
2.35028262E8	38.70054907058056
2.353116695E8	26.93313972534167
2.35668032E8	41.91224763671465
2.359736405E8	43.850436339514005
2.36248209E8	44.09540018352993
2.366325765E8	46.20244798052917
2.36905892E8	47.06168143059091
2.372902595E8	42.7343217985882
2.375596255E8	42.82114908083774
2.378457775E8	27.563132586788463
2.38209635E8	39.087437418368076
2.384723095E8	39.98354982997529
2.38856677E8	33.22154367463114
2.391161115E8	33.14322068307293
2.394117615E8	46.64402444265694
2.39756603E8	58.5897148630242
2.40012063E8	56.940185610038
2.403964305E8	26.753021146507642
2.40651522E8	21.08886936558203
2.40935513E8	35.33710161894018
2.41282414E8	28.04004160901452
2.415260005E8	27.925149301160268
2.41910368E8	56.752429342689325
2.42153892E8	28.438139123848
2.423992835E8	33.027258589300594
2.427812845E8	49.932593402059844
2.430194555E8	39.985444774953535
2.43354977E8	49.468313090506776
2.436401495E8	30.473053155693197
2.43875304E8	47.858237113143275
2.442596715E8	47.607600809232736
2.44494215E8	43.04694587362854
2.447631205E8	48.5546246359272
2.451110035E8	26.29287456634089
2.45340206E8	31.09864441023726
2.45672164E8	53.42338737362945
2.45942791E8	23.216323006070755
2.46158155E8	34.937952467989376
2.46536439E8	52.89299931212554
2.46757852E8	24.971970833117858
2.469695205E8	29.260120562271595
2.47353888E8	40.81726758418183
2.47564574E8	44.174138077258
2.47805319E8	18.486524443457675
2.48157783E8	49.080663465317116
2.48365893E8	47.7565723736041
2.486381075E8	44.11841815559235
2.489579875E8	30.66722601169929
2.49165224E8	31.656909820991125
2.49467076E8	39.36359667978088
2.4975636E8	45.86059760455731
2.499626485E8	41.35602743109605
2.502879155E8	39.599457237492764
2.5054851E8	29.258233816799684
2.507484705E8	37.66489250563222
2.510885645E8	46.484371943433665
2.51332072E8	36.1920219749369
2.51527848E8	20.451396009361332
2.51873065E8	34.27352006223468
2.5210593E8	53.35318752455126
2.5229909E8	47.44609619199262
2.52643082E8	24.82369988180381
2.5287344E8	53.518587946003755
2.53058026E8	54.827104227212054
2.5338655E8	33.40327410521497
2.53626707E8	40.30622185596138
2.53810996E8	34.554880565555486
2.541215335E8	27.38432252608759
2.543774555E8	20.867219897648223
2.545591305E8	33.22356404382572
2.54848343E8	47.17385188365429
2.551248655E8	39.12201939883312
2.553049575E8	45.40163982020347
2.555674465E8	24.56326441076767
2.55866877E8	41.11557474339715
2.560427725E8	37.60478454094891
2.562705875E8	40.401993664883165
2.56600938E8	25.02010609398589
2.56774153E8	40.463100100572646
2.569624935E8	33.56552538314744
2.57304699E8	55.24505883506048
2.57500726E8	30.248507150489356
2.576711905E8	24.979037959256992
2.57986484E8	42.08671117553122
2.582258865E8	58.719657413786955
2.583930965E8	47.66043481698675
2.586566015E8	46.47931309401272
2.58942833E8	34.97974517892877
2.5910475E8	33.202949046644406
2.593058495E8	46.1495466682855
2.59625725E8	42.5439849555457
2.59808993E8	43.978049506588015
2.59968316E8	30.280346437879064
2.60263454E8	36.42037430468317
2.60511936E8	47.19752630450504
2.60669987E8	44.58509926023535
2.60895678E8	46.17123697306041
2.61207803E8	35.87576770164147
2.613664795E8	54.0316170278775
2.61520696E8	45.244310700578225
2.61824593E8	56.21886394593443
2.62058165E8	40.72011281523867
2.622109925E8	37.376330506532206
2.624361765E8	59.11184198264683
2.627407855E8	20.796358017524913
2.62899969E8	27.250731043178494
2.63050826E8	33.536910431498505
2.633441895E8	39.548324516903484
2.635851015E8	22.09374105708496
2.63733667E8	7.877063921622362
2.639380475E8	42.158951749371504
2.64231582E8	32.97096670776343
2.64411569E8	32.597594042696144
2.645558915E8	16.54974626436254
2.648102425E8	42.347859390790646
2.65083559E8	33.298925721727976
2.65224529E8	53.08798922591049
2.653750005E8	39.78758614610458
2.65651351E8	35.33241718171036
2.65885247E8	39.49119109553561
2.66021552E8	32.74801736165956
2.66196816E8	41.787673227059464
2.664682985E8	34.37272363294875
2.66677402E8	24.384389022696958
2.668104465E8	21.6497865897943
2.670024795E8	43.45979219243086
2.672676815E8	12.11189719522523
2.67460016E8	26.525965576337644
2.67590504E8	15.606115361668556
2.67790844E8	30.444479152104012
2.680494615E8	28.22442880154802
2.68233489E8	47.04343245617152
2.683623315E8	38.88260989093046
2.685626535E8	45.110814378789634
2.688141505E8	40.71479979913503
2.68998196E8	32.652833613140345
2.691212125E8	34.192843341952226
2.69305491E8	27.499019967936324
2.69544969E8	38.05290787921943
2.69745058E8	34.10640288142123
2.698635095E8	44.08173596198301
2.700194335E8	44.614424708969985
2.7025476E8	35.41203934023377
2.704832035E8	47.06717513483962
2.706000615E8	54.48509238474657
2.707192135E8	27.30735537876706
2.70946674E8	29.69216238932928
2.711728175E8	27.549079295485498
2.713243835E8	12.96058187526373
2.714361945E8	28.482293680104323
2.71620605E8	45.57491945651175
2.718435565E8	48.56496655489042
2.720435135E8	34.53363746511821
2.721547675E8	33.62462827073989
2.722872195E8	33.40333797539186
2.725064275E8	37.30057409466183
2.727249785E8	31.815057021919063
2.72867561E8	42.28419914070246
2.729767215E8	34.07792209950996
2.731596875E8	24.80408792165683
2.733731465E8	14.26515359590379
2.73574548E8	26.527196905389932
2.736806165E8	7.60020368854328
2.737972355E8	45.034102377519304
2.74008185E8	27.89944344136169
2.7421821E8	31.795576421138268
2.74380672E8	53.02454619107963
2.744841805E8	46.274660181891164
2.746317545E8	26.63970136617452
2.74835029E8	33.905031160801585
2.750368585E8	47.453080297111434
2.751721665E8	17.743529980710388
2.752717585E8	33.59565559629363
2.754346305E8	52.131899339053916
2.75629477E8	48.54841896817579
2.75822252E8	50.9803089163761
2.75947145E8	22.275578258623657
2.760430425E8	23.72058184442933
2.762057895E8	47.397662477994814
2.763968555E8	47.22484997616506
2.76587426E8	28.69728426903455
2.767135505E8	27.96053908185149
2.76808458E8	30.120968184522308
2.76967139E8	53.69912205314864
2.77156076E8	23.102844965943497
2.773432765E8	31.740916555524592
2.774748495E8	27.484441177083365
2.775673295E8	30.99322259290003
2.77713495E8	18.41294845328579
2.77897569E8	32.43125167148866
2.780813245E8	16.06488582201973
2.78227624E8	42.155112586074566
2.78318713E8	28.912573977311173
2.78445831E8	43.97745100139012
2.78624475E8	37.103273290231655
2.78799759E8	37.43594787537186
2.7896884E8	48.80152125445984
2.79055951E8	9.52720465890183
2.791480645E8	46.09332855835422
2.793219045E8	20.022496298768107
2.794951505E8	17.602519873196265
2.796670295E8	40.22797247042294
2.797860375E8	38.88955983875443
2.798713395E8	47.28756357140267
2.80007599E8	42.877690369603435
2.801762495E8	48.98883877761767
2.8034403E8	42.1074897535751
2.80507948E8	38.197683592794846
2.805915035E8	32.59363750095744
2.80677891E8	21.303475438799943
2.80844071E8	33.01859492999201
2.810100155E8	34.94331419676631
2.81175222E8	32.101285830536774
2.813072575E8	32.11123487189017
2.81389511E8	37.25608908476394
2.81503931E8	31.953236172459604
2.816671245E8	24.822405545839764
2.81829173E8	38.830012451017005
2.819906385E8	44.20009525186934
2.820985375E8	31.57434292630615
2.821788915E8	25.710161141855043
2.823119855E8	29.544080542391736
2.82471554E8	41.25569880785177
2.8263049E8	41.58500891642581
2.827887405E8	56.503778137361515
2.82881078E8	10.47981895369774
2.829592085E8	22.478642105093904
2.831008305E8	46.32230194536795
2.832545715E8	36.125559047905114
2.8340819E8	43.52593152741971
2.8356106E8	25.58964471971323
2.83650187E8	7.132551664966753
2.837259075E8	24.722104020699334
2.838639935E8	40.329947017129264
2.84014566E8	2.3335606495145673
2.841642325E8	29.194779603818507
2.843131325E8	31.2131730805977
2.844097475E8	31.455354396697434
2.844837785E8	34.50483441399718
2.84609444E8	31.856209497675582
2.847568575E8	32.44730447799801
2.84903889E8	44.63253133195524
2.850507725E8	20.32302829194269
2.85162443E8	24.746056269149776
2.85235427E8	22.52850364590017
2.8534268E8	22.461763838827725
2.85486983E8	33.245921054769326
2.85630282E8	24.668196267218434
2.85773144E8	54.04017411015583
2.859069595E8	23.56850983069229
2.859767315E8	33.19446090234094
2.86052856E8	30.23955036922376
2.861903485E8	48.30475800379188
2.86326707E8	50.96920676834917
2.86461012E8	39.31796075697198
2.865942015E8	39.314905526163
2.866994605E8	10.294379672260225
2.867650045E8	7.815133960382117
2.868562865E8	29.9268559335348
2.86985097E8	30.783603158676705
2.87113018E8	44.3466632756629
2.872400565E8	36.628569632122385
2.8736678E8	32.90267739868378
2.874684495E8	28.590200172939742
2.875308515E8	43.94752363958764
2.876171135E8	13.90522573731246
2.877417145E8	34.54212995165874
2.87865989E8	33.282874907644604
2.87989856E8	35.15052374341301
2.881135245E8	38.69963240037747
2.88225463E8	26.64151614362533
2.882869705E8	31.594562170847095
2.883595355E8	44.26339867401917
2.884818635E8	54.436325234193085
2.88604014E8	43.30431616621358
2.88725668E8	32.40558139645886
2.88845977E8	41.74533774452306
2.889652565E8	47.67623337591953
2.890345995E8	33.70159457634854
2.89094055E8	17.366900678755037
2.892031115E8	32.719852410334184
2.893211245E8	26.599144066462735
2.8943711E8	37.34791504637169
2.89550763E8	42.321327462341614
2.896633655E8	25.22942836690868
2.897663725E8	44.466478389984445
2.898226395E8	42.31020966880342
2.89887659E8	28.33187939394408
2.899984115E8	42.46399383844945
2.901089365E8	50.95570728204743
2.90218437E8	27.781138109963567
2.903262345E8	40.26010201107549
2.9043256E8	32.17009327212507
2.905335855E8	10.100925584358965
2.905862925E8	57.604286379872654
2.906432345E8	24.18201177554472
2.907479405E8	35.43765099540347
2.90851896E8	24.606377157694517
2.90955247E8	25.31905101585479
2.91058116E8	48.2249978870976
2.91160204E8	24.097971313448472
2.912615545E8	29.070067859849445
2.91331315E8	25.27840088668586
2.9138107E8	32.655039618024986
2.91461273E8	32.63846615939127
2.91559725E8	3.8791403436263803
2.91657178E8	33.63078573046453
2.917545145E8	23.26943590045315
2.91851644E8	30.181736019478553
2.91948596E8	5.089481211164809
2.920451375E8	34.60349622386697
2.9210626E8	46.898219177190896
2.921538905E8	58.313138626502564
2.922360205E8	24.76815323132368
2.923310645E8	32.51980193634681
2.924255295E8	32.77358658853914
2.925187585E8	30.76597912319078
2.92610929E8	11.00624889571053
2.92702327E8	34.12392597518916
2.92792108E8	24.539878294442254
2.928622145E8	39.24387406888158
2.929062585E8	38.858071019321656
2.92967363E8	31.745423761538063
2.930529085E8	25.306633488469636
2.931380435E8	17.90242365349963
2.9322235E8	24.693863686569287
2.93305647E8	10.141232488907276
2.93388439E8	26.74226459572016
2.93470965E8	33.272469761866134
2.935531875E8	35.30606457624551
2.936254925E8	4.579069446393508
2.936664795E8	3.628443250657218
2.9371692E8	24.92825428704863
2.937980535E8	21.930127487551278
2.938782955E8	44.95253532246968
2.93957456E8	58.958531569130464
2.940359865E8	29.45914790162352
2.94113718E8	43.78811961238101
2.94190606E8	31.092689307049717
2.94267212E8	12.875955819881053
2.9434356E8	10.138673640934037
2.94403587E8	33.72718070443306
2.944416325E8	28.335648676179947
2.944955125E8	26.526513537070954
2.9457076E8	33.23636413867469
2.9464554E8	27.375402519412216
2.947198625E8	35.65373251693986
2.947938495E8	8.591220600578598
2.94867693E8	37.729636329882716
2.94941437E8	30.728051131528215
2.950150255E8	27.47296878630625
2.9508846E8	42.65749617743989
2.951596985E8	20.39514764866375
2.951959055E8	23.47801340310291
2.9523318E8	10.704839765446215
2.953042615E8	5.809431745541483
2.95375117E8	11.915674322851492
2.95445692E8	32.8154456863698
2.95515887E8	50.822617462806015
2.955858525E8	1.1003673565095053
2.956554665E8	45.997283940174064
2.957244435E8	3.741816962233293
2.957929165E8	29.646700255693773
2.958609135E8	8.654254809993299
2.959283655E8	21.65320780597294
2.95962472E8	5.497907949790795
2.959959795E8	9.512575276085467
2.960623185E8	7.425654528984843
2.961285905E8	39.95918023249632
2.961944545E8	29.86386996874614
2.96259386E8	36.87967759519099
2.963231915E8	38.44401463569635
2.963866495E8	35.34595448578885
2.964495135E8	36.39536515948383
2.96511883E8	3.4649153780591746
2.96574108E8	7.149795245855307
2.966360135E8	46.008730359029
2.966975155E8	9.32969740083521
2.967299425E8	36.9340565229803
2.967605265E8	28.16187559793449
2.968197085E8	24.77420758608734
2.968803715E8	25.71731643214004
2.969406465E8	30.22522752046608
2.970003935E8	20.24269261939962
2.97059853E8	58.36367414759193
2.971191925E8	45.092775928060504
2.971783685E8	29.883970626544535
2.972373605E8	28.05728162777514
2.972962345E8	18.964184696978325
2.973550285E8	31.154988224772694
2.974136535E8	36.40375569316533
2.974716695E8	2.227409721080607
2.975006415E8	0.0
2.975297915E8	37.9180267412495
2.975874835E8	32.80590408258315
2.97644944E8	17.129562945503082
2.977022745E8	30.64082033743324
2.977593955E8	25.295429517538793
2.97816386E8	38.17156383728275
2.97873337E8	23.615079259912694
2.97929694E8	45.60294641505742
2.979853355E8	18.72830029270784
2.98040566E8	41.35938944222247
2.980954345E8	8.155886659393836
2.98150189E8	43.469867175582266
2.982045775E8	23.498084730873032
2.98250394E8	9.665362923977229
2.98277297E8	11.006530291316956
2.98312184E8	11.120715082908163
2.983655255E8	3.407921743307568
2.98418571E8	40.825185992958836
2.98471025E8	19.033375824308184
2.985229515E8	42.038821016693944
2.98574718E8	31.582952728708182
2.98626245E8	6.797994668744176
2.986775555E8	40.370995705036755
2.987287515E8	36.57880678898684
2.9877965E8	51.97659513423879
2.98830158E8	25.350777479892763
2.98880377E8	8.995674841442789
2.9893041E8	26.6203957466739
2.989803155E8	47.53771038919986
2.9902156E8	28.77135394476039
2.99046443E8	23.898298112331222
2.990795815E8	42.65311132091666
2.991287095E8	23.062798698356243
2.991776335E8	30.1656661374233
2.99226409E8	24.040714071116366
2.992750675E8	1.0743676039517969
2.99323612E8	22.84197698630137
2.993721015E8	42.2011310412372
2.99420364E8	21.66826720211853
2.994682855E8	25.594971684950618
2.995160355E8	37.31870733692904
2.99563736E8	28.276863629507798
2.99611366E8	30.56723937164982
2.99658856E8	9.465129095436096
2.99706222E8	26.898128520380354
2.99753043E8	31.257620682236958
2.997914265E8	26.04983063110468
2.998145535E8	33.72655377965659
2.998454455E8	28.15528993261557
2.998912785E8	50.95723147044175
2.999369015E8	4.8261619326477625
2.99982407E8	14.925142337364822
3.000278035E8	12.404021413366332
3.00072936E8	23.263380979922335
3.001178095E8	6.929279153225682
3.001626E8	4.253032135907011
3.002072585E8	35.32604051111385
3.0025153E8	35.429040542073615
3.002951105E8	29.12880574923178
3.00338256E8	40.04345047086977
3.00381246E8	30.54981873820929
3.00424041E8	27.64239917269907
3.00466617E8	32.37715111166939
3.00509036E8	21.66359263950035
3.005513965E8	28.30050411272319
3.005739685E8	27.577784538160245
3.0059498E8	31.917444049844853
3.006355E8	38.874010035439305
3.00677186E8	5.4996617072978555
3.00718655E8	27.68114208465765
3.007599975E8	41.72904081988492
3.008009635E8	40.26499743553877
3.00841504E8	49.04843144288104
3.00881871E8	14.770944831049572
3.009221625E8	21.842902857799753
3.00962411E8	25.886830917494567
3.01002529E8	5.54883848467451
3.010424755E8	30.181676233470466
3.010823325E8	36.83408335425666
3.011221535E8	33.38574264537175
3.01161883E8	4.202052836490031
3.012013185E8	24.8248775194818
3.01240271E8	5.7945142912777605
3.01278813E8	34.795836258462344
3.013171725E8	27.303992052618447
3.013402245E8	28.247185615367435
3.01359325E8	34.570685992439195
3.01393599E8	26.126297595291366
3.01431711E8	7.774942155270024
3.014697935E8	20.590397240697563
3.015075635E8	30.93000271097169
3.01544826E8	33.67176812363508
3.015818905E8	17.164271179748834
3.01618727E8	39.02179836512261
3.01655231E8	1.7991706068692166
3.01691575E8	15.075790960695304
3.01727817E8	58.24733105932766
3.017639465E8	10.577714627764612
3.018000005E8	24.787527481705197
3.018360275E8	16.738164637834053
3.018718265E8	31.121324218603547
3.019074095E8	0.6381466742467311
3.0194275E8	42.65003378433289
3.01977819E8	4.329885602173948
3.020128525E8	26.02129500289082
3.02047874E8	6.5706216866231895
3.020828745E8	9.305284890363442
3.021066125E8	7.669007789554335
3.021240165E8	14.182934356717299
3.0215234E8	29.00367541464032
3.021865385E8	24.833988129698295
3.022202135E8	26.161185081848522
3.02253491E8	9.686906371235452
3.022863395E8	36.28992764021616
3.02318457E8	13.598928350013285
3.023501625E8	4.808541995087436
3.02381257E8	23.082089476566143
3.024117055E8	24.671943861157253
3.024418645E8	30.062416986379983
3.024718665E8	37.077541800010266
3.02501802E8	17.532260696748363
3.0253152E8	33.329220293889755
3.02561013E8	4.554203543941825
3.025904035E8	4.92567467415042
3.026196635E8	39.88938037676567
3.02648696E8	0.8054993601624414
3.026774925E8	28.88480620968165
3.0270614E8	31.705665395026355
3.0273473E8	37.25516640385094
3.0276322E8	31.60368196371398
3.02791553E8	2.3829857885735617
3.02819683E8	37.25527663529598
3.02847463E8	34.700932886513904
3.02871419E8	25.59865004845123
3.028851665E8	18.91769054669943
3.029023805E8	26.089882820673783
3.02929608E8	23.791784546858114
3.029566585E8	38.107678557631466
3.02983539E8	46.72463921415148
3.030103E8	32.31612913319305
3.03036936E8	39.144321601570674
3.030633795E8	24.986437839245504
3.03089659E8	49.13215805668953
3.031158375E8	30.0785955338551
3.03141897E8	21.10660835020436
3.0316784E8	3.722735517884874
3.03193613E8	33.41132780171042
3.03219033E8	48.6624953311705
3.03244142E8	29.451450962575954
3.03269183E8	28.160086791616667
3.032941495E8	29.23602467851037
3.03318984E8	37.04310681724866
3.03343729E8	9.203297414821327
3.03368407E8	25.776136059757903
3.03392961E8	24.29980845020806
3.034173935E8	0.07325319308790383
3.034417695E8	46.43486192363339
3.03466092E8	26.005740738618787
3.03490315E8	21.631003751328144
3.03514472E8	40.640604162901234
3.03538466E8	8.673422234732534
3.035622675E8	35.30262481989601
3.03585904E8	34.210392240840875
3.036094165E8	9.929545396073992
3.03632882E8	43.40922764386452
3.036474595E8	28.993477403863384
3.03659146E8	26.589858202200805
3.036795675E8	13.904274473665556
3.03702759E8	48.58920921209395
3.037259045E8	24.51338482586261
3.03749014E8	35.70721077317262
3.037721115E8	23.15942833108114
3.03795153E8	15.923992609742978
3.038181055E8	9.616049053126535
3.03840977E8	47.68212026772917
3.038636995E8	43.46359112435993
3.038862345E8	42.724328257551555
3.03908542E8	30.364302501384667
3.03930611E8	28.711463179322433
3.039525865E8	2.9366538295721734
3.03974351E8	32.244535126131595
3.039958025E8	10.418745873030845
3.040171415E8	6.323690627230196
3.04038313E8	37.59358710086615
3.040591685E8	23.362429791490342
3.04079863E8	29.459568130173196
3.04100481E8	34.36847334641382
3.04120937E8	25.95444078001505
3.041411265E8	30.134553974829213
3.04161089E8	5.713345717807601
3.041809935E8	32.04639796926328
3.04200889E8	10.972807246160974
3.042207195E8	39.55276542001843
3.042404435E8	26.611164463956342
3.04260093E8	14.33341491368401
3.042797115E8	30.215232994233062
3.04299283E8	4.927071356500927
3.043188045E8	32.2187426230382
3.0433822E8	2.157086969605778
3.04357514E8	35.62012582423958
3.043766445E8	7.568920863309352
3.04395624E8	2.502630709961475
3.044120845E8	25.783473128300713
3.044215395E8	32.21136428639527
3.044334495E8	25.85672371827667
3.044520715E8	30.736144919743353
3.04470397E8	31.91473900027555
3.04488589E8	38.55315893240738
3.0450666E8	12.602962353425221
3.0452464E8	21.119402236597963
3.04542522E8	11.835462629446196
3.04560353E8	35.470157647604935
3.045781455E8	35.371431265766084
3.045958945E8	1.8833351374756442
3.04613409E8	18.34025453702438
3.04630615E8	30.22540754171506
3.046477165E8	24.149982991065833
3.04664782E8	28.535583148638775
3.046818275E8	7.289765370890833
3.04698855E8	47.67309354962843
3.047157445E8	16.5582275390625
3.047322845E8	40.18745668433796
3.047485745E8	5.437380479129616
3.047647915E8	17.751216109380085
3.04780937E8	4.53539806097359
3.04797045E8	25.46513295141154
3.04813105E8	50.58581215784311
3.04829099E8	16.06611570247934
3.04844809E8	11.896726299338276
3.04860144E8	13.031243336267108
3.04875228E8	38.41135101113756
3.048899345E8	16.5544990059562
3.04904393E8	27.71248072613318
3.04918797E8	5.547144585216782
3.04933121E8	22.03869360773753
3.049473325E8	4.498193776381663
3.049613855E8	45.42623528287918
3.049753525E8	2.267385745197036
3.04989176E8	16.962353909253377
3.050028535E8	14.789670264924352
3.050165075E8	24.56269268590868
3.05030149E8	25.75824664354939
3.05043766E8	6.999643831155615
3.05057328E8	7.869268590378371
3.050707775E8	18.861153840624507
3.050840815E8	3.270616395912565
3.050973185E8	1.9664302600472814
3.0511055E8	17.645988342280685
3.051237565E8	3.9224826123969994
3.051369355E8	3.9824735314556676
3.05150043E8	29.328700019635605
3.05163013E8	27.41641266119578
3.05175888E8	36.449032006583224
3.05185055E8	3.2648809523809526
3.051914585E8	26.646688470973018
3.052015075E8	21.344776557769645
3.05214187E8	3.309666046420527
3.052267085E8	37.70877071353962
3.05239162E8	33.98837670459746
3.052514665E8	27.519229039222743
3.052635855E8	9.173333333333334
3.05275651E8	45.61968867501802
3.052876965E8	13.610093751355786
3.052997075E8	39.12069797134345
3.05311672E8	20.09491217557395
3.053236175E8	34.51831867346687
3.053355615E8	25.16997721592677
3.05347491E8	33.46609942601166
3.0535937E8	18.63134518479245
3.053711045E8	11.702651515151516
3.053827095E8	26.457803812549642
3.05394203E8	41.446718426447845
3.05405586E8	37.8347244043899
3.05416915E8	5.8089308716187205
3.054282015E8	7.3244310069706895
3.054393975E8	3.58510049374894
3.05450508E8	34.60118518972223
3.054616145E8	26.443181818181817
3.05472713E8	13.44531051964512
3.054837595E8	48.177316179113056
3.05494683E8	22.871180582829314
3.055054885E8	23.21522632886032
3.055161465E8	1.5024045130861001
3.05526661E8	13.714020553216534
3.05537127E8	4.399180165389301
3.055475015E8	28.239934050676847
3.055577785E8	10.859474420064485
3.05567969E8	2.757189259051409
3.05578E8	18.9807107833205
3.05587934E8	45.135878304496046
3.055978485E8	19.992051627752172
3.056077465E8	4.78180745848834
3.05617534E8	45.66739171853169
3.05627204E8	24.572590155794177
3.0563683E8	32.84515580736544
3.056464125E8	26.964980544747082
3.05655943E8	18.678690140522203
3.05665429E8	1.027019760720527
3.056749135E8	48.543187085117246
3.05684391E8	35.75028044146915
3.056938605E8	47.7067070322925
3.05703288E8	16.72410308236483
3.0571261E8	21.438534083388486
3.057218545E8	1.3791919423142955
3.057310705E8	28.970573848934887
3.057402675E8	33.31067478087802
3.057494535E8	30.76677675497154
3.057585785E8	31.844328503279
3.05767648E8	6.652104602652376
3.05776642E8	41.960340972993734
3.057855425E8	27.60999141841363
3.05794349E8	25.794672324375295
3.05803082E8	19.080020287482853
3.058116615E8	38.45103874307152
3.058200515E8	34.05669806384092
3.058282875E8	29.362167087911143
3.058363865E8	53.92006364676048
3.058444065E8	39.94534014225789
3.058523285E8	15.732435555765194
3.058601015E8	4.788000328758116
3.058677105E8	0.0
3.058752425E8	56.471371183255464
3.05882709E8	22.047301425661914
3.058900985E8	32.874950958201296
3.05897348E8	42.805440516151535
3.059044835E8	1.6725838264299804
3.059115865E8	1.062746228500048
3.059186575E8	20.347603536528617
3.059257075E8	25.965731240761674
3.059327345E8	17.760477372928598
3.059397415E8	0.5804894571936658
3.05946737E8	16.670886916068024
3.05953382E8	3.1701396772123784
3.059568435E8	5.2776817967645675
3.059606085E8	3.154935695558417
3.059675075E8	34.38815577727711
3.05974393E8	41.912027491408935
3.059812595E8	26.038949621588564
3.0598811E8	16.14744249914178
3.05994947E8	13.83415996532961
3.060017745E8	2.7595460284748126
3.06008546E8	29.10545102379635
3.06015243E8	10.187671232876712
3.06021916E8	1.5571111727197118
3.06028584E8	15.105480844501045
3.060351805E8	2.191463037426539
3.060416715E8	52.335946326456124
3.06048088E8	8.750313047833709
3.06054431E8	29.539930751147264
3.06060702E8	27.767634282562227
3.06066934E8	11.599380041828503
3.060731045E8	20.6530187369882
3.06079204E8	1.1517403206883066
3.060852755E8	54.29816109326784
3.06091306E8	18.726190476190474
3.060973105E8	26.60926455404654
3.06103308E8	44.52509459400687
3.06109298E8	28.679954072046577
3.06115231E8	29.889516394341484
3.06121083E8	1.6205583756345177
3.061268995E8	56.06618561532315
3.061326905E8	34.101789642666034
3.061384525E8	16.275954700061842
3.06144196E8	0.0
3.06149915E8	30.458057448880233
3.061556135E8	33.82534572327504
3.061612865E8	36.62330933518089
3.061668935E8	18.14343140296764
3.061724375E8	33.15903261805936
3.06177958E8	17.358490566037737
3.06183465E8	38.83492222779729
3.0618895E8	38.714515328607725
3.061944175E8	26.469774980930588
3.061998695E8	52.20136162127929
3.062052965E8	8.422535211267606
3.062107035E8	16.42975266398038
3.062160895E8	32.892990213125344
3.06221455E8	11.69820176596556
3.062267975E8	19.314511729405346
3.062321055E8	0.0
3.062373925E8	3.287037037037037
3.062426715E8	3.155118723238614
3.06247945E8	32.77944505151421
3.062532015E8	0.21649484536082475
3.062584425E8	54.779624238062524
3.06263673E8	28.20350428910385
3.062688905E8	52.088422963732995
3.06274102E8	42.94267331742934
3.06279276E8	33.25070004941525
3.062844135E8	35.066528837998305
3.062895485E8	11.307203389830509
3.06294667E8	3.6192560175054704
3.06299761E8	3.3722524702561
3.063048415E8	3.150126126126126
3.063099165E8	47.61827670217827
3.063149815E8	0.0
3.063200175E8	0.7724137931034483
3.063250325E8	56.50305943561613
3.06330018E8	1.1235790245691235
3.063349735E8	31.0
3.063399235E8	38.987483815278374
3.06344861E8	13.804375130835252
3.063497735E8	43.380185700440805
3.06354609E8	3.87733795104009
3.06359362E8	4.589476454718926
3.06364072E8	28.247662810964982
3.06368756E8	10.408020369191597
3.063734225E8	8.520843194799458
3.063780725E8	22.870649000673705
3.06382707E8	45.998728393465235
3.063873235E8	39.34114547219526
3.06391931E8	2.4217423092064565
3.063965295E8	5.2640550159214365
3.06401082E8	9.323936894370146
3.064055785E8	43.99146406347591
3.06410055E8	0.6350077279752705
3.0641452E8	4.688357368976433
3.0641896E8	1.0190168640114818
3.064233765E8	36.772135866436386
3.06427766E8	0.27230072986223575
3.064321085E8	8.386039969524703
3.06436424E8	0.0
3.06440737E8	17.50191780821918
3.064450465E8	5.593498750711229
3.06449342E8	0.0
3.06453625E8	0.0
3.06457902E8	13.726053913402193
3.064621725E8	24.151777777777777
3.06466441E8	33.47816815766239
3.06470704E8	59.038974286819794
3.064749595E8	4.257958801498128
3.064792095E8	26.34367279714521
3.06483446E8	20.96507838917922
3.064876545E8	0.5356143625782365
3.064918455E8	38.095447870778266
3.0649603E8	28.016116450625013
3.065001735E8	0.1338403041825095
3.06504273E8	20.460511566289615
3.065083565E8	3.9683600713012477
3.06512427E8	40.92892356032288
3.06516488E8	29.00828618361015
3.065205265E8	19.2868950228316
3.065245425E8	6.035495021410514
3.06528524E8	0.0
3.06532471E8	4.158264638567638
3.065364115E8	59.85646329511319
3.065403375E8	0.0
3.0654423E8	16.515986403250952
3.06548097E8	6.468085106382978
3.0655195E8	1.265831593597773
3.065557735E8	25.243691148775895
3.06559577E8	29.56730812362625
3.065633635E8	3.9107438016528926
3.065671335E8	26.97211438310766
3.065709005E8	26.920535087931494
3.065746505E8	6.5622820684027
3.065783835E8	9.832773847306115
3.06582112E8	11.54580350439371
3.06585833E8	34.71435272045028
3.06589543E8	21.295436005323946
3.065932395E8	5.383593062712078
3.065969265E8	4.427475173036413
3.06600612E8	3.6582794019192146
3.066042955E8	4.767880649407635
3.06607968E8	28.464
3.0661163E8	6.84307150439062
3.066152875E8	34.139236445299964
3.06618939E8	0.0849933598937583
3.066225875E8	2.042238648363252
3.066262295E8	0.42272339466525005
3.066298605E8	24.976324457864397
3.066334545E8	0.0
3.06637011E8	0.7148014440433214
3.0664056E8	7.633681765389082
3.066440915E8	0.9726518253092772
3.066476025E8	56.527104414544645
3.066511055E8	12.805735984810633
3.06654603E8	14.301139748986142
3.066580945E8	17.635041131476402
3.066615705E8	4.317269076305221
3.06665033E8	57.262055614220344
3.06668493E8	1.0071428571428571
3.066719485E8	7.5241817147306325
3.066753845E8	15.065493140046597
3.06678798E8	18.57041960947237
3.066821985E8	3.3147735708982924
3.06685591E8	0.0
3.066889815E8	47.45807734962241
3.066923705E8	5.538700703649157
3.066957585E8	1.8634529624124019
3.066991455E8	56.199174652979096
3.067025305E8	1.2135076252723311
3.06705914E8	0.1322231354751099
3.067092965E8	12.266666666666667
3.06712672E8	38.80859375
3.06716041E8	16.858928066815285
3.067194095E8	35.84167872198112
3.067227775E8	4.317893171923118
3.067248635E8	0.0
3.06726541E8	0.0
3.067294915E8	17.397489539748953
3.067328405E8	6.499830047586676
3.067361665E8	2.377892030848329
3.06739469E8	12.16
3.06742768E8	0.0
3.06746065E8	24.572736682856917
3.067493595E8	33.23849438246463
3.067526505E8	4.629364241057409
3.06755933E8	0.0
3.067591995E8	6.804707394862413
3.067624565E8	0.293908540697142
3.067657115E8	3.373122602708073
3.06768965E8	39.998130841121494
3.06772208E8	14.173236534876876
3.067754395E8	7.916666666666667
3.067786575E8	40.34424889663815
3.067818625E8	29.609843192050924
3.067850465E8	28.685558307068888
3.0678821E8	0.4934742075823493
3.067913705E8	5.353031779047418
3.067945245E8	9.44542772861357
3.06797666E8	32.17327773374229
3.0680079E8	0.0
3.06803903E8	21.372424936044162
3.068070135E8	13.451327433628318
3.068101235E8	6.55371300297144
3.06813233E8	13.463579553776302
3.068163365E8	35.8461635777089
3.068194285E8	40.0
3.06822513E8	2.1204819277108435
3.068255925E8	2.460947097285516
3.068286625E8	20.2787103650413
3.068317255E8	0.3966102875855702
3.068347845E8	1.0245707519242155
3.068378385E8	12.717241379310344
3.0684088E8	6.3983739837398375
3.06843903E8	4.17570970449605
3.068469175E8	11.847247499114461
3.068499285E8	7.464633995802988
3.068529315E8	18.50268017366136
3.06855925E8	4.651810584958217
3.06858904E8	17.19940133120143
3.06861871E8	8.922185430463577
3.06864829E8	26.187484044454276
3.068677785E8	0.0
3.06870722E8	15.915825438732723
3.068736605E8	7.178091470683863
3.06876586E8	5.074230085182065
3.06879498E8	0.6720793865584123
3.068824045E8	0.0
3.068853035E8	4.292200530402275
3.06888198E8	0.0
3.0689109E8	0.0
3.068939665E8	0.5599091425326519
3.06896809E8	31.72944501541624
3.068996235E8	36.240914036996735
3.069024245E8	14.338413120425388
3.06905212E8	30.195271867612295
3.069079905E8	3.211329539575789
3.069107675E8	1.8616004026170105
3.06913543E8	46.25776369397918
3.06916313E8	0.22429906542056074
3.06919067E8	0.5859764629902049
3.069218095E8	14.78598701794578
3.069245455E8	24.112997962200822
3.06927266E8	0.8432909058466662
3.06929975E8	46.13241547948118
3.069326695E8	26.223776223776223
3.069353465E8	6.231572272922847
3.06938016E8	4.7
3.06940674E8	0.07854205768156225
3.06943317E8	4.87230596736016
3.069459505E8	21.02517985611511
3.069485655E8	0.0
3.06951153E8	4.683181225554107
3.069537225E8	2.708427781481627
3.069562725E8	4.1344537815126055
3.069587885E8	40.0
3.069612825E8	6.320692536204976
3.069637735E8	16.18322405047631
3.0696626E8	0.9544007689331053
3.06968739E8	21.56081799478052
3.06971213E8	26.634146341463413
3.06973672E8	0.0
3.069761095E8	5.764705882352941
3.06978536E8	1.0069970845481049
3.0698095E8	0.0
3.06983354E8	15.925581395348837
3.06985755E8	2.9375714612394237
3.06988152E8	2.7418004187020237
3.06990543E8	50.66535675758977
3.069929255E8	15.936170212765957
3.069953025E8	41.214620093626216
3.069976725E8	12.956724513763328
3.070000295E8	21.828303545268092
3.07002367E8	5.766666666666667
3.07004687E8	20.78
3.070070005E8	14.587962962962964
3.070093035E8	6.181034482758621
3.070115925E8	0.0
3.07013868E8	7.558569072293281
3.07016134E8	17.73455139763552
3.07018396E8	0.167693036475604
3.07020655E8	0.0
3.070229135E8	0.17883755588673622
3.0702516E8	2.3275547820366995
3.07027389E8	1.1551499348109517
3.0702961E8	4.373591778327046
3.070318285E8	0.7919317538455634
3.070340435E8	14.865181711606096
3.070362525E8	46.741452338325836
3.07038456E8	36.19984577817761
3.07040653E8	0.0
3.0704284E8	21.11542239685658
3.070450185E8	13.364371878377193
3.07047178E8	0.056532425789374174
3.0704932E8	40.0
3.07051452E8	47.72596153846154
3.070535745E8	44.044444444444444
3.07055696E8	0.48349035836928766
3.07057816E8	56.07153511127021
3.07059934E8	0.0
3.0706204E8	0.0
3.070641345E8	0.0
3.07066228E8	23.44651816174995
3.070683165E8	0.0
3.070704E8	7.696526508226691
3.07072481E8	3.0139256177157883
3.07074558E8	0.0
3.070766325E8	7.913043478260869
3.070787045E8	1.250808480057492
3.07080772E8	5.129981766084918
3.070828335E8	14.234346074267668
3.07084889E8	0.0
3.07086942E8	4.510998307952622
3.07088987E8	0.0
3.070910185E8	20.343843843843842
3.07093044E8	43.800766034796155
3.07095069E8	0.24510897662648634
3.07097091E8	37.91835205992509
3.07099108E8	12.199129488574538
3.071011185E8	32.90993651913243
3.07103122E8	16.295099061522418
3.071051185E8	22.860316006411725
3.071071095E8	57.36557788944724
3.071090915E8	1.579821489097277
3.07111059E8	0.0
3.071130195E8	29.72661870503597
3.07114979E8	38.73767258382643
3.07116933E8	1.343344228673973
3.071188785E8	1.0507246376811594
3.071208195E8	1.3870029097963144
3.07122752E8	0.0
3.071246735E8	0.0
3.071265845E8	0.0
3.07128479E8	0.0
3.07130355E8	0.45149253731343286
3.07132213E8	3.938689217758985
3.071340475E8	0.0
3.07135863E8	18.96196566812521
3.071376725E8	0.2579669091611408
3.07139478E8	7.7315568022440395
3.07141279E8	0.0
3.071430775E8	0.0
3.07144871E8	0.8893871449925261
3.071466595E8	0.0
3.07148442E8	4.59790115098172
3.07150216E8	29.524344569288388
3.071519825E8	35.925925925925924
3.071537425E8	4.273684210526316
3.071554995E8	0.9930638129211257
3.071572545E8	15.81805359661495
3.07159008E8	45.56521739130435
3.071607605E8	19.502114164904864
3.071625115E8	37.17513796108045
3.07164259E8	0.0
3.07165998E8	0.0
3.071677295E8	0.0
3.07169459E8	0.0
3.07171187E8	9.713473332094406
3.07172911E8	18.619193596457613
3.071746285E8	32.70379978635739
3.071763405E8	27.70833859494044
3.0717805E8	0.0
3.07179757E8	9.067436071509391
3.0718146E8	0.08590534979423868
3.07183154E8	36.39073741007194
3.071848325E8	12.916666666666666
3.071864995E8	11.067334931357594
3.07188158E8	19.48091631957592
3.07189806E8	5.530587980977086
3.07191447E8	0.25468307558266173
3.071930855E8	16.754716981132077
3.07194713E8	6.402107289939562
3.07196327E8	3.1198871650211566
3.071979365E8	1.0991573879024978
3.07199539E8	25.73204419889503
3.07201133E8	0.0
3.072027235E8	40.0
3.072043025E8	2.398671096345515
3.07205867E8	28.77688442211055
3.07207427E8	0.0
3.07208982E8	0.8779931584948689
3.072105315E8	0.0
3.07212076E8	1.46123830242757
3.072136115E8	19.305361305361306
3.072151395E8	31.79695686499677
3.072166655E8	3.7778059606848444
3.07218189E8	14.100328947368421
3.07219709E8	0.0
3.07221218E8	0.0
3.072227155E8	20.11320754716981
3.072242065E8	0.0
3.07225692E8	0.0
3.072271765E8	2.3073862337068376
3.07228659E8	41.66744256654185
3.072301395E8	0.0
3.072316155E8	0.0
3.072330835E8	55.92156862745098
3.0723454E8	0.7851564185544768
3.072359815E8	5.230087789305666
3.072374155E8	40.0
3.07238849E8	3.2867740505393823
3.072402775E8	23.0
3.072416995E8	24.767695301640256
3.072431125E8	3.0929067516793807
3.072445175E8	0.0
3.07245921E8	0.0
3.07247322E8	0.0
3.072487205E8	36.48615558485591
3.072501165E8	0.5919881305637982
3.072515085E8	21.614193365063578
3.072528945E8	7.476433121019109
3.07254274E8	54.385656896295195
3.072556495E8	16.94313388533042
3.072570195E8	1.014718893267916
3.07258382E8	0.6741292715753537
3.07259739E8	0.0
3.072610935E8	0.0
3.072624475E8	1.6123730378578025
3.072637995E8	52.30458124552613
3.07265146E8	0.0
3.072664865E8	0.017287026942843793
3.072678185E8	6.338028169014085
3.072691435E8	0.0
3.072704615E8	6.297650130548303
3.07271773E8	18.884524886877827
3.072730825E8	7.176192424862457
3.072743855E8	0.0
3.072756825E8	2.036948529411765
3.072769735E8	29.0
3.07278257E8	0.0
3.07279535E8	16.63974358974359
3.07280808E8	0.0
3.07282078E8	0.0
3.07283345E8	2.036196911196911
3.072846035E8	10.39042753428341
3.072858485E8	13.09
3.072870805E8	3.483130789496048
3.07288306E8	1.2924267551133222
3.072895305E8	40.0
3.0729075E8	0.0
3.072919625E8	1.229551451187335
3.0729317E8	4.897680763983629
3.072943745E8	0.0
3.07295576E8	0.0
3.07296769E8	0.0
3.072979505E8	0.0
3.072991265E8	0.0
3.073002965E8	46.0
3.0730146E8	0.0
3.0730262E8	17.445193929173694
3.073037765E8	0.0
3.073049325E8	0.0
3.073060875E8	26.75763358778626
3.07307234E8	17.555555555555557
3.073083675E8	0.0
3.0730949E8	0.3443223443223443
3.07310606E8	3.9776524112829845
3.073117205E8	0.0
3.07312834E8	9.489310784939375
3.07313946E8	0.0
3.07315057E8	0.0
3.073161665E8	0.0
3.07317273E8	22.381009615384617
3.073183765E8	27.06039623004424
3.073194775E8	5.760440835266821
3.073205775E8	1.4094955489614243
3.07321677E8	3.125
3.073227755E8	0.0
3.073238735E8	6.810960281548517
3.07324967E8	13.457702853661013
3.07326045E8	6.3
3.07327112E8	30.239720394736842
3.07328175E8	0.0
3.07329233E8	2.961038961038961
3.073302885E8	9.371392211758717
3.0733134E8	14.151696703616562
3.07332388E8	0.0
3.073334315E8	3.2083333333333335
3.073344645E8	0.0
3.073354855E8	11.446894262683736
3.073365005E8	0.0
3.07337512E8	8.098712446351932
3.07338521E8	0.0
3.07339524E8	14.806670435274166
3.073405195E8	0.0
3.073415095E8	0.0
3.073424955E8	0.0
3.07343481E8	0.0
3.07344466E8	0.0
3.07345449E8	11.041519840661866
3.0734643E8	0.0
3.073474095E8	0.0
3.073483845E8	0.0
3.073493565E8	0.0
3.07350326E8	0.0
3.073512895E8	0.0
3.07352248E8	52.59668508287293
3.07353193E8	13.911523232142457
3.07354126E8	0.0
3.073550565E8	33.69387755102041
3.073559835E8	0.0
3.073569075E8	0.0
3.073578275E8	0.0
3.073587445E8	0.0
3.07359658E8	0.0
3.07360568E8	3.7452830188679247
3.07361477E8	0.0
3.073623815E8	0.0
3.0736328E8	0.0
3.073641745E8	0.0
3.073650655E8	1.3094582185491277
3.07365955E8	0.0
3.073668425E8	0.0
3.07367728E8	0.0
3.07368608E8	0.0
3.073694805E8	0.0
3.0737035E8	0.10072023407607472
3.073712185E8	0.0
3.07372084E8	0.0
3.073729445E8	0.0
3.07373801E8	9.570707768869228
3.07374652E8	0.0
3.07375497E8	25.543032860156615
3.07376337E8	0.0
3.07377173E8	13.9475620975161
3.073780065E8	12.076874003189793
3.07378836E8	0.0
3.073796625E8	40.0
3.07380485E8	34.285819340605464
3.073812975E8	3.731581848245453
3.073821025E8	1.9202695115103874
3.073829055E8	0.0
3.07383704E8	0.0
3.073844975E8	3.077959183673469
3.073852875E8	0.0
3.07386072E8	6.217949965930108
3.07386853E8	0.0
3.073876335E8	0.0
3.07388411E8	4.125491297024143
3.073891845E8	0.0
3.073899525E8	10.4
3.073907155E8	50.9375
3.073914765E8	0.0
3.073922355E8	0.0
3.07392992E8	0.0
3.073937465E8	1.0
3.073944975E8	0.0
3.073952445E8	0.0
3.073959905E8	0.0
3.073967355E8	0.0
3.073974755E8	0.0
3.073982085E8	7.407225924474062
3.07398938E8	0.0
3.07399665E8	0.0
3.074003845E8	0.0
3.074010975E8	0.0
3.07401809E8	0.0
3.074025195E8	14.412650602409638
3.074032295E8	0.0
3.074039365E8	0.0
3.0740464E8	0.0
3.0740534E8	0.0
3.074060365E8	0.0
3.07406728E8	24.838795630162537
3.07407414E8	32.03649635036496
3.07408095E8	0.0
3.07408771E8	0.0
3.074094455E8	0.0
3.07410119E8	0.0
3.07410791E8	0.0
3.074114535E8	0.0
3.074121015E8	6.40042372881356
3.07412743E8	0.0
3.07413383E8	0.0
3.07414021E8	0.0
3.07414658E8	0.0
3.07415294E8	0.0
3.074159275E8	0.0
3.074165575E8	11.0
3.07417184E8	0.0
3.074178075E8	26.86315789473684
3.074184285E8	0.0
3.07419046E8	0.0
3.074196585E8	0.0
3.07420267E8	0.0
3.07420871E8	0.0
3.07421472E8	0.0
3.074220725E8	0.0
3.07422671E8	0.0
3.074232665E8	0.0
3.074238595E8	0.0
3.074244515E8	0.0
3.07425042E8	5.786475409836066
3.074256305E8	0.0
3.074262165E8	0.0
3.074268005E8	0.0
3.074273815E8	0.0
3.074279595E8	4.949885423931454
3.07428537E8	0.0
3.07429113E8	0.0
3.074296855E8	0.0
3.07430254E8	3.7777777777777777
3.07430819E8	0.0
3.074313815E8	0.0
3.074319415E8	0.0
3.07432497E8	0.0
3.074330485E8	0.0
3.074335975E8	0.0
3.074341455E8	7.335843782755542
3.07434693E8	0.0
3.0743524E8	0.0
3.074357865E8	32.53314121037464
3.074363325E8	0.0
3.07436878E8	0.0
3.07437422E8	0.0
3.07437964E8	33.0
3.07438504E8	44.34289367921082
3.074390425E8	31.884578781072747
3.07439579E8	0.0
3.074401125E8	0.0
3.07440644E8	57.4320987654321
3.07441174E8	31.086698337292162
3.074417025E8	0.0
3.07442227E8	0.0
3.07442747E8	0.0
3.07443264E8	25.320690955173305
3.074437785E8	0.0
3.0744429E8	0.0
3.07444798E8	1.5408560311284047
3.074453045E8	0.0
3.0744581E8	40.0
3.074463125E8	0.0
3.07446812E8	22.016775620501754
3.074473085E8	0.0
3.074478015E8	0.0
3.074482925E8	0.0
3.074487815E8	0.0
3.07449269E8	0.0
3.074497555E8	0.0
3.07450239E8	0.0
3.0745072E8	0.0
3.07451198E8	0.0
3.074516695E8	0.0
3.074521375E8	0.0
3.074526035E8	0.0
3.07453067E8	0.0
3.07453528E8	1.9666666666666666
3.07453982E8	0.0
3.074544305E8	0.0
3.074548775E8	0.0
3.07455321E8	0.0
3.074557615E8	0.0
3.07456201E8	0.0
3.07456637E8	0.0
3.0745707E8	0.0
3.07457503E8	0.0
3.07457932E8	0.0
3.07458353E8	0.0
3.0745877E8	0.0
3.07459185E8	0.0
3.074595975E8	0.0
3.07460009E8	0.0
3.07460419E8	0.0
3.074608275E8	0.0
3.07461234E8	0.0
3.07461637E8	0.0
3.07462037E8	0.0
3.07462436E8	0.0
3.074628295E8	0.0
3.074632175E8	0.0
3.07463604E8	0.6559139784946236
3.074639885E8	0.0
3.074643725E8	0.0
3.07464756E8	0.0
3.074651385E8	0.0
3.0746552E8	0.0
3.074659E8	0.0
3.074662785E8	0.0
3.07466655E8	0.0
3.07467028E8	0.0
3.07467397E8	0.0
3.07467764E8	0.0
3.074681295E8	0.0
3.074684925E8	0.0
3.074688535E8	44.10226612434631
3.074692125E8	8.421985815602836
3.07469565E8	0.0
3.0746991E8	0.0
3.07470252E8	38.0
3.074705915E8	0.0
3.07470929E8	0.0
3.07471266E8	0.0
3.07471601E8	0.0
3.07471933E8	34.59970887918486
3.074722625E8	0.0
3.0747259E8	0.0
3.07472917E8	0.0
3.074732435E8	0.0
3.07473569E8	0.0
3.07473894E8	0.0
3.07474218E8	0.0
3.07474541E8	0.0
3.07474863E8	0.0
3.074751825E8	0.0
3.074754995E8	0.0
3.074758155E8	0.0
3.0747613E8	25.537102473498233
3.074764425E8	0.0
3.074767535E8	0.0
3.07477063E8	0.0
3.07477372E8	0.0
3.074776785E8	3.070588235294118
3.074779805E8	0.0
3.0747828E8	0.0
3.074785785E8	0.0
3.07478873E8	0.0
3.074791635E8	30.99925980754996
3.074794525E8	0.0
3.07479739E8	0.0
3.07480024E8	0.0
3.074803065E8	0.0
3.074805865E8	0.0
3.07480866E8	0.0
3.07481141E8	0.0
3.07481412E8	0.0
3.074816825E8	7.119565217391305
3.0748195E8	0.0
3.07482213E8	0.0
3.074824735E8	22.0
3.074827325E8	0.0
3.074829885E8	0.0
3.074832415E8	0.0
3.074834925E8	0.0
3.07483741E8	0.0
3.07483986E8	0.0
3.07484227E8	0.0
3.07484466E8	0.0
3.07484705E8	0.0
3.07484943E8	0.0
3.074851795E8	0.0
3.074854115E8	0.0
3.07485639E8	0.0
3.074858655E8	0.0
3.074860915E8	0.0
3.074863175E8	0.0
3.07486542E8	0.0
3.07486762E8	0.0
3.074869785E8	0.0
3.074871945E8	0.0
3.07487409E8	0.0
3.07487621E8	0.0
3.0748783E8	0.0
3.074880335E8	0.0
3.07488232E8	0.0
3.07488428E8	0.0
3.074886225E8	29.186915887850468
3.0748881E8	0.0
3.07488991E8	0.0
3.07489172E8	0.0
3.07489351E8	0.0
3.074895275E8	0.0
3.07489703E8	0.0
3.07489878E8	0.0
3.07490053E8	0.0
3.074902265E8	18.775510204081634
3.07490395E8	0.0
3.074905575E8	0.0
3.074907135E8	0.0
3.07490864E8	0.0
3.07491012E8	0.0
3.074911565E8	0.0
3.07491297E8	0.0
3.074914355E8	0.0
3.074915695E8	0.0
3.074916995E8	0.0
3.074918285E8	0.0
3.074919565E8	0.0
3.07492084E8	0.0
3.07492211E8	0.0
3.07492338E8	0.0
3.074924645E8	0.0
3.074925885E8	0.0
3.074927095E8	0.0
3.074928275E8	0.0
3.074929365E8	0.0
3.074930385E8	0.0
3.074931395E8	0.0
3.07493239E8	0.0
3.07493338E8	0.0
3.07493436E8	0.0
3.07493525E8	0.0
3.074936035E8	0.0
3.07493678E8	0.0
3.074937455E8	0.0
3.07493806E8	0.0
