# Position (bp)	A	C	G	T	N
0.0	32.48325130408283	20.586278599356696	22.986010211913737	23.944459884646736	0.0
1.0	30.630244418139053	18.701725087354156	19.524540467160513	31.130901737020206	0.012588290326072383
2.0	29.084436507580726	20.226406466565177	20.191859667147092	30.491204364142376	0.006092994564626656
3.0	29.02106046582636	20.657338053300002	20.728555480282054	29.592280755321887	7.652452696964782E-4
4.0	29.83625819627133	20.474504442243834	20.637499430503436	29.051106578985465	6.313519959340174E-4
5.0	30.371840202323536	20.090845473793426	20.255411336291548	29.28125763126797	6.453563235220546E-4
6.0	29.76985302035986	20.35211343509248	20.766982896129022	29.110788219922203	2.624284964356118E-4
7.0	29.53669635707995	20.323849500995962	20.253145300976094	29.885935534717685	3.7330623030552986E-4
8.0	29.595620965882386	20.236738557904342	20.353534363114427	29.813529885266533	5.762278323061762E-4
9.0	29.730906318658906	20.261622126551444	20.434280374340997	29.57293947585331	2.517045953411848E-4
10.0	29.786039479187508	20.216328969167076	20.43963376031793	29.557903827215398	9.396411208400406E-5
11.0	29.760305248331125	20.25712106565648	20.300173447572952	29.68223859454454	1.6164389489928648E-4
12.0	29.796537624387902	20.28411227397484	20.401337155759368	29.517879280106186	1.3366577170413532E-4
13.0	29.794829487316044	20.267825222502395	20.25398125789322	29.68283466127877	5.293710095807939E-4
14.0	29.71984840600699	20.26137696087453	20.317840079871672	29.698464996988218	0.002469556258593514
15.0	29.69546189694457	20.28293375618282	20.39957999299045	29.62170684301063	3.175108715268824E-4
16.0	29.690791295477702	20.291513194110312	20.38629589735116	29.630856611667323	5.430013935044762E-4
17.0	29.61674621139348	20.276670114246837	20.39219715343513	29.713945943291158	4.4057763339029545E-4
18.0	29.563746790284785	20.37464177392079	20.521862129061567	29.536398558335097	0.0033507483977612894
19.0	29.609145578193623	20.358414304788248	20.436946533761365	29.595152013723187	3.4156953357961095E-4
20.0	29.60569227708037	20.349584856948994	20.429260216502197	29.61500516783808	4.5748163036334646E-4
21.0	29.612184007330733	20.38041487283909	20.481392474355097	29.524887507903706	0.0011211375713706597
22.0	29.635630018946728	20.400324639636345	20.386159112040435	29.577017310228236	8.689191482532686E-4
23.0	29.619721930173736	20.337642957486267	20.367729405821652	29.67457726353444	3.284429839045088E-4
24.0	29.599803559813576	20.412683374443734	20.472526552380266	29.514612226152316	3.7428721011054556E-4
25.0	29.615208873090825	20.375746497804638	20.417799929743058	29.590938584405556	3.0611495591891246E-4
26.0	29.548452899063804	20.38759539321613	20.427532883196875	29.635981572196197	4.372523269955623E-4
27.0	29.539227559360683	20.421616422627235	20.512655007734633	29.525971994846184	5.290154312736171E-4
28.0	29.577759947110614	20.403703200209552	20.457126641908662	29.560514796298616	8.954144725539773E-4
29.0	29.607447882637533	20.3745917743595	20.40003256789972	29.616817264274108	0.0011105108291366089
30.0	29.567231127230926	20.4340079385885	20.472601298675507	29.523752307627333	0.002407327877738331
31.0	29.61362458358716	20.38276258919897	20.397987064309316	29.604873827759647	7.51935144903741E-4
32.0	29.579131287806824	20.398003043733482	20.404151839497935	29.616959556485966	0.001754272475793781
33.0	29.581586079704465	20.40330943294944	20.474080452244436	29.534232760627265	0.006791274474395658
34.0	29.61607277587359	20.415917920055243	20.43419705561911	29.51613034322368	0.017681905228380528
35.0	29.594828824528737	20.36182759616769	20.406924563657647	29.635915523824146	5.034918217823388E-4
36.0	29.54870659808092	20.426547065556857	20.491165934174642	29.532972739991237	6.076621963455478E-4
37.0	29.59331503777367	20.38417672542689	20.41946606569339	29.60223142946822	8.107416378358815E-4
38.0	29.55476640804203	20.41166942779591	20.417229601914848	29.61572873641405	6.058258331624186E-4
39.0	29.55123762145834	20.41148949167766	20.464113985989986	29.572687304580075	4.715962939313805E-4
40.0	29.5510218444498	20.461717393411497	20.442434093058743	29.544319678680438	5.069903995273365E-4
41.0	29.557028943383624	20.385423531760686	20.388513817943448	29.668574316170375	4.593907418630415E-4
42.0	29.55925897668247	20.451278741748524	20.463745503310328	29.52529438585532	4.2239240335569027E-4
43.0	29.596167614162354	20.405892844448882	20.373570781137627	29.623995738572052	3.7302167908301445E-4
44.0	29.56932891445991	20.4086225827956	20.377294502454234	29.644402059001564	3.519412886943972E-4
45.0	29.554473356017308	20.43455186975561	20.44723678010369	29.563325721266498	4.122728568981981E-4
46.0	29.5762202516045	20.438476674377146	20.408629601543968	29.576312312093698	3.611603806849941E-4
47.0	29.529607029251885	20.39395128079446	20.403510367224282	29.67245478561862	4.7653711075266303E-4
48.0	29.56010357361446	20.450841196141724	20.451766555683797	29.53688981268844	3.988618715811555E-4
49.0	29.586463963877257	20.408910242266884	20.388265807712482	29.61525831098154	0.0011016751618358152
50.0	29.561002645122763	20.425631421915885	20.374927774814694	29.635368231631155	0.00306992651550377
51.0	29.524028746194062	20.453011003490133	20.42960472347419	29.592366931955123	9.88594886490268E-4
52.0	29.54979253402568	20.43927195146994	20.396508362571605	29.612484576543878	0.001942575388891205
53.0	29.53306582820786	20.39748225716955	20.369628262531915	29.69843483023799	0.0013888218526825796
54.0	29.54837177246462	20.448884327240233	20.409284445173572	29.592785260333066	6.741947885032824E-4
55.0	29.57626006010233	20.4280659059378	20.35593064990108	29.639237018349675	5.06365709118182E-4
56.0	29.56460421869601	20.411835288589945	20.356727136827924	29.66640122125641	4.321346297128081E-4
57.0	29.559006728208747	20.41084051358949	20.39413879651636	29.635505784647346	5.081770380536775E-4
58.0	29.563528492596753	20.419057396096175	20.362467551983666	29.652285838648417	0.002660720674988359
59.0	29.562317941811862	20.389425626089444	20.351854560116426	29.695749984559583	6.518874226926706E-4
60.0	29.557970591111104	20.41522772102904	20.39564598026588	29.630612290864665	5.434167293126217E-4
61.0	29.56905101976311	20.416448343031103	20.33826107317615	29.675055222741403	0.0011843412882344218
62.0	29.55199806942917	20.39377486585707	20.329125725691583	29.724315412020903	7.859270012776818E-4
63.0	29.56880889875424	20.408512003464427	20.379572977724063	29.641685928767643	0.0014201912896361435
64.0	29.59208148169385	20.388251111493933	20.30599824041741	29.712852779837622	8.163865571864054E-4
65.0	29.57012620233071	20.3561870265856	20.30554246445672	29.76426110427607	0.0038832023509007894
66.0	29.581200177368615	20.40565351716925	20.336910475555435	29.67553425064984	7.015792568614549E-4
67.0	29.59514516252537	20.390609662754304	20.32411839443784	29.6897525810295	3.7419925298800075E-4
68.0	29.547598104011264	20.362397705905728	20.32264909817914	29.766876599672987	4.784922308745266E-4
69.0	29.568648385954432	20.39923600144454	20.329155743950952	29.69971596850894	0.0032439001411396925
70.0	29.58625532363493	20.40819488359403	20.283334140973786	29.721730865531544	4.847862657142206E-4
71.0	29.63018571687708	20.338289232715255	20.245147223657064	29.781970353976327	0.004407472774274156
72.0	29.606700335698342	20.34805116589924	20.312644573235286	29.729510784172327	0.0030931409948063817
73.0	29.64354441256369	20.323177374018815	20.24712741183525	29.785160983798363	9.898177838838906E-4
74.0	29.583755291294207	20.32953465085833	20.244131085407084	29.842292130359798	2.86842080579091E-4
75.0	29.619250606561774	20.338025441476788	20.298455464947647	29.743907127014513	3.6135999927812526E-4
76.0	29.63496442746437	20.346622081170405	20.255708801013114	29.762369744442672	3.349459094357463E-4
77.0	29.626549602931686	20.317871344023548	20.22408936555142	29.831177360915373	3.1232657797510883E-4
78.0	29.60024094073892	20.36790265875835	20.300312065495064	29.73118330667632	3.610283313503236E-4
79.0	29.623200271535715	20.326967302501085	20.248875528304865	29.800445187680612	5.117099777186543E-4
80.0	29.632188654664887	20.29396448415561	20.25535331230011	29.81575811019301	0.0027354386863842175
81.0	29.61741110760736	20.323669519639697	20.287507092291932	29.770899227003188	5.130534578178761E-4
82.0	29.650837744469406	20.322625160895775	20.22253587249574	29.802824260289096	0.0011769618499812287
83.0	29.658447020565127	20.271265173868937	20.20165078303499	29.868051643341175	5.853791897743768E-4
84.0	29.662315453209604	20.319502631144314	20.264922225579234	29.75088672941511	0.0023729606517374556
85.0	29.69819199691309	20.289080554542103	20.183537796247776	29.828220320099184	9.693321978521466E-4
86.0	29.670791941359653	20.270584093937913	20.190081639639995	29.866181549276575	0.0023607757858627163
87.0	29.653945004044875	20.312517151932113	20.244928397395054	29.785347298287313	0.003262148340647514
88.0	29.678328282886525	20.28485427109153	20.213405120879486	29.82228809148502	0.0011242336574423374
89.0	29.689079764881033	20.24143299539542	20.17907587375175	29.887869164760765	0.0025422012110295133
90.0	29.667046973421467	20.318276229481125	20.23002059487238	29.783659743771562	9.964584534663892E-4
91.0	29.705604610687775	20.271304190462125	20.19304825847318	29.826877985865845	0.003164954511074011
92.0	29.69408562275515	20.261544492656487	20.175576422630705	29.868674927053114	1.1853490454459798E-4
93.0	29.677600248585357	20.2814436056403	20.198271556549024	29.842475479673723	2.091095516015433E-4
94.0	29.72081565653772	20.26831772251099	20.1489331846075	29.861835434303647	9.80020401445757E-5
95.0	29.70735410807972	20.234535360840557	20.137089252876564	29.920966495093793	5.4783109365634286E-5
96.0	29.713436354845552	20.26672528745428	20.186587982212437	29.833223982408906	2.63930788268097E-5
97.0	29.770572588093568	20.227638002337343	20.134786341025464	29.866992385501423	1.068304220351847E-5
98.0	29.740237744035458	20.19712365580066	20.12991571553596	29.932712076017392	1.0808610528256788E-5
99.0	29.701520141152898	20.23758126116024	20.159554462713523	29.901316780184935	2.7354788405103958E-5
100.0	29.758794132892813	20.217181676147707	20.137349272978923	29.886638928756952	3.598922360835486E-5
101.0	29.77816468887268	20.187516658434134	20.08770556034521	29.946461667970365	1.5142437761426125E-4
102.0	29.73344227615995	20.23238642492981	20.15598647489903	29.874161830100842	0.004022993910363434
103.0	29.775253897252824	20.214678798008713	20.09345670664674	29.91653001360554	8.058448618554544E-5
104.0	29.80307731502322	20.17967004887547	20.050505663215713	29.966539917922248	2.0705496335243797E-4
105.0	29.79181281531839	20.194876096968066	20.091856255853703	29.921451877123385	2.9547364513957965E-6
106.0	29.856438636373234	20.161998456932235	20.024072887326675	29.957490019367857	0.0
107.0	29.844381842666838	20.11372221066922	19.986569371274175	30.055326575389763	0.0
108.0	29.82120105981358	20.144959139114228	20.03300200986696	30.000837791205235	0.0
109.0	29.854042287939052	20.11444046365833	19.94248813281668	30.089029115585937	0.0
110.0	29.84548698939249	20.074600146167175	19.93711670577836	30.142796158661977	0.0
111.0	29.819189719068806	20.09271679298588	19.98767097174087	30.100422516204446	0.0
112.0	29.86378768220968	20.074092218057597	19.951148779767383	30.11097131996534	0.0
113.0	29.860433294489397	20.03951122923991	19.93101023604645	30.16902858568486	1.6654539386236922E-5
114.0	29.845932765307637	20.068633385424743	19.958358079806647	30.12707576946097	0.0
115.0	29.957970367155323	19.969088316076295	19.95023137217541	30.12270994459298	0.0
116.0	30.021534903366604	19.878335892870414	19.93143948096732	30.168689722795666	0.0
117.0	29.810601459262543	20.044332209881368	19.876804684644434	30.268258025482332	3.6207293271290926E-6
118.0	29.663501277972294	20.110751397703133	19.83891997872378	30.386827345600796	0.0
119.0	29.705956169013266	20.07390206086268	19.807175692127625	30.412966077996433	0.0
120.0	29.90608604797969	20.07491425103331	19.845824475283447	30.173175225703552	0.0
121.0	30.314373796090678	19.75509849101916	19.500006160730017	30.43052155216015	0.0
122.0	30.317246002432746	19.54699928335573	18.658128473417026	31.4776262407945	0.0
123.0	27.37330095508929	20.88715979533401	18.744814388206017	32.994724861370685	0.0
124.0	23.958367188579135	21.19727722571157	18.793495527044925	36.05086005866437	0.0
