#Position (bp)	Coverage
384368.0	28.483593175801804
1153103.0	30.517339525324072
1921838.0	32.224817394810955
2690573.0	34.72402453381204
3459308.0	31.474184211724456
4228043.0	32.66847743370602
4996778.0	32.08363350179191
5765513.0	33.862379103332096
6534248.0	32.141501297586295
7302983.0	29.235446545298444
8071718.0	27.06421718797765
8840453.0	21.523195899757393
9609188.0	25.402020202020203
1.0377923E7	20.630210670777316
1.0801324E7	29.520463191873645
1.11856915E7	27.927140102046135
1.1915393E7	28.30396170331779
1.2684128E7	32.91349164536544
1.3452863E7	33.99407207945521
1.4221598E7	31.723354602041017
1.4990333E7	33.822034901494014
1.5759068E7	35.060965092001794
1.6527803E7	33.686739903868045
1.7296538E7	30.679526754993592
1.8065273E7	12.829236342822949
1.8834008E7	20.189917201636455
1.9602743E7	22.056893467840023
2.018777E7	19.086933337320186
2.05721375E7	11.499436605918087
2.1140213E7	13.217843600200329
2.1908948E7	18.28911913728398
2.2677683E7	29.94805362055845
2.3446418E7	33.573280779462365
2.4215153E7	32.09901981827288
2.4983888E7	36.46737822526618
2.5752623E7	36.296423344845756
2.6521358E7	34.222352306061254
2.7290093E7	28.03132418843945
2.8058828E7	21.914317677743306
2.86485735E7	25.885963929924333
2.9032941E7	28.714687174387326
2.9596298E7	33.35614483534638
3.0365033E7	35.09127202481999
3.1133768E7	34.667655303843325
3.1902503E7	32.85890846650666
3.2671238E7	31.99419695994068
3.3439973E7	33.42382355428074
3.4208708E7	36.236922996871485
3.4977443E7	29.59980877675662
3.5659712E7	26.917071582385454
3.60440795E7	25.059688201142645
3.6514913E7	29.124730889057997
3.7283648E7	32.40657183554801
3.8052383E7	34.077710784600676
3.8821118E7	34.844694205415394
3.9589853E7	37.76939257351363
4.0358588E7	33.272728573565665
4.1127323E7	33.92128106564681
4.1896058E7	35.73499060144263
4.2664793E7	35.1115026634666
4.3049519E7	165.68619246861925
4.34338865E7	22.619725058527273
4.4202263E7	18.595774876908166
4.4970998E7	15.350344396963843
4.5739733E7	32.75188068710284
4.6508468E7	23.847247751175633
4.7277203E7	19.225489928258764
4.8045938E7	22.650455618646216
4.8668911E7	12.471124932157892
4.90532785E7	30.509282254634268
4.9583408E7	30.901667024397224
5.0352143E7	33.48995687720736
5.1120878E7	35.025419682985685
5.1889613E7	32.475196263992146
5.2658348E7	33.57479495534872
5.3427083E7	34.817755143189785
5.38687855E7	34.35998953518793
5.4253153E7	24.803953735485006
5.4964553E7	23.30088782220141
5.5733288E7	23.808108125687006
5.6502023E7	28.732915764210034
5.7270758E7	28.742900999694303
5.8039493E7	30.916322269702825
5.85039505E7	28.60463853165189
5.8888318E7	17.201013877135182
5.9576963E7	17.812753419578918
6.0345698E7	16.046610340364364
6.1114433E7	18.159340995271453
6.1883168E7	16.942895796340743
6.2651903E7	20.798544361841206
6.3087631E7	17.19043817719843
6.34719985E7	11.160227863077953
6.4189373E7	20.32017925553019
6.4958108E7	18.030218475807658
6.5726843E7	20.601002946398953
6.6495578E7	16.798572980285794
6.7140034E7	13.137731964312147
6.75244015E7	35.5402240121018
6.8033048E7	29.18815066310237
6.8801783E7	27.370173076547836
6.9570518E7	24.740478838611484
7.0339253E7	24.621351961339084
7.11040115E7	21.289828097930812
7.1488379E7	19.63460329435433
7.1876723E7	27.009821329847085
7.2645458E7	34.092591074947805
7.3414193E7	36.53060547522878
7.4182928E7	34.23349138519776
7.4951663E7	32.78232290711364
7.5358208E7	26.142644572201554
7.57425755E7	20.793975537701208
7.6489133E7	27.718965573312
7.7257868E7	25.344155007902593
7.8026603E7	25.431657203067378
7.8795338E7	26.399458851229618
7.92080895E7	18.58106679819617
7.9592457E7	25.88153804881406
8.0332808E7	22.086135014016534
8.1101543E7	24.508998549565195
8.1870278E7	23.225852862169667
8.26063115E7	19.152607872242413
8.2990679E7	15.01782792838249
8.3407748E7	17.62502422811502
8.4176483E7	15.917810428821376
8.4945218E7	17.7256870052749
8.5713953E7	18.397970692111066
8.6362088E7	17.748756006710455
8.67464555E7	13.593221393034826
8.7251423E7	19.274228440229727
8.8020158E7	19.591353327219394
8.8788893E7	18.150652695662355
8.9557628E7	17.71015369405582
9.0098611E7	11.850972604882658
9.04829785E7	28.137730952966386
9.1095098E7	29.20713249689425
9.1863833E7	28.923698023376065
9.2632568E7	29.44572837193571
9.3401303E7	23.174333157720152
9.38242175E7	22.450099878070926
9.4208585E7	16.589304277797297
9.4938773E7	22.309863607094773
9.5707508E7	21.027134187984156
9.6476243E7	20.815672500926848
9.71220675E7	12.459195967214495
9.7506435E7	22.574592894829976
9.8013713E7	25.599444542007323
9.8782448E7	18.906973144191433
9.9551183E7	15.014631830214574
1.00269334E8	14.629912802759872
1.006537015E8	4.531413095049818
1.01088653E8	17.432712183001946
1.01857388E8	21.728097458812204
1.02626123E8	18.507982594782337
1.033545365E8	27.37503124582178
1.03738904E8	13.247498232952642
1.04163593E8	11.272845649020795
1.04932328E8	12.408256421263504
1.05701063E8	8.619197772964675
1.06347158E8	8.342933012388839
1.067315255E8	24.375301696020873
1.07238533E8	18.329039265806813
1.08007268E8	17.527832087780574
1.08776003E8	21.99916226007662
1.09309377E8	25.69467774895726
1.096937445E8	30.8723535335081
1.10313473E8	31.193062628864304
1.11082208E8	34.82667239035558
1.11850943E8	46.04108698055897
1.12235708E8	38.69559748427673
1.126200755E8	11.607470635726749
1.13388413E8	13.049495599914145
1.14157148E8	13.886166234137901
1.147696095E8	13.280925846361587
1.15153977E8	11.910832610775339
1.15694618E8	10.628675681476711
1.16463353E8	11.784422460275648
1.17232088E8	14.040530221727904
1.17668795E8	27.726353900973454
1.180531625E8	31.97499608466756
1.18769558E8	35.54564446785954
1.19538293E8	34.36579445452594
1.2014897E8	30.88064133410219
1.205333375E8	22.322723304103558
1.21075763E8	19.765771039434917
1.21844498E8	22.24981040280461
1.225916085E8	20.331572215039298
1.22975976E8	25.297093574417907
1.23381968E8	27.272286288512948
1.24150703E8	27.106217357086642
1.24919438E8	19.43155573767293
1.253769895E8	16.97386040664626
1.25761357E8	15.125303880186449
1.26456908E8	15.598554768548329
1.27225643E8	17.07131976558892
1.277254535E8	13.751518065192347
1.28109821E8	16.70951140561756
1.28763113E8	17.796038947101408
1.29531848E8	19.981706309716614
1.300272615E8	13.73091331520271
1.30411629E8	15.654064901590251
1.31069318E8	16.336383799358686
1.31838053E8	18.30203125914652
1.322676755E8	23.620970058557067
1.32652043E8	16.797301780382618
1.33375523E8	21.804192602132073
1.34030498E8	15.526918137893443
1.344148655E8	6.829122714486639
1.34912993E8	17.900204882046477
1.35681728E8	17.181793465888767
1.361569665E8	13.84252401756336
1.36541334E8	12.797234379285614
1.37219198E8	14.439313937832933
1.37895604E8	16.8136598427947
1.382799715E8	9.168359886926101
1.38756668E8	11.829192114317678
1.39525403E8	12.285736957469089
1.400102465E8	13.937990166806003
1.40394614E8	11.555923653931167
1.41062873E8	20.039551991258367
1.417121025E8	12.820878419705355
1.4209647E8	20.168406475015793
1.42600343E8	19.160290607296403
1.43369078E8	20.229637001047173
1.437831155E8	23.74366363329963
1.44167483E8	21.327762389078018
1.44906548E8	13.887841713984663
1.45465214E8	7.288361632486797
1.458495815E8	18.701345748301748
1.46444018E8	18.25999076404743
1.47106683E8	18.259132762601173
1.474910505E8	17.15789101536721
1.47981488E8	12.125818389952324
1.48737048E8	10.600615583558396
1.491214155E8	14.215180265654649
1.49518958E8	24.26193161492582
1.50287693E8	24.38066043565078
1.50728883E8	27.090941088477276
1.511132505E8	18.81166862568502
1.51825163E8	21.651583445530644
1.52332369E8	17.29582337784978
1.527167365E8	33.87758336551587
1.53362633E8	30.707740638841734
1.5389724E8	23.986088878091316
1.542816075E8	7.98871557438666
1.54900103E8	8.283626997599953
1.55461321E8	8.341488997769302
1.558456885E8	29.38716587074794
1.56437573E8	27.63789472314907
1.57018682E8	28.51740481799722
1.574030495E8	10.23117798172961
1.57975043E8	24.64978308519841
1.585640605E8	31.56626679697044
1.58948428E8	22.746229499074936
1.59512513E8	28.791058036904786
1.6009777E8	30.861956448694432
1.604821375E8	7.426181885566662
1.61049983E8	10.819011753074857
1.616289075E8	20.304663928822915
1.62013275E8	29.47445478516731
1.62587453E8	15.543129947251003
1.631586895E8	11.579935676864542
1.63543057E8	22.66782026192604
1.64124923E8	21.815457862592442
1.64685819E8	15.190751068524346
1.650701865E8	17.353150756114108
1.65662393E8	19.71600096262041
1.66204869E8	21.379688631540997
1.665892365E8	6.152650281314776
1.67199863E8	18.358847977521513
1.67707403E8	5.747277192555156
1.680917705E8	26.32130017802791
1.68737333E8	19.184114161577135
1.69197014E8	13.577067856360413
1.695813815E8	17.01841263986229
1.70274803E8	13.349018842644083
1.706842435E8	10.330355362341962
1.71068611E8	10.541987144250747
1.717757825E8	7.933213463379298
1.7216015E8	17.511763335662707
1.72581008E8	24.934707018673535
1.732448375E8	27.495158554651436
1.73629205E8	20.18756881193074
1.74118478E8	16.02476406043695
1.7470787E8	9.892459193901217
1.750922375E8	13.523753366454224
1.75655948E8	20.60911367376274
1.761671155E8	23.772988958990535
1.76551483E8	18.366624282954955
1.77193418E8	21.2483430571003
1.775981795E8	24.521722075120135
1.77982547E8	33.92195036177084
1.786433205E8	34.62474393530997
1.79027688E8	15.903765666485853
1.79499623E8	10.675820666419508
1.80059845E8	22.85563064920147
1.804442125E8	20.037767429368913
1.81037093E8	21.527478259738402
1.814629515E8	8.44095104962522
1.81847319E8	8.70565349331319
1.824697645E8	8.794463978481161
1.82854132E8	18.787306116022652
1.83343298E8	12.28509954665782
1.83845386E8	20.741306739268012
1.842297535E8	6.167717994202072
1.848263935E8	18.597771770916353
1.85210761E8	13.98587573219064
1.85649503E8	23.603518767845877
1.861815255E8	28.43592157393925
1.86565893E8	12.122304483286687
1.871516995E8	15.067647968741943
1.87536067E8	20.760684366450736
1.87955708E8	19.155641410889316
1.88487033E8	14.252576425156933
1.888714005E8	13.16667158080957
1.89437117E8	18.066095249408708
1.898214845E8	26.260243306398387
1.90261913E8	17.124587796835062
1.907655555E8	27.829687696499686
1.91149923E8	21.204155153389856
1.917006725E8	19.479174324452053
1.9208504E8	7.980371895593681
1.92568118E8	12.605510351421492
1.93014003E8	26.60190189783395
1.933983705E8	14.444582623509369
1.939421735E8	9.703375831059095
1.94326541E8	12.370276199480463
1.948700135E8	10.673140678528014
1.95254381E8	6.861700893375102
1.95643058E8	17.910741673008253
1.96173218E8	23.747377265634377
1.965575855E8	11.502565231059416
1.970859405E8	10.971952860790944
1.97470308E8	7.73637108497423
1.97949263E8	11.974729913429206
1.98379719E8	22.884580752248393
1.987640865E8	8.623117308493876
1.99284827E8	10.211833729307278
1.996691945E8	13.047437916654285
2.001689555E8	11.587562740259521
2.00553323E8	21.256835717381882
2.01024203E8	22.823571191633008
2.0143258E8	12.722734750827797
2.018169475E8	14.995084055300563
2.023091665E8	16.854828190291293
2.02693534E8	14.631912445818227
2.03168465E8	17.201077219460984
2.035528325E8	15.348900539078565
2.04022535E8	16.64242208607695
2.044069025E8	10.157300804093568
2.048603755E8	12.615841216350683
2.05244743E8	1.448117294235255
2.05636613E8	20.85138181558014
2.060816995E8	21.449422750704063
2.06466067E8	19.461996579622646
2.069158215E8	17.22039791921082
2.07300189E8	23.179693837447704
2.07743072E8	18.853947129667997
2.081274395E8	17.07921560381685
2.08563085E8	11.032672811938982
2.089474525E8	23.021381711884043
2.09377998E8	20.1750759986174
2.097623655E8	9.357292990517157
2.101865875E8	7.875250052806183
2.10570955E8	7.50441655788774
2.10991954E8	17.564268253740273
2.113763215E8	6.373023562238413
2.117807295E8	16.35665101266759
2.12165097E8	9.117029582718834
2.12555228E8	12.159580349535275
2.12951007E8	8.142224948516848
2.133353745E8	24.237412724289193
2.137362725E8	22.973266051105863
2.1412064E8	11.946033603095177
2.145168735E8	11.038359123794212
2.14901241E8	30.370008663235232
2.15295174E8	31.35933243541576
2.156795415E8	17.70385887508433
2.160708055E8	162.61706948640483
2.16455173E8	16.293353347709143
2.16845987E8	7.975500865003627
2.172303545E8	22.6615135659457
2.176193275E8	23.501730489290278
2.18003695E8	11.870419230047423
2.183870575E8	9.075199420962951
2.18771425E8	12.89172945805776
2.191437085E8	11.122231851455755
2.19528076E8	13.528855663373564
2.19895419E8	10.789362645632046
2.202797865E8	15.391008154764819
2.20645687E8	9.41095963503455
2.21025053E8	12.38119290286711
2.21390679E8	8.181945416375088
2.217493495E8	15.421519839171655
2.22133717E8	13.46637457856247
2.22491112E8	12.351228127635283
2.228754795E8	14.506675798928404
2.232300165E8	14.97111996658425
2.23614384E8	7.754232784580836
2.239617555E8	14.940404817793512
2.24346123E8	23.718472258479085
2.2468963E8	9.490229875872965
2.250739975E8	10.103538988134835
2.254154375E8	8.346239252166605
2.25799805E8	11.691721219191926
2.261404185E8	12.726093494951938
2.26524786E8	24.648473751138216
2.2685767E8	24.013235285022482
2.272420375E8	11.687578865522546
2.275674865E8	13.064922922557693
2.27901798E8	23.266217542107427
2.282642395E8	15.100647275051942
2.28575658E8	17.086624898369124
2.289600255E8	20.536685500589407
2.29270193E8	22.57514726507714
2.296545605E8	18.521066910068203
2.299644725E8	28.57691625187433
2.3034884E8	10.32804548324103
2.30655893E8	15.57159002613548
2.309973965E8	23.26324601206752
2.313463715E8	4.194312243374394
2.31650276E8	7.839561294128689
2.320346435E8	7.450456915355113
2.32330417E8	16.69170728312839
2.327147845E8	8.096469910957385
2.33008396E8	7.828376616620048
2.333832675E8	14.12930919807218
2.336859445E8	3.5362784330244312
2.33975938E8	18.57190527544809
2.343603055E8	16.83181861942813
2.346438945E8	30.860237370561823
2.35028262E8	16.78951226126749
2.353116695E8	7.493499155652052
2.35668032E8	26.66471784397531
2.359736405E8	27.985823960007142
2.36248209E8	25.48001224836604
2.366325765E8	17.910764564163596
2.36905892E8	20.98437033019338
2.372902595E8	23.002668209727712
2.375596255E8	26.64763529985373
2.378457775E8	10.083827105653473
2.38209635E8	19.773554072422378
2.384723095E8	8.295940021525121
2.38856677E8	9.44989165948565
2.391161115E8	11.802459140818701
2.394117615E8	15.08195639612063
2.39756603E8	26.461098430411138
2.40012063E8	22.596884417589997
2.403964305E8	8.805362435381964
2.40651522E8	6.856271602631685
2.40935513E8	9.373591671416026
2.41282414E8	8.512918860490254
2.415260005E8	9.979589414147057
2.41910368E8	24.55517866954169
2.42153892E8	3.3879146418761885
2.423992835E8	9.725548811850633
2.427812845E8	15.291327279530279
2.430194555E8	14.09236856696406
2.43354977E8	25.91366816671004
2.436401495E8	12.349547557630103
2.43875304E8	16.999876548842376
2.442596715E8	18.324711323393533
2.44494215E8	19.943606188929547
2.447631205E8	22.457753387172417
2.451110035E8	11.243751190867991
2.45340206E8	6.6692910616710845
2.45672164E8	22.784558983582894
2.45942791E8	9.008223699901736
2.46158155E8	12.918059949249637
2.46536439E8	21.64625608660216
2.46757852E8	11.419906303936878
2.469695205E8	9.033171194396479
2.47353888E8	13.083061820927664
2.47564574E8	13.013149027536164
2.47805319E8	8.174404991345112
2.48157783E8	10.790064230883043
2.48365893E8	17.92261290947858
2.486381075E8	18.65035118208033
2.489579875E8	13.987365473950764
2.49165224E8	12.358479652095264
2.49467076E8	18.270145113980128
2.4975636E8	16.093382455417466
2.499626485E8	15.918007158265535
2.502879155E8	17.88265655553019
2.5054851E8	9.552482635510698
2.507484705E8	14.268543234417152
2.510885645E8	13.90352048345162
2.51332072E8	4.379482082961591
2.51527848E8	9.77836999389449
2.51873065E8	10.461496170911316
2.5210593E8	18.627680361681204
2.5229909E8	21.51137429833874
2.52643082E8	8.826734041293276
2.5287344E8	24.857425914230163
2.53058026E8	25.038291247863366
2.5338655E8	10.388661166979087
2.53626707E8	10.559465291394702
2.53810996E8	10.90719799448015
2.541215335E8	10.039999011488698
2.543774555E8	6.496884735202492
2.545591305E8	11.183082201307432
2.54848343E8	10.34662218975285
2.551248655E8	22.75186800483422
2.553049575E8	30.013457032859648
2.555674465E8	12.780602302424079
2.55866877E8	19.564849419708974
2.560427725E8	15.098246848214451
2.562705875E8	12.22743069540501
2.56600938E8	9.935903291228183
2.56774153E8	14.566451612903226
2.569624935E8	6.852194224070644
2.57304699E8	30.172526425356615
2.57500726E8	8.094844996960724
2.576711905E8	8.972769289138757
2.57986484E8	9.382299497735259
2.582258865E8	31.851166864522106
2.583930965E8	22.675119222303742
2.586566015E8	21.585611571697235
2.58942833E8	17.384784362395283
2.5910475E8	14.314935025393074
2.593058495E8	15.877500078103033
2.59625725E8	23.04623648177288
2.59808993E8	5.480256
2.59968316E8	11.394762502253736
2.60263454E8	7.3966436947614635
2.60511936E8	11.515720697751304
2.60669987E8	10.155191328291304
2.60895678E8	15.555216278499007
2.61207803E8	8.220932591760034
2.613664795E8	28.877375036539025
2.61520696E8	13.680033555377978
2.61824593E8	24.99067938589759
2.62058165E8	13.449102466121126
2.622109925E8	14.528456127257902
2.624361765E8	29.971742558579308
2.627407855E8	11.725869997759945
2.62899969E8	17.211713841788825
2.63050826E8	11.198333281052312
2.633441895E8	18.733800064039276
2.635851015E8	9.875214276295548
2.63733667E8	3.1612101838902738
2.639380475E8	16.255835416397062
2.64231582E8	10.870204579611562
2.64411569E8	11.836677035901598
2.645558915E8	25.382869132200522
2.648102425E8	19.155708304256805
2.65083559E8	8.903862202105117
2.65224529E8	18.76601086410736
2.653750005E8	10.822069553749337
2.65651351E8	16.091911643798074
2.65885247E8	10.412631936824862
2.66021552E8	12.003465718690672
2.66196816E8	19.026234630300134
2.664682985E8	12.18682267828141
2.66677402E8	18.70296767535492
2.668104465E8	8.820019864985438
2.670024795E8	15.17730261173774
2.672676815E8	14.684536471298182
2.67460016E8	5.057793506178417
2.67590504E8	10.140618040679549
2.67790844E8	8.621899989584659
2.680494615E8	10.568239781086968
2.68233489E8	9.758098370784985
2.683623315E8	12.26912864419638
2.685626535E8	17.347505256667667
2.688141505E8	11.45693689945676
2.68998196E8	15.729055364112812
2.691212125E8	15.611206653950783
2.69305491E8	11.105654669143467
2.69544969E8	17.708236301154315
2.69745058E8	18.245584010379662
2.698635095E8	21.951577656966208
2.700194335E8	17.591684966216217
2.7025476E8	22.256562883520843
2.704832035E8	17.058695086847745
2.706000615E8	28.08266242276727
2.707192135E8	7.829612251891294
2.70946674E8	6.211294374370323
2.711728175E8	13.840089249204402
2.713243835E8	14.130310708435708
2.714361945E8	43.8523900521041
2.71620605E8	10.740847037964029
2.718435565E8	13.385154565061107
2.720435135E8	11.594195789212536
2.721547675E8	38.87228152544625
2.722872195E8	16.04698521046644
2.725064275E8	12.262217262857508
2.727249785E8	8.687469098500248
2.72867561E8	12.857498239146398
2.729767215E8	12.933987281650747
2.731596875E8	8.793253709060371
2.733731465E8	6.514135987731562
2.73574548E8	8.388566171638848
2.736806165E8	24.639786418400877
2.737972355E8	15.155995949386256
2.74008185E8	10.053824564402843
2.7421821E8	12.212467239840173
2.74380672E8	23.199953225289526
2.744841805E8	26.757103854974336
2.746317545E8	14.704702865732054
2.74835029E8	11.406649225751462
2.750368585E8	26.572007294905525
2.751721665E8	7.085116119437135
2.752717585E8	8.31743207278579
2.754346305E8	26.72248686942714
2.75629477E8	11.708496156931757
2.75822252E8	24.67496945592555
2.75947145E8	3.3151929806235962
2.760430425E8	7.790218378314006
2.762057895E8	18.12058177252276
2.763968555E8	27.968087668593448
2.76587426E8	11.456757595359429
2.767135505E8	10.121175523349436
2.76808458E8	11.139819128528364
2.76967139E8	21.578284918822867
2.77156076E8	7.88851227507212
2.773432765E8	8.106325265611739
2.774748495E8	8.115860312841033
2.775673295E8	8.705309849242509
2.77713495E8	7.77196855861085
2.77897569E8	12.212317401594081
2.780813245E8	11.698349536759823
2.78227624E8	6.258483098087113
2.78318713E8	10.652493689022311
2.78445831E8	17.36012511674431
2.78624475E8	10.345701696184012
2.78799759E8	8.822098248876491
2.7896884E8	9.785086408305933
2.79055951E8	4.111845301719949
2.791480645E8	14.328017201729372
2.793219045E8	8.92320310341652
2.794951505E8	17.921012110125734
2.796670295E8	8.673539559090111
2.797860375E8	15.450959615556815
2.798713395E8	18.55730805614008
2.80007599E8	16.571882714404957
2.801762495E8	18.366011402779428
2.8034403E8	20.633134148019213
2.80507948E8	12.304466091936137
2.805915035E8	5.731567534076828
2.80677891E8	7.077345342384214
2.80844071E8	22.11065339283671
2.810100155E8	25.62070691235348
2.81175222E8	8.468471424665026
2.813072575E8	12.071814764938798
2.81389511E8	18.849771541976278
2.81503931E8	12.412813798912348
2.816671245E8	7.997926766247509
2.81829173E8	10.505444168642331
2.819906385E8	20.864520206714502
2.820985375E8	6.133196118788591
2.821788915E8	5.27318142475445
2.823119855E8	11.824510932105868
2.82471554E8	15.881343372623885
2.8263049E8	9.423032068132963
2.827887405E8	27.12926458478495
2.82881078E8	11.807050923335199
2.829592085E8	11.08195062415029
2.831008305E8	15.931034931203994
2.832545715E8	16.593237211602275
2.8340819E8	11.548953713292041
2.8356106E8	12.589216607423273
2.83650187E8	13.354990981310204
2.837259075E8	9.851448350666752
2.838639935E8	9.958869406053532
2.84014566E8	57.53442806121431
2.841642325E8	5.31904467833745
2.843131325E8	12.161324786324787
2.844097475E8	11.545399270368868
2.844837785E8	10.934311569036042
2.84609444E8	12.882342982901642
2.847568575E8	5.54710095683375
2.84903889E8	10.337612568153508
2.850507725E8	7.363103993027183
2.85162443E8	11.40678564424397
2.85235427E8	8.350646920829556
2.8534268E8	9.39817132454852
2.85486983E8	12.448235515346525
2.85630282E8	11.824556864664546
2.85773144E8	18.675052028954024
2.859069595E8	7.258345207409423
2.859767315E8	5.500683900971139
2.86052856E8	11.368096376437762
2.861903485E8	16.034086110747097
2.86326707E8	26.70774015765483
2.86461012E8	13.752347074318392
2.865942015E8	9.730935640886965
2.866994605E8	20.04852048068226
2.867650045E8	48.73362136392417
2.868562865E8	7.519702636847578
2.86985097E8	8.858475399013631
2.87113018E8	25.813954220337248
2.872400565E8	13.653460902433263
2.8736678E8	20.21093336074713
2.874684495E8	9.90148539319997
2.875308515E8	22.161470723258628
2.876171135E8	12.194338774658513
2.877417145E8	14.947993579454254
2.87865989E8	11.729574260381286
2.87989856E8	19.07147877368017
2.881135245E8	16.289424695674697
2.88225463E8	20.39806628457513
2.882869705E8	4.901057734684883
2.883595355E8	11.945891865403462
2.884818635E8	22.000900045820515
2.88604014E8	18.143776876766186
2.88725668E8	10.982734299596611
2.88845977E8	17.339076175719253
2.889652565E8	15.404560102044242
2.890345995E8	9.270105521975207
2.89094055E8	12.482065419714456
2.892031115E8	6.680494255584381
2.893211245E8	9.816414042386318
2.8943711E8	18.803756900295635
2.89550763E8	19.679749993341442
2.896633655E8	7.612101129983654
2.897663725E8	13.270081116366672
2.898226395E8	13.513830678960604
2.89887659E8	24.046507016610935
2.899984115E8	14.025914937496609
2.901089365E8	19.13409535186794
2.90218437E8	12.965227408875167
2.903262345E8	11.031039312727613
2.9043256E8	15.433758679815462
2.905335855E8	7.393698828894186
2.905862925E8	1.7107799193186912
2.906432345E8	12.686299542682926
2.907479405E8	13.68577911385134
2.90851896E8	9.24381639103413
2.90955247E8	11.827416870877444
2.91058116E8	16.24864627542807
2.91160204E8	9.020505305809344
2.912615545E8	7.738645812710354
2.91331315E8	6.558790680761539
2.9138107E8	11.134045796521825
2.91461273E8	12.859784500538245
2.91559725E8	0.477432389469474
2.91657178E8	11.986211357406134
2.917545145E8	12.65308304377326
2.91851644E8	13.971459504047017
2.91948596E8	0.4992416347671767
2.920451375E8	11.158032111808993
2.9210626E8	19.409646869368505
2.921538905E8	24.663457646718705
2.922360205E8	18.049368952461084
2.923310645E8	6.7310542270124625
2.924255295E8	14.242914333170077
2.925187585E8	14.820026800380392
2.92610929E8	6.031218343227493
2.92702327E8	11.247848688331812
2.92792108E8	16.928746429418208
2.928622145E8	7.571453468107355
2.929062585E8	16.42270756735993
2.92967363E8	8.440866107762089
2.930529085E8	3.8400759422463904
2.931380435E8	17.656330201784748
2.9322235E8	8.332480787847642
2.93305647E8	0.9701530335371369
2.93388439E8	11.062459926688524
2.93470965E8	9.55253607796968
2.935531875E8	13.568186803812123
2.936254925E8	6.65805038685338
2.936664795E8	2.1243176434236277
2.9371692E8	5.386236696414323
2.937980535E8	15.949594079501015
2.938782955E8	14.717633032128514
2.93957456E8	25.184916265052582
2.940359865E8	2.262076001020148
2.94113718E8	11.844385602845165
2.94190606E8	13.408207681180196
2.94267212E8	0.4536800951895292
2.9434356E8	11.240681212852776
2.94403587E8	18.596459611743505
2.944416325E8	20.571774043529484
2.944955125E8	8.335867348290202
2.9457076E8	14.321300457400419
2.9464554E8	10.94394603800405
2.947198625E8	5.258417258417259
2.947938495E8	0.44159675236806495
2.94867693E8	15.899494490899482
2.94941437E8	5.8273157759053476
2.950150255E8	5.755620883009418
2.9508846E8	12.471202975760631
2.951596985E8	12.200668751085635
2.951959055E8	8.887087087087087
2.9523318E8	1.7653435178814643
2.953042615E8	5.593425800631484
2.95375117E8	5.978789548800995
2.95445692E8	12.66842845573505
2.95515887E8	11.5417315411316
2.955858525E8	8.71105771981008
2.956554665E8	29.75981184347224
2.957244435E8	3.106423889293518
2.957929165E8	5.13828042637929
2.958609135E8	0.7171112883689326
2.959283655E8	6.857616879445287
2.95962472E8	9.262164846077457
2.959959795E8	24.41852502726942
2.960623185E8	23.55276736163192
2.961285905E8	10.205619819655706
2.961944545E8	6.251450177665745
2.96259386E8	6.867549875798716
2.963231915E8	16.418823307443162
2.963866495E8	15.141311558265155
2.964495135E8	11.716041272791362
2.96511883E8	4.238892900120337
2.96574108E8	8.163090543259557
2.966360135E8	7.336267548552346
2.966975155E8	10.973857594833492
2.967299425E8	2.955316742081448
2.967605265E8	9.385584397556913
2.968197085E8	5.325116907067114
2.968803715E8	8.418572795986401
2.969406465E8	16.727716992461136
2.970003935E8	7.228895831233834
2.97059853E8	19.946919048180394
2.971191925E8	7.066831933623393
2.971783685E8	11.012700240457885
2.972373605E8	6.314797217037163
2.972962345E8	10.679281852494135
2.973550285E8	14.559690318189553
2.974136535E8	13.61359439124487
2.974716695E8	0.2631880733944954
2.975006415E8	0.0
2.975297915E8	5.284226704427713
2.975874835E8	10.509812791425986
2.97644944E8	7.521664200539647
2.977022745E8	9.415775307606264
2.977593955E8	26.36676252937257
2.97816386E8	10.774804670353788
2.97873337E8	16.199764693486927
2.97929694E8	11.571718041135439
2.979853355E8	23.371622595287846
2.98040566E8	7.9072163072163075
2.980954345E8	5.047360928602716
2.98150189E8	6.232541988778625
2.982045775E8	7.248187199408065
2.98250394E8	34.60862853644905
2.98277297E8	30.00135526396846
2.98312184E8	1.1294148409630003
2.983655255E8	0.5862970908132927
2.98418571E8	7.558461916183497
2.98471025E8	13.895398294809368
2.985229515E8	14.415963309823871
2.98574718E8	12.055326400588703
2.98626245E8	6.362462316444617
2.986775555E8	12.028902862945749
2.987287515E8	19.85173680303208
2.9877965E8	20.795617553496275
2.98830158E8	4.412379724233707
2.98880377E8	8.642875702036656
2.9893041E8	7.125856934423281
2.989803155E8	20.191208967817108
2.9902156E8	7.648711442633976
2.99046443E8	6.952272060979185
2.990795815E8	14.77394254601601
2.991287095E8	13.92747889219725
2.991776335E8	7.6189412873356
2.99226409E8	9.085622832755401
2.992750675E8	0.47470152326060105
2.99323612E8	5.520831185965491
2.993721015E8	10.854858675469362
2.99420364E8	5.276350015607117
2.994682855E8	9.958692558801372
2.995160355E8	13.011045439302482
2.99563736E8	13.017530248065592
2.99611366E8	14.003342372453806
2.99658856E8	8.05680356050539
2.99706222E8	10.672146736259323
2.99753043E8	6.434443748785595
2.997914265E8	4.671308460325801
2.998145535E8	0.996710110084778
2.998454455E8	8.98725477402236
2.998912785E8	11.008667483803187
2.999369015E8	7.598467887088986
2.99982407E8	10.64096979297296
3.000278035E8	12.632201146890162
3.00072936E8	3.0617473567056206
3.001178095E8	8.112712507250903
3.001626E8	4.588931834938225
3.002072585E8	5.889739216302347
3.0025153E8	15.114084346936455
3.002951105E8	7.155966277561609
3.00338256E8	12.835138582859793
3.00381246E8	6.269637233173918
3.00424041E8	12.173411351667642
3.00466617E8	3.4008532302543193
3.00509036E8	11.7473297021999
3.005513965E8	12.834814464665564
3.005739685E8	9.429781227946366
3.0059498E8	7.1627242338411286
3.006355E8	7.1772956440706315
3.00677186E8	345.0566701187351
3.00718655E8	7.634328898761378
3.007599975E8	15.085393040612582
3.008009635E8	16.410781034821955
3.00841504E8	34.59546725387832
3.00881871E8	10.883721507056576
3.009221625E8	12.917324790145532
3.00962411E8	4.919987074643931
3.01002529E8	3.276540432445944
3.010424755E8	6.626052948255114
3.010823325E8	11.245593330989806
3.011221535E8	5.053822583885875
3.01161883E8	3.2323487122568926
3.012013185E8	9.805215662282043
3.01240271E8	5.642423145538692
3.01278813E8	4.556643320228083
3.013171725E8	6.288708498642723
3.013402245E8	9.297869609856264
3.01359325E8	8.352395672333849
3.01393599E8	10.104040483494586
3.01431711E8	3.9272942103190234
3.014697935E8	6.190441176470588
3.015075635E8	6.177976508275494
3.01544826E8	8.524268177525968
3.015818905E8	8.30255773796676
3.01618727E8	14.19847578464312
3.01655231E8	2.864584191873403
3.01691575E8	15.650665490920113
3.01727817E8	32.39792789059263
3.017639465E8	17.758457187222714
3.018000005E8	5.309316391077572
3.018360275E8	6.8624271035823385
3.018718265E8	8.703973249409913
3.019074095E8	0.27629433919838103
3.0194275E8	11.618494145799504
3.01977819E8	4.200371057513915
3.020128525E8	7.5701929664306915
3.02047874E8	6.355259775499129
3.020828745E8	17.533180908831095
3.021066125E8	6.187329809386513
3.021240165E8	6.060254457485889
3.0215234E8	6.680728332119447
3.021865385E8	12.932701338342333
3.022202135E8	10.08777570767474
3.02253491E8	34.70547224809929
3.022863395E8	3.658605798889574
3.02318457E8	0.7047933364765048
3.023501625E8	3.6928408659323964
3.02381257E8	4.83944039486157
3.024117055E8	14.077448521647307
3.024418645E8	5.285566735523423
3.024718665E8	3.304968322774258
3.02501802E8	13.560523409524446
3.0253152E8	17.535510065978684
3.02561013E8	11.621895280486562
3.025904035E8	4.614241908006814
3.026196635E8	13.314466918066506
3.02648696E8	12.950510468939262
3.026774925E8	5.166562129765141
3.0270614E8	2.6659439801377767
3.0273473E8	7.870622397928839
3.0276322E8	5.68718526604923
3.02791553E8	116.29880788142488
3.02819683E8	8.869458040084313
3.02847463E8	2.511008741702637
3.02871419E8	5.676006488718478
3.028851665E8	7.131431767337808
3.029023805E8	3.7367282592755537
3.02929608E8	16.241105265094376
3.029566585E8	23.4139365574623
3.02983539E8	11.97768173180819
3.030103E8	8.82756811452985
3.03036936E8	8.870096656512091
3.030633795E8	6.600920222070119
3.03089659E8	22.164235939225467
3.031158375E8	11.721988044144696
3.03141897E8	9.500249779041617
3.0316784E8	4.265089123458222
3.03193613E8	13.482848576879649
3.03219033E8	16.588027189251502
3.03244142E8	4.104784326243965
3.03269183E8	18.642100635466207
3.032941495E8	15.27737636480411
3.03318984E8	15.473401462212708
3.03343729E8	3.302106497392148
3.03368407E8	8.634691142427812
3.03392961E8	9.00661629569124
3.034173935E8	0.14224774405250204
3.034417695E8	11.531962908255375
3.03466092E8	22.323528200057677
3.03490315E8	1.7922061804492615
3.03514472E8	6.948303715670436
3.03538466E8	8.98557470541368
3.035622675E8	12.133061121400909
3.03585904E8	7.299102776714717
3.036094165E8	20.52590607452782
3.03632882E8	5.401058788370405
3.036474595E8	12.591067690160502
3.03659146E8	6.221245961113316
3.036795675E8	3.1856736488233772
3.03702759E8	14.056511798455631
3.037259045E8	3.907442665512765
3.03749014E8	9.658488034964732
3.037721115E8	14.612665684830633
3.03795153E8	11.256120363525678
3.038181055E8	15.72943949711891
3.03840977E8	15.641121086052113
3.038636995E8	17.608580274214948
3.038862345E8	7.901157613535173
3.03908542E8	10.840171518844505
3.03930611E8	17.664104080425783
3.039525865E8	3.519847050254916
3.03974351E8	13.823802235517833
3.039958025E8	4.378502483366132
3.040171415E8	25.9757217847769
3.04038313E8	6.652449183605465
3.040591685E8	2.229231066460587
3.04079863E8	9.105873821609862
3.04100481E8	17.451997469709504
3.04120937E8	24.122096164235547
3.041411265E8	15.416225397142572
3.04161089E8	28.015120309438892
3.041809935E8	8.147924831675208
3.04200889E8	20.81406807783197
3.042207195E8	7.83168116528424
3.042404435E8	8.158721284813987
3.04260093E8	11.13642154614483
3.042797115E8	16.74171510145814
3.04299283E8	19.770904808233908
3.043188045E8	16.22732397253254
3.0433822E8	0.13314696899104417
3.04357514E8	11.996315707539827
3.043766445E8	0.3559768299104792
3.04395624E8	4.760345827402604
3.044120845E8	0.5990538990825688
3.044215395E8	2.0782573618394515
3.044334495E8	8.138585515851977
3.044520715E8	5.741105429224241
3.04470397E8	11.858010838031639
3.04488589E8	3.4730333977366823
3.0450666E8	1.1883286181838353
3.0452464E8	1.7631182735738582
3.04542522E8	1.990522124390107
3.04560353E8	3.091525994055297
3.045781455E8	5.138335023093387
3.045958945E8	2.2853922452660056
3.04613409E8	7.648249927682962
3.04630615E8	6.209318619723244
3.046477165E8	16.78730381822441
3.04664782E8	22.710172969803576
3.046818275E8	1.1844329654848555
3.04698855E8	14.103825136612022
3.047157445E8	16.343138424821003
3.047322845E8	15.116789215686275
3.047485745E8	12.07011070110701
3.047647915E8	8.320638061085694
3.04780937E8	3.144133523608612
3.04797045E8	6.973476613454252
3.04813105E8	5.379064977217402
3.04829099E8	0.04590718356610509
3.04844809E8	17.70607649000194
3.04860144E8	1474.2789643162253
3.04875228E8	16.093371680824024
3.048899345E8	12.197275618863229
3.04904393E8	9.917398823936354
3.04918797E8	2.057479272625932
3.04933121E8	10.962714235746764
3.049473325E8	9.889014722536807
3.049613855E8	8.060881385033625
3.049753525E8	22.53145600458584
3.04989176E8	6.5947702870498865
3.050028535E8	8.544203747072599
3.050165075E8	19.09740545294635
3.05030149E8	1.6859740450179632
3.05043766E8	32.68664950349393
3.05057328E8	45.419912779954174
3.050707775E8	5.960134629768137
3.050840815E8	2.1943647076597674
3.050973185E8	0.2682079177999396
3.0511055E8	9.107658577152794
3.051237565E8	2.7785530107689973
3.051369355E8	9.060583054965077
3.05150043E8	7.36295330828797
3.05163013E8	3.1304954640614095
3.05175888E8	18.17715708394927
3.05185055E8	0.10764459040321109
3.051914585E8	1.5898170898170898
3.052015075E8	7.672173504541184
3.05214187E8	0.7682529594025582
3.052267085E8	123.28444123314065
3.05239162E8	3.7076540036944823
3.052514665E8	2.8739924329659483
3.052635855E8	0.06771523178807946
3.05275651E8	2.6308190191685337
3.052876965E8	18.131312292358803
3.052997075E8	5.77875146052412
3.05311672E8	4.74730057755085
3.053236175E8	7.742046215673141
3.053355615E8	8.177076356329538
3.05347491E8	12.144775493075954
3.0535937E8	33.64612007092797
3.053711045E8	0.05083433683124032
3.053827095E8	2.5423860497237567
3.05394203E8	16.718845917740946
3.05405586E8	9.759042506380357
3.05416915E8	0.1610447100486941
3.054282015E8	0.968700124135485
3.054393975E8	15.438186071621379
3.05450508E8	3.5022958494643017
3.054616145E8	3.9180623086619843
3.05472713E8	3.4253899558200342
3.054837595E8	29.78994728231231
3.05494683E8	4.089165514061779
3.055054885E8	12.484952628645736
3.055161465E8	39.155734597156396
3.05526661E8	2.016890924706556
3.05537127E8	353.8012053955802
3.055475015E8	2.7855477855477857
3.055577785E8	10.452037434197699
3.05567969E8	1.3919786624518424
3.05578E8	6.2539490894456184
3.05587934E8	2.991539933528049
3.055978485E8	14.165252525252525
3.056077465E8	22.478172999191592
3.05617534E8	22.355201983676
3.05627204E8	4.040472000828071
3.0563683E8	1.0718381816286102
3.056464125E8	0.4445372884896595
3.05655943E8	7.727416464635818
3.05665429E8	1.049235635213495
3.056749135E8	4.912062420919443
3.05684391E8	8.988280012670257
3.056938605E8	32.52714406421631
3.05703288E8	2.2759134973900075
3.0571261E8	13.096467538079292
3.057218545E8	1.6734185441941074
3.057310705E8	12.976195652173914
3.057402675E8	7.315531868609963
3.057494535E8	1.22205273480061
3.057585785E8	13.253086419753087
3.05767648E8	5.019741921252895
3.05776642E8	14.611030153570228
3.057855425E8	17.075563063063065
3.05794349E8	0.15847933127218597
3.05803082E8	8.429520210695065
3.058116615E8	5.467956325658675
3.058200515E8	5.5819966483121854
3.058282875E8	5.6566888396156685
3.058363865E8	10.052475247524752
3.058444065E8	6.894849246231156
3.058523285E8	4.899162861491629
3.058601015E8	18.447272252675543
3.058677105E8	0.0968766543144521
3.058752425E8	17.674347362813
3.05882709E8	3.9455892255892255
3.058900985E8	6.49143323361436
3.05897348E8	7.004478656403079
3.059044835E8	0.13822621386472075
3.059115865E8	2.019491525423729
3.059186575E8	6.691022373265364
3.059257075E8	8.053708439897699
3.059327345E8	10.491448118586089
3.059397415E8	3.042440697342098
3.05946737E8	24.77177177177177
3.05953382E8	3.689217087501985
3.059568435E8	1.404153354632588
3.059606085E8	3.5871958285052146
3.059675075E8	0.1847983753988976
3.05974393E8	0.17158644757888614
3.059812595E8	3.360414235705951
3.0598811E8	0.3517896274653031
3.05994947E8	3.6674476497290964
3.060017745E8	19.47641371227659
3.06008546E8	6.836087539079946
3.06015243E8	0.5111577055563876
3.06021916E8	1.4376968061178588
3.06028584E8	14.657567121643918
3.060351805E8	0.5648176524670548
3.060416715E8	11.491790582403965
3.06048088E8	1.7238513407558413
3.06054431E8	35.69091773656681
3.06060702E8	8.345419541151934
3.06066934E8	14.428663135933236
3.060731045E8	0.5795417348608838
3.06079204E8	1.2445393332238464
3.060852755E8	10.27585067723819
3.06091306E8	0.18911270184784418
3.060973105E8	8.992002665778074
3.06103308E8	4.908393125312865
3.06109298E8	14.884416235176214
3.06115231E8	6.00340193910529
3.06121083E8	0.4815450643776824
3.061268995E8	31.549586776859503
3.061326905E8	1.3025632144094215
3.061384525E8	15.428
3.06144196E8	0.05682412410667596
3.06149915E8	5.572531134888616
3.061556135E8	13.561095505617978
3.061612865E8	8.0470796460177
3.061668935E8	21.476815240833933
3.061724375E8	43.712889210716874
3.06177958E8	0.013594344752582926
3.06183465E8	0.621066036019647
3.0618895E8	74.49022473963092
3.061944175E8	3.287074331746613
3.061998695E8	14.432561558250644
3.062052965E8	0.012749445676274944
3.062107035E8	36.16864124398371
3.062160895E8	19.610800744878958
3.06221455E8	5.966797239321022
3.062267975E8	0.3350864012021037
3.062321055E8	0.10563114134542706
3.062373925E8	0.02953426732298372
3.062426715E8	1.941811978771797
3.06247945E8	10.555871751090875
3.062532015E8	0.6911484166348721
3.062584425E8	13.016030534351145
3.06263673E8	11.01915341888527
3.062688905E8	62.53471423091676
3.06274102E8	3.954693799193703
3.06279276E8	16.563922942206656
3.062844135E8	2.8095794392523366
3.062895485E8	0.27873003506038174
3.06294667E8	0.06839114246521653
3.06299761E8	4.710324483775811
3.063048415E8	3.476359338061466
3.063099165E8	18.40145841545132
3.063149815E8	0.10205696202531646
3.063200175E8	0.16088516746411483
3.063250325E8	19.589349820502594
3.06330018E8	0.5182570102884809
3.063349735E8	0.03169156237383932
3.063399235E8	2.5531742822482815
3.06344861E8	1.7470075065936295
3.063497735E8	4.185457516339869
3.06354609E8	63.570052356020945
3.06359362E8	27.267808074402875
3.06364072E8	1.853700149285562
3.06368756E8	1.3605471254541568
3.063734225E8	21.844434894714226
3.063780725E8	0.9289711579853638
3.06382707E8	10.165909582522172
3.063873235E8	0.6637744034707158
3.06391931E8	13.982193268186753
3.063965295E8	28.04703832752613
3.06401082E8	44.53091070241525
3.064055785E8	9.543526785714286
3.06410055E8	0.3319919517102616
3.0641452E8	1.7020417321067982
3.0641896E8	1.4411033235360615
3.064233765E8	4.515192743764172
3.06427766E8	12.85603112840467
3.064321085E8	139.4253938832252
3.06436424E8	1.097566628041715
3.06440737E8	0.5571793087450707
3.064450465E8	0.04387186629526462
3.06449342E8	0.844034555218305
3.06453625E8	0.0
3.06457902E8	13.63802388199485
3.064621725E8	7.587587822014052
3.06466441E8	13.940004687133818
3.06470704E8	14.661422869218127
3.064749595E8	26.645343367826904
3.064792095E8	0.6887947269303202
3.06483446E8	5.2018934911242605
3.064876545E8	97.52671755725191
3.064918455E8	0.13460620525059666
3.0649603E8	115.86288585786073
3.065001735E8	0.5275073028237586
3.06504273E8	26.635541432412612
3.065083565E8	0.055201177625122666
3.06512427E8	5.765067650676507
3.06516488E8	7.45945279763372
3.065205265E8	28.63034825870647
3.065245425E8	18.68020937188435
3.06528524E8	0.06985573272589218
3.06532471E8	26.95612477808775
3.065364115E8	31.850431691213814
3.065403375E8	0.009708737864077669
3.0654423E8	11.754327047274606
3.06548097E8	0.20605746828889465
3.0655195E8	0.5232890970595888
3.065557735E8	2.1232912723449
3.06559577E8	5.8075203786484355
3.065633635E8	0.686737400530504
3.065671335E8	5.545092838196286
3.065709005E8	13.023910733262486
3.065746505E8	14.498929336188437
3.065783835E8	55.656300268096516
3.06582112E8	22.688757713979072
3.06585833E8	0.5469717362045761
3.06589543E8	6.984885290148448
3.065932395E8	77.06860086767895
3.065969265E8	83.00081389039609
3.06600612E8	20.162550881953866
3.066042955E8	21.60239000543183
3.06607968E8	1.631995631995632
3.0661163E8	13.770008194482381
3.066152875E8	0.7917350848385332
3.06618939E8	0.18470813921622362
3.066225875E8	0.08634868421052631
3.066262295E8	27.45764576457646
3.066298605E8	7.074738003309432
3.066334545E8	0.06681639528354857
3.06637011E8	0.09236834694452267
3.0664056E8	1.370453904708204
3.066440915E8	36.28640500568828
3.066476025E8	9.038220193953222
3.066511055E8	13.768285714285714
3.06654603E8	31.21459227467811
3.066580945E8	11.851204128440367
3.066615705E8	0.13625866050808313
3.06665033E8	7.371279976885293
3.06668493E8	0.046834345186470075
3.066719485E8	13.010139049826188
3.066753845E8	8.889766081871345
3.06678798E8	0.6084531846199002
3.066821985E8	0.2855038302887448
3.06685591E8	0.011795930404010616
3.066889815E8	18.5811209439528
3.066923705E8	10.902007083825266
3.066957585E8	1.3996458087367178
3.066991455E8	55.148848198464265
3.067025305E8	0.4258274231678487
3.06705914E8	39.729530002955954
3.067092965E8	0.03429923122412774
3.06712672E8	0.2929652715939448
3.06716041E8	18.159691303057286
3.067194095E8	10.433788598574822
3.067227775E8	39.32749406175772
3.067248635E8	0.35572139303482586
3.06726541E8	0.795766366130929
3.067294915E8	0.5955223880597015
3.067328405E8	6.778972520908005
3.067361665E8	0.9197941888619855
3.06739469E8	0.27112996061799455
3.06742768E8	0.19229602669093115
3.06746065E8	5.010615711252654
3.067493595E8	17.485722964763063
3.067526505E8	58.685106382978724
3.06755933E8	0.10625954198473282
3.067591995E8	9.20841006752609
3.067624565E8	36.271191646191646
3.067657115E8	3.234173325138291
3.06768965E8	0.17399323701198893
3.06772208E8	10.818125579956696
3.067754395E8	0.4764705882352941
3.067786575E8	9.072052401746724
3.067818625E8	2.091136079900125
3.067850465E8	17.38653603034134
3.0678821E8	1.038254821372115
3.067913705E8	48.98005066497783
3.067945245E8	0.6492063492063492
3.06797666E8	17.421640600063835
3.0680079E8	0.012199036918138041
3.06803903E8	3.1748633879781423
3.068070135E8	0.09678456591639871
3.068101235E8	22.07363344051447
3.06813233E8	5.814409778063686
3.068163365E8	7.537766300839251
3.068194285E8	0.0
3.06822513E8	23.832954914044763
3.068255925E8	75.12126137841352
3.068286625E8	3.7343342036553526
3.068317255E8	13.31352057478772
3.068347845E8	1.094240837696335
3.068378385E8	0.08944954128440367
3.0684088E8	0.42461233916199276
3.06843903E8	44.7273631840796
3.068469175E8	28.646317186463172
3.068499285E8	61.889627659574465
3.068529315E8	17.98265510340227
3.06855925E8	0.20976915356306458
3.06858904E8	13.072414954530144
3.06861871E8	0.014165261382799325
3.06864829E8	31.503896984073197
3.068677785E8	0.0
3.06870722E8	2.974821367812181
3.068736605E8	29.114363512593602
3.06876586E8	8.900446275317542
3.06879498E8	0.8454139470972174
3.068824045E8	0.08890420399724328
3.068853035E8	7.175759668508287
3.06888198E8	0.013826477704804701
3.0689109E8	0.013144240747146317
3.068939665E8	0.9727463312368972
3.06896809E8	0.6124690046050301
3.068996235E8	0.5295794725588026
3.069024245E8	41.61194563662375
3.06905212E8	0.6005757466714645
3.069079905E8	2.860691144708423
3.069107675E8	0.4074207492795389
3.06913543E8	6.2342342342342345
3.06916313E8	0.1775768535262206
3.06919067E8	37.82245716368939
3.069218095E8	23.409190371991247
3.069245455E8	6.428937728937729
3.06927266E8	28.298045001844336
3.06929975E8	5.523457702253417
3.069326695E8	0.0436241610738255
3.069353465E8	24.399700598802394
3.06938016E8	0.4079490063742032
3.06940674E8	123.16194790486976
3.06943317E8	8.479711793704968
3.069459505E8	0.2300380228136882
3.069485655E8	17.732307692307693
3.06951153E8	0.5968932038834951
3.069537225E8	39.14508580343214
3.069562725E8	0.13209779179810727
3.069587885E8	0.0
3.069612825E8	32.88443017656501
3.069637735E8	22.093975903614457
3.0696626E8	33.26983487716472
3.06968739E8	24.13979797979798
3.06971213E8	0.02547513141932875
3.06973672E8	0.06462167689161555
3.069761095E8	0.05308641975308642
3.06978536E8	3.2146099876186547
3.0698095E8	0.16507276507276508
3.06983354E8	0.5921764461090304
3.06985755E8	2.2142559399749895
3.06988152E8	0.8434237995824635
3.06990543E8	37.772098868873066
3.069929255E8	0.3036164844407065
3.069953025E8	3.5113636363636362
3.069976725E8	90.32994923857868
3.070000295E8	2.019574468085106
3.07002367E8	0.0
3.07004687E8	0.04319654427645788
3.070070005E8	0.6167820069204152
3.070093035E8	0.05797733217088056
3.070115925E8	0.027583187390542906
3.07013868E8	18.19761799735333
3.07016134E8	68.71081677704194
3.07018396E8	5.121292607348384
3.07020655E8	0.0283311199645861
3.070229135E8	0.10938883968113375
3.0702516E8	25.45055928411633
3.07027389E8	0.7602339181286549
3.0702961E8	89.1599819738621
3.070318285E8	43.481965734896306
3.070340435E8	0.583634719710669
3.070362525E8	8.318223028105168
3.07038456E8	6.612903225806452
3.07040653E8	0.017327861377108983
3.0704284E8	1.9188445667125171
3.070450185E8	20.55238970588235
3.07047178E8	3.2417172188520764
3.0704932E8	0.017748715553479684
3.07051452E8	1.9203956665096562
3.070535745E8	0.0
3.07055696E8	6.301744460160302
3.07057816E8	23.062765455403493
3.07059934E8	0.213982050070855
3.0706204E8	0.0
3.070641345E8	0.2531041069723018
3.07066228E8	8.067845198279981
3.070683165E8	0.1746641074856046
3.070704E8	0.09601536245799328
3.07072481E8	436.16931216931215
3.07074558E8	0.41734939759036144
3.070766325E8	0.021215043394406944
3.070787045E8	4.72512077294686
3.07080772E8	1.411138014527845
3.070828335E8	2.7745383867832847
3.07084889E8	0.0
3.07086942E8	0.5947394057476864
3.07088987E8	0.019636720667648502
3.070910185E8	12.261599210266535
3.07093044E8	9.64395061728395
3.07095069E8	30.56
3.07097091E8	3.6532937097573055
3.07099108E8	1.2009925558312655
3.071011185E8	9.436191425722832
3.07103122E8	0.059470264867566215
3.071051185E8	5.371485943775101
3.071071095E8	18.981909547738695
3.071090915E8	16.472137791286727
3.07111059E8	0.10606833248342683
3.071130195E8	0.21275510204081632
3.07114979E8	1.0459418070444104
3.07116933E8	45.029758850692666
3.071188785E8	0.8377960865087538
3.071208195E8	1.7201030927835053
3.07122752E8	0.06441558441558441
3.071246735E8	8.461418143899897
3.071265845E8	0.569327731092437
3.07128479E8	0.07161803713527852
3.07130355E8	0.209962506695233
3.07132213E8	1.7674418604651163
3.071340475E8	0.020879120879120878
3.07135863E8	5.310877967973496
3.071376725E8	8.920353982300885
3.07139478E8	3.223516361619523
3.07141279E8	0.06837131739855476
3.071430775E8	0.12903225806451613
3.07144871E8	0.29793180547792064
3.071466595E8	0.06935123042505593
3.07148442E8	7.893640967923466
3.07150216E8	1.339356295878035
3.071519825E8	0.08229284903518728
3.071537425E8	0.47440273037542663
3.071554995E8	5.6429384965831435
3.071572545E8	0.5193842645381984
3.07159008E8	0.02167712492869367
3.071607605E8	0.3156392694063927
3.071625115E8	1.3325714285714285
3.07164259E8	0.16275071633237823
3.07165998E8	0.0
3.071677295E8	0.0
3.07169459E8	0.25274725274725274
3.07171187E8	17.85118702953098
3.07172911E8	99.95874491574666
3.071746285E8	5.012252042007002
3.071763405E8	0.9473684210526315
3.0717805E8	0.07606787595084845
3.07179757E8	5.562463343108504
3.0718146E8	0.4503233392122281
3.07183154E8	0.05986959098992294
3.071848325E8	0.05449101796407185
3.071864995E8	11.89423076923077
3.07188158E8	21.581972171808832
3.07189806E8	7.7528910529519175
3.07191447E8	7.655277608297743
3.071930855E8	0.0757020757020757
3.07194713E8	92.13729128014842
3.07196327E8	6.018001241464929
3.071979365E8	12.310945273631841
3.07199539E8	0.6988102692548529
3.07201133E8	0.06348208673790069
3.072027235E8	0.021383647798742137
3.072043025E8	0.9132653061224489
3.07205867E8	0.4356181934657271
3.07207427E8	0.025657472738935216
3.07208982E8	0.627337201805287
3.072105315E8	0.0
3.07212076E8	8.225827384815055
3.072136115E8	0.14901960784313725
3.072151395E8	14.463302752293577
3.072166655E8	13.95740498034076
3.07218189E8	0.48586456278763973
3.07219709E8	0.0
3.07221218E8	0.0
3.072227155E8	0.05614973262032086
3.072242065E8	0.08411843876177658
3.07225692E8	0.04579124579124579
3.072271765E8	28.412398921832885
3.07228659E8	13.983119513841999
3.072301395E8	0.0
3.072316155E8	0.19021739130434784
3.072330835E8	0.0
3.0723454E8	15.804002760524499
3.072359815E8	10.663179916317992
3.072374155E8	0.0
3.07238849E8	19.277041172365667
3.072402775E8	0.05196629213483146
3.072416995E8	16.783098591549297
3.072431125E8	2.763157894736842
3.072445175E8	0.6367521367521367
3.07245921E8	0.022095509622238062
3.07247322E8	0.0
3.072487205E8	1.1530758226037197
3.072501165E8	0.8479196556671449
3.072515085E8	18.268345323741006
3.072528945E8	0.4015918958031838
3.07254274E8	3.396514161220044
3.072556495E8	11.95269286754003
3.072570195E8	35.52562225475842
3.07258382E8	15.811626195732156
3.07259739E8	0.0
3.072610935E8	0.20827178729689808
3.072624475E8	13.363367799113737
3.072637995E8	10.588888888888889
3.07265146E8	0.14221891288160834
3.072664865E8	4.508221225710015
3.072678185E8	0.07541478129713423
3.072691435E8	0.0445619335347432
3.072704615E8	1.5907012195121952
3.07271773E8	13.565217391304348
3.072730825E8	4.030581039755352
3.072743855E8	0.362095531587057
3.072756825E8	7.827932098765432
3.072769735E8	0.32426127527216175
3.07278257E8	0.06401249024199844
3.07279535E8	0.15450980392156863
3.07280808E8	0.11801730920535011
3.07282078E8	1.8400315208825848
3.07283345E8	13.064822134387352
3.072846035E8	5.027955271565495
3.072858485E8	0.05977382875605816
3.072870805E8	2.6517128874388254
3.07288306E8	4.0081632653061225
3.072895305E8	0.03104575163398693
3.0729075E8	0.1925925925925926
3.072919625E8	0.07851239669421488
3.0729317E8	1.2240663900414939
3.072943745E8	0.0
3.07295576E8	0.025020850708924104
3.07296769E8	1.9106992417860151
3.072979505E8	0.2695578231292517
3.072991265E8	0.0
3.073002965E8	0.03608247422680412
3.0730146E8	0.05932932072226999
3.0730262E8	4.050993949870354
3.073037765E8	0.05968858131487889
3.073049325E8	0.6081314878892734
3.073060875E8	0.38648180242634317
3.07307234E8	0.3854258121158911
3.073083675E8	0.0274822695035461
3.0730949E8	0.36974037600716203
3.07310606E8	32.044843049327355
3.073117205E8	0.0
3.07312834E8	34.913746630727765
3.07313946E8	0.0351035103510351
3.07315057E8	0.09540954095409541
3.073161665E8	2.5740072202166067
3.07317273E8	2.85158371040724
3.073183765E8	3.101633393829401
3.073194775E8	6.075454545454545
3.073205775E8	0.6436363636363637
3.07321677E8	0.0
3.073227755E8	0.07741347905282331
3.073238735E8	51.03005464480874
3.07324967E8	19.404040404040405
3.07326045E8	0.23149015932521086
3.07327112E8	1.2371134020618557
3.07328175E8	0.0
3.07329233E8	12.950804162724692
3.073302885E8	11.75426944971537
3.0733134E8	77.70829361296472
3.07332388E8	1.8825214899713467
3.073334315E8	0.035576923076923075
3.073344645E8	0.4317738791423002
3.073354855E8	1.187992125984252
3.073365005E8	1.1617357001972386
3.07337512E8	0.1110009910802775
3.07338521E8	0.0
3.07339524E8	6.826479438314945
3.073405195E8	0.0
3.073415095E8	1.63184584178499
3.073424955E8	0.0
3.07343481E8	0.0
3.07344466E8	0.350253807106599
3.07345449E8	0.5423037716615698
3.0734643E8	0.0
3.073474095E8	0.0
3.073483845E8	0.03909465020576132
3.073493565E8	0.0
3.07350326E8	1.9451913133402274
3.073512895E8	0.0
3.07352248E8	0.0
3.07353193E8	36.80600214362272
3.07354126E8	0.34726688102893893
3.073550565E8	0.13038793103448276
3.073559835E8	0.25161987041036715
3.073569075E8	0.0
3.073578275E8	0.0
3.073587445E8	0.0
3.07359658E8	0.2645444566410538
3.07360568E8	7.134213421342134
3.07361477E8	0.1551155115511551
3.073623815E8	0.0
3.0736328E8	0.12709030100334448
3.073641745E8	0.042600896860986545
3.073650655E8	0.1898876404494382
3.07365955E8	0.6445444319460067
3.073668425E8	0.0
3.07367728E8	0.0
3.07368608E8	0.044571428571428574
3.073694805E8	0.23563218390804597
3.0737035E8	24.296892980437285
3.073712185E8	0.0
3.07372084E8	13.681344148319814
3.073729445E8	0.0
3.07373801E8	14.960233918128655
3.07374652E8	0.0
3.07375497E8	35.03795966785291
3.07376337E8	2.3930704898446833
3.07377173E8	4.316167664670659
3.073780065E8	18.544471153846153
3.07378836E8	0.0
3.073796625E8	0.04600484261501211
3.07380485E8	9.73137973137973
3.073812975E8	4.389578163771712
3.073821025E8	2.0771144278606966
3.073829055E8	0.0
3.07383704E8	0.0
3.073844975E8	2.54040404040404
3.073852875E8	0.2703045685279188
3.07386072E8	11.709346991037132
3.07386853E8	0.0
3.073876335E8	0.40384615384615385
3.07388411E8	5.156129032258065
3.073891845E8	0.08808290155440414
3.073899525E8	7.281413612565445
3.073907155E8	0.13385826771653545
3.073914765E8	0.05
3.073922355E8	0.17546174142480211
3.07392992E8	0.0
3.073937465E8	0.0
3.073944975E8	0.10962566844919786
3.073952445E8	0.0
3.073959905E8	0.04289544235924933
3.073967355E8	0.0
3.073974755E8	0.0
3.073982085E8	0.35342465753424657
3.07398938E8	0.0
3.07399665E8	0.08413793103448276
3.074003845E8	0.0
3.074010975E8	0.0
3.07401809E8	1.0886075949367089
3.074025195E8	0.0
3.074032295E8	0.08591549295774648
3.074039365E8	0.048295454545454544
3.0740464E8	0.059743954480796585
3.0740534E8	0.04878048780487805
3.074060365E8	0.04597701149425287
3.07406728E8	1.7802037845705967
3.07407414E8	0.0
3.07408095E8	0.0
3.07408771E8	0.0
3.074094455E8	0.0
3.07410119E8	0.0
3.07410791E8	0.0
3.074114535E8	0.0
3.074121015E8	0.2897196261682243
3.07412743E8	4.230889235569423
3.07413383E8	0.5242566510172144
3.07414021E8	0.0
3.07414658E8	1.0800627943485086
3.07415294E8	0.047244094488188976
3.074159275E8	0.0
3.074165575E8	0.09076433121019108
3.07417184E8	0.0768
3.074178075E8	0.0707395498392283
3.074184285E8	0.1032258064516129
3.07419046E8	0.23089430894308943
3.074196585E8	0.07213114754098361
3.07420267E8	1.9769357495881383
3.07420871E8	0.0632279534109817
3.07421472E8	0.0
3.074220725E8	0.17666666666666667
3.07422671E8	0.0
3.074232665E8	3.803030303030303
3.074238595E8	0.21621621621621623
3.074244515E8	0.0
3.07425042E8	11.144312393887946
3.074256305E8	0.10714285714285714
3.074262165E8	0.1541095890410959
3.074268005E8	0.3339041095890411
3.074273815E8	0.4532871972318339
3.074279595E8	67.73356401384083
3.07428537E8	0.1317157712305026
3.07429113E8	0.22608695652173913
3.074296855E8	0.05263157894736842
3.07430254E8	0.49029982363315694
3.07430819E8	0.06216696269982238
3.074313815E8	0.0
3.074319415E8	0.0
3.07432497E8	1.837251356238698
3.074330485E8	0.0
3.074335975E8	0.26824817518248173
3.074341455E8	21.892335766423358
3.07434693E8	0.0
3.0743524E8	0.0
3.074357865E8	1.9816849816849818
3.074363325E8	0.20146520146520147
3.07436878E8	0.0
3.07437422E8	0.0
3.07437964E8	0.09426987060998152
3.07438504E8	7.174397031539889
3.074390425E8	378.65799256505574
3.07439579E8	0.0
3.074401125E8	0.0
3.07440644E8	0.3295668549905838
3.07441174E8	4.485822306238186
3.074417025E8	0.14015151515151514
3.07442227E8	0.3474088291746641
3.07442747E8	0.19653179190751446
3.07443264E8	529.790291262136
3.074437785E8	0.0
3.0744429E8	0.03732809430255403
3.07444798E8	1.2011834319526626
3.074453045E8	0.0
3.0744581E8	0.0
3.074463125E8	1.032
3.07446812E8	495.9138276553106
3.074473085E8	0.0
3.074478015E8	0.0
3.074482925E8	0.0
3.074487815E8	0.0
3.07449269E8	0.4271047227926078
3.074497555E8	0.2674897119341564
3.07450239E8	0.0
3.0745072E8	0.0
3.07451198E8	0.0
3.074516695E8	0.3333333333333333
3.074521375E8	0.0
3.074526035E8	0.0
3.07453067E8	0.4794816414686825
3.07453528E8	0.0
3.07453982E8	0.0
3.074544305E8	0.0
3.074548775E8	0.04484304932735426
3.07455321E8	0.08390022675736962
3.074557615E8	0.0
3.07456201E8	0.08656036446469248
3.07456637E8	0.09699769053117784
3.0745707E8	0.08775981524249422
3.07457503E8	0.0
3.07457932E8	0.0
3.07458353E8	0.5467625899280576
3.0745877E8	0.0
3.07459185E8	0.0
3.074595975E8	0.837378640776699
3.07460009E8	0.0
3.07460419E8	0.5990220048899756
3.074608275E8	0.6029411764705882
3.07461234E8	0.1654320987654321
3.07461637E8	0.0
3.07462037E8	0.0
3.07462436E8	0.13784461152882205
3.074628295E8	0.07989690721649484
3.074632175E8	0.0
3.07463604E8	1.3818181818181818
3.074639885E8	0.1328125
3.074643725E8	0.0
3.07464756E8	1.0678851174934725
3.074651385E8	4.107329842931938
3.0746552E8	0.0
3.074659E8	0.0
3.074662785E8	0.0
3.07466655E8	19.410666666666668
3.07467028E8	0.0
3.07467397E8	0.47956403269754766
3.07467764E8	0.6403269754768393
3.074681295E8	0.0
3.074684925E8	0.0
3.074688535E8	1.8666666666666667
3.074692125E8	2.170391061452514
3.07469565E8	82.93083573487031
3.0746991E8	0.13411078717201166
3.07470252E8	0.0
3.074705915E8	0.11538461538461539
3.07470929E8	0.0
3.07471266E8	0.0
3.07471601E8	0.0
3.07471933E8	3.2779456193353473
3.074722625E8	0.21036585365853658
3.0747259E8	0.15902140672782875
3.07472917E8	0.0
3.074732435E8	0.27300613496932513
3.07473569E8	0.0
3.07473894E8	0.0
3.07474218E8	0.15789473684210525
3.07474541E8	0.0
3.07474863E8	0.6978193146417445
3.074751825E8	0.0
3.074754995E8	0.0
3.074758155E8	0.0
3.0747613E8	0.33226837060702874
3.074764425E8	0.0
3.074767535E8	0.0
3.07477063E8	0.9352750809061489
3.07477372E8	0.0
3.074776785E8	0.6644736842105263
3.074779805E8	0.0
3.0747828E8	0.0
3.074785785E8	0.1174496644295302
3.07478873E8	0.0
3.074791635E8	12.903448275862068
3.074794525E8	0.0
3.07479739E8	0.0
3.07480024E8	0.0
3.074803065E8	0.0
3.074805865E8	0.0
3.07480866E8	0.0
3.07481141E8	0.0
3.07481412E8	0.0
3.074816825E8	0.9592592592592593
3.0748195E8	0.0
3.07482213E8	0.0
3.074824735E8	0.0
3.074827325E8	0.0
3.074829885E8	0.0
3.074832415E8	1.0833333333333333
3.074834925E8	0.0
3.07483741E8	0.0
3.07483986E8	0.0
3.07484227E8	0.0
3.07484466E8	0.0
3.07484705E8	0.0
3.07484943E8	0.0
3.074851795E8	0.0
3.074854115E8	0.0
3.07485639E8	0.0
3.074858655E8	2.9867256637168142
3.074860915E8	0.168141592920354
3.074863175E8	0.0
3.07486542E8	0.0
3.07486762E8	0.0
3.074869785E8	0.0
3.074871945E8	0.0
3.07487409E8	0.0
3.07487621E8	0.0
3.0748783E8	0.0
3.074880335E8	0.0
3.07488232E8	0.0
3.07488428E8	0.0
3.074886225E8	0.20618556701030927
3.0748881E8	0.0
3.07488991E8	0.0
3.07489172E8	0.0
3.07489351E8	0.0
3.074895275E8	0.4147727272727273
3.07489703E8	0.0
3.07489878E8	0.0
3.07490053E8	0.0
3.074902265E8	0.3372093023255814
3.07490395E8	0.0
3.074905575E8	0.0
3.074907135E8	0.0
3.07490864E8	0.0
3.07491012E8	0.0
3.074911565E8	0.0
3.07491297E8	0.0
3.074914355E8	0.0
3.074915695E8	0.0
3.074916995E8	0.0
3.074918285E8	0.3359375
3.074919565E8	0.0
3.07492084E8	0.0
3.07492211E8	0.0
3.07492338E8	0.0
3.074924645E8	0.0
3.074925885E8	0.0
3.074927095E8	0.0
3.074928275E8	0.0
3.074929365E8	0.0
3.074930385E8	0.0
3.074931395E8	0.0
3.07493239E8	0.0
3.07493338E8	0.0
3.07493436E8	0.0
3.07493525E8	0.0
3.074936035E8	0.0
3.07493678E8	0.0
3.074937455E8	0.0
3.07493806E8	0.0
