#Position (bp)	insert size
384368.0	1667.940146550012
1153103.0	739.0183046479162
1921838.0	776.9214198308769
2690573.0	611.1950954550431
3459308.0	505.29924086223053
4228043.0	687.2590342960289
4996778.0	465.0081183110981
5765513.0	418.3261717395826
6534248.0	420.04900264140633
7302983.0	403.3757486390676
8071718.0	466.810763247659
8840453.0	403.84840716146925
9609188.0	381.9723438472103
1.0377923E7	372.08814798566937
1.0801324E7	360.58042686100987
1.11856915E7	752.1933106042793
1.1915393E7	1005.3102696727636
1.2684128E7	385.6757694051949
1.3452863E7	510.3703952698626
1.4221598E7	492.05598516167134
1.4990333E7	505.7699118116797
1.5759068E7	440.46896115040784
1.6527803E7	392.7330090774313
1.7296538E7	397.07278722029946
1.8065273E7	364.25712117259206
1.8834008E7	405.7985145686536
1.9602743E7	480.95749340904484
2.018777E7	361.01704718417045
2.05721375E7	1094.3593139752081
2.1140213E7	680.7136526255049
2.1908948E7	510.2824214126003
2.2677683E7	620.6768902755093
2.3446418E7	514.6237640208773
2.4215153E7	454.943632282085
2.4983888E7	418.22585008965166
2.5752623E7	390.0860603228068
2.6521358E7	360.64192479199056
2.7290093E7	363.66920624800764
2.8058828E7	368.12640533145503
2.86485735E7	358.2645959585295
2.9032941E7	411.75335002855763
2.9596298E7	456.05998616377536
3.0365033E7	417.45175726822777
3.1133768E7	494.1296169543945
3.1902503E7	446.24959918768707
3.2671238E7	406.72186319302085
3.3439973E7	377.69778398952207
3.4208708E7	362.35639323022104
3.4977443E7	360.5312324649299
3.5659712E7	360.0209576999245
3.60440795E7	744.7593149361109
3.6514913E7	623.4115920539487
3.7283648E7	513.8818738568218
3.8052383E7	412.6894480909997
3.8821118E7	464.4553692490378
3.9589853E7	432.82003925629414
4.0358588E7	376.1358257316944
4.1127323E7	384.3133810134035
4.1896058E7	366.70992796129656
4.2664793E7	361.8878947280808
4.3049519E7	119.7009900990099
4.34338865E7	1100.1152529893786
4.4202263E7	1679.873368532943
4.4970998E7	919.5745334844786
4.5739733E7	807.5260444926749
4.6508468E7	1838.1261556600382
4.7277203E7	573.2034263807356
4.8045938E7	400.634090977876
4.8668911E7	337.8356372218476
4.90532785E7	559.7872513401591
4.9583408E7	399.07728781412993
5.0352143E7	457.37242060716284
5.1120878E7	481.41397325334333
5.1889613E7	386.17445020107965
5.2658348E7	360.67801670548266
5.3427083E7	363.0085251849923
5.38687855E7	359.6329856955605
5.4253153E7	2213.9048112927994
5.4964553E7	4158.914140604776
5.5733288E7	944.0362980827791
5.6502023E7	669.1456134037109
5.7270758E7	559.6829601640069
5.8039493E7	376.89950567404276
5.85039505E7	353.3619333267775
5.8888318E7	1115.693527962609
5.9576963E7	738.7197182603808
6.0345698E7	1148.4767558592996
6.1114433E7	349.96877614080614
6.1883168E7	385.61356086048835
6.2651903E7	389.6101277167824
6.3087631E7	345.190417857629
6.34719985E7	716.7640225340285
6.4189373E7	466.7981375788525
6.4958108E7	693.6623998316646
6.5726843E7	406.63431271223976
6.6495578E7	364.6531421988993
6.7140034E7	361.5190572063316
6.75244015E7	373.22707166781726
6.8033048E7	411.36253412883
6.8801783E7	387.08910261248343
6.9570518E7	364.1822629895891
7.0339253E7	359.7289136815951
7.11040115E7	359.20274106846904
7.1488379E7	377.61055634807417
7.1876723E7	507.7985889874883
7.2645458E7	416.9187106539613
7.3414193E7	371.95060505611247
7.4182928E7	366.3089603533997
7.4951663E7	365.8656948476215
7.5358208E7	360.07558024201546
7.57425755E7	1405.269079019759
7.6489133E7	766.6566898560103
7.7257868E7	642.2891375324706
7.8026603E7	484.0203467612592
7.8795338E7	380.28770747061645
7.92080895E7	371.96679211866285
7.9592457E7	1174.4052971179253
8.0332808E7	1566.462395733625
8.1101543E7	539.2270812318282
8.1870278E7	423.8554632944821
8.26063115E7	389.94208828935047
8.2990679E7	573.8222876779578
8.3407748E7	642.2300584412226
8.4176483E7	731.7382766412702
8.4945218E7	533.4560679826502
8.5713953E7	368.5620097376251
8.6362088E7	349.2455459113751
8.67464555E7	499.2374989634298
8.7251423E7	452.1650071123755
8.8020158E7	594.430294675168
8.8788893E7	507.148519993076
8.9557628E7	514.5064064442882
9.0098611E7	348.94405405405405
9.04829785E7	1681.3796346536444
9.1095098E7	520.3421410491836
9.1863833E7	623.1944557311771
9.2632568E7	459.90680703312677
9.3401303E7	397.66963981663395
9.38242175E7	361.0396052987294
9.4208585E7	816.7628071729024
9.4938773E7	768.818277529195
9.5707508E7	635.1174866238431
9.6476243E7	386.85539026847624
9.71220675E7	396.481275736151
9.7506435E7	1166.0405743706012
9.8013713E7	710.0075518955638
9.8782448E7	614.961763345666
9.9551183E7	499.89839619707675
1.00269334E8	384.29403519311154
1.006537015E8	303.53096774193546
1.01088653E8	689.4424547391795
1.01857388E8	519.0772057311304
1.02626123E8	357.2248890189765
1.033545365E8	359.1850564092589
1.03738904E8	370.40614096301465
1.04163593E8	590.0152798999861
1.04932328E8	765.7236977030353
1.05701063E8	451.3696363701759
1.06347158E8	403.075207671294
1.067315255E8	1331.247894779052
1.07238533E8	784.2934542163829
1.08007268E8	398.8811104078126
1.08776003E8	374.62903998258474
1.09309377E8	360.98087833578484
1.096937445E8	381.5434241602866
1.10313473E8	393.6569623600068
1.11082208E8	366.9029710796969
1.11850943E8	367.35241402558086
1.12235708E8	60.583333333333336
1.126200755E8	597.878544247661
1.13388413E8	369.69396604824203
1.14157148E8	374.5210514285714
1.147696095E8	360.85039303165496
1.15153977E8	359.9817962704554
1.15694618E8	417.19902588931086
1.16463353E8	410.1164354770912
1.17232088E8	365.160241483398
1.17668795E8	361.3157597742846
1.180531625E8	406.02136314171304
1.18769558E8	359.6219951923077
1.19538293E8	362.59253116290205
1.2014897E8	362.7847197313073
1.205333375E8	745.3061542026683
1.21075763E8	409.9620617274353
1.21844498E8	349.50043988672917
1.225916085E8	366.15919944286
1.22975976E8	366.87360438171476
1.23381968E8	385.9295973884657
1.24150703E8	383.83480224502324
1.24919438E8	372.697035407825
1.253769895E8	343.63301868618765
1.25761357E8	889.51324660276
1.26456908E8	433.6921124206709
1.27225643E8	353.3514605682807
1.277254535E8	395.9808411214953
1.28109821E8	677.8669608904432
1.28763113E8	399.63874309511107
1.29531848E8	361.7144976586768
1.300272615E8	363.58905561898547
1.30411629E8	493.5580730878025
1.31069318E8	530.872718512094
1.31838053E8	365.9301975254312
1.322676755E8	348.75039781768584
1.32652043E8	389.5205058678981
1.33375523E8	366.75947233924995
1.34030498E8	352.11921058635636
1.344148655E8	1009.5243377483444
1.34912993E8	467.70238423849287
1.35681728E8	381.0721524564882
1.361569665E8	344.4226694915254
1.36541334E8	538.4192634560907
1.37219198E8	395.85390030483126
1.37895604E8	349.79059506394225
1.382799715E8	870.2990552888339
1.38756668E8	416.3475237963857
1.39525403E8	386.74656294735706
1.400102465E8	345.3191302051237
1.40394614E8	525.4495167113078
1.41062873E8	362.0364953608869
1.417121025E8	359.24804790083687
1.4209647E8	375.9816553309704
1.42600343E8	411.2643420506434
1.43369078E8	385.4692111882178
1.437831155E8	371.81528937518
1.44167483E8	692.6020318452672
1.44906548E8	401.00133544366406
1.45465214E8	321.6868368893553
1.458495815E8	431.62576912480483
1.46444018E8	562.7531076943668
1.47106683E8	344.38792763996014
1.474910505E8	363.71837389676386
1.47981488E8	395.6858493957579
1.48737048E8	407.0170030501655
1.491214155E8	1325.2560706401766
1.49518958E8	509.26458418250763
1.50287693E8	406.42963033924485
1.50728883E8	357.65033140600764
1.511132505E8	401.1464846338831
1.51825163E8	358.8012521552333
1.52332369E8	374.8622518822724
1.527167365E8	366.92995141359654
1.53362633E8	359.18681593475293
1.5389724E8	362.83453608247424
1.542816075E8	421.6251801289344
1.54900103E8	364.3456168459602
1.55461321E8	317.1466319687719
1.558456885E8	382.57711433485383
1.56437573E8	369.0285384837129
1.57018682E8	357.7826193640732
1.574030495E8	349.0445158329509
1.57975043E8	409.5870676613282
1.585640605E8	367.4786587755742
1.58948428E8	358.81227234519474
1.59512513E8	365.6425354358428
1.6009777E8	357.23924144310826
1.604821375E8	353.43048845947396
1.61049983E8	378.5452418570734
1.616289075E8	408.1016104178627
1.62013275E8	352.5752785746346
1.62587453E8	464.63952773336615
1.631586895E8	348.1051152990753
1.63543057E8	373.0683800143634
1.64124923E8	362.20336675331106
1.64685819E8	360.45609338658005
1.650701865E8	357.49991500356987
1.65662393E8	383.2922342257711
1.66204869E8	374.4597244121478
1.665892365E8	324.5914078674948
1.67199863E8	355.1666261419292
1.67707403E8	313.61191198786037
1.680917705E8	367.293934193591
1.68737333E8	396.15639198431296
1.69197014E8	355.8207770670457
1.695813815E8	393.75728067188743
1.70274803E8	366.97673445270567
1.706842435E8	346.69679849340866
1.71068611E8	361.9379214351995
1.717757825E8	378.57370326746064
1.7216015E8	356.4271844660194
1.72581008E8	373.82574156316053
1.732448375E8	380.86305316305317
1.73629205E8	701.3324014377818
1.74118478E8	461.01759021737035
1.7470787E8	371.6931060044477
1.750922375E8	364.9012953107742
1.75655948E8	448.2770201000342
1.761671155E8	351.50197572006664
1.76551483E8	530.1480322780882
1.77193418E8	352.51687289088864
1.775981795E8	349.3168389955687
1.77982547E8	362.928927646569
1.786433205E8	366.8167631705926
1.79027688E8	359.4345268984605
1.79499623E8	359.1615874459859
1.80059845E8	360.4960025127063
1.804442125E8	376.62871875090525
1.81037093E8	355.9437398234639
1.814629515E8	382.80106911034744
1.81847319E8	479.9230313255209
1.824697645E8	359.29608664888696
1.82854132E8	357.7220556004153
1.83343298E8	672.393628736235
1.83845386E8	352.6523725667507
1.842297535E8	498.2854207687698
1.848263935E8	415.5174616781989
1.85210761E8	318.21649319455565
1.85649503E8	379.0104615228735
1.861815255E8	356.8063258350375
1.86565893E8	409.63734137341373
1.871516995E8	367.10188778060797
1.87536067E8	437.77381342062193
1.87955708E8	535.99841709537
1.88487033E8	344.6520106589147
1.888714005E8	387.97820888614626
1.89437117E8	371.04583511819
1.898214845E8	2272.934492295535
1.90261913E8	372.7946713209496
1.907655555E8	361.8245522879213
1.91149923E8	407.5797258150067
1.917006725E8	377.4010058568882
1.9208504E8	361.97526831544565
1.92568118E8	368.98888613247334
1.93014003E8	360.6006458557589
1.933983705E8	388.80621250499934
1.939421735E8	348.1693115002845
1.94326541E8	384.5127398358936
1.948700135E8	360.01409500155233
1.95254381E8	355.32474226804123
1.95643058E8	379.6432678073467
1.96173218E8	352.4178763245754
1.965575855E8	343.93220030072445
1.970859405E8	343.5599905619568
1.97470308E8	326.1624384011681
1.97949263E8	347.90617745314535
1.98379719E8	347.5460815047022
1.987640865E8	418.0715605250365
1.99284827E8	345.71866725507505
1.996691945E8	452.4358142962417
2.001689555E8	394.7402158720298
2.00553323E8	929.1736886160714
2.01024203E8	450.29089830131295
2.0143258E8	341.8795294117647
2.018169475E8	377.3881607739261
2.023091665E8	356.3578828099709
2.02693534E8	386.56879384088967
2.03168465E8	357.6129746835443
2.035528325E8	542.974406779661
2.04022535E8	369.62300837159063
2.044069025E8	428.3033440841962
2.048603755E8	363.3124204834606
2.05244743E8	392.378640776699
2.05636613E8	367.50802425904124
2.060816995E8	337.58883804218067
2.06466067E8	353.437832653138
2.069158215E8	356.2015503875969
2.07300189E8	407.8314507516635
2.07743072E8	418.1356068645029
2.081274395E8	398.6827198589376
2.08563085E8	356.20966140403135
2.089474525E8	404.05225662987976
2.09377998E8	350.5228201778415
2.097623655E8	388.2943918426803
2.101865875E8	334.6905853790127
2.10570955E8	337.578278451762
2.10991954E8	368.93117478510027
2.113763215E8	342.47947598253273
2.117807295E8	350.34703436859235
2.12165097E8	3072.6550218340612
2.12555228E8	354.4103510009223
2.12951007E8	350.56413612565444
2.133353745E8	376.22801637450254
2.137362725E8	341.7886627354004
2.1412064E8	335.3866379310345
2.145168735E8	334.551452020202
2.14901241E8	375.93967228595034
2.15295174E8	359.5337086867505
2.156795415E8	385.29776414395127
2.160708055E8	357.79141511480975
2.16455173E8	451.65879809192637
2.16845987E8	332.59897465109657
2.172303545E8	358.69269825151525
2.176193275E8	361.0638827838828
2.18003695E8	352.4951613994722
2.183870575E8	403.82580911152337
2.18771425E8	367.04425475620513
2.191437085E8	352.4302428256071
2.19528076E8	377.06356380167034
2.19895419E8	355.8283696653362
2.202797865E8	367.66320392392765
2.20645687E8	362.8989399293286
2.21025053E8	359.5348935273034
2.21390679E8	641.5484848484848
2.217493495E8	353.10852302805716
2.22133717E8	328.31891891891894
2.22491112E8	371.30265327537103
2.228754795E8	394.7434419140963
2.232300165E8	361.0049943612051
2.23614384E8	484.3169042769857
2.239617555E8	452.79876531238887
2.24346123E8	352.8124428179323
2.2468963E8	357.62420863100425
2.250739975E8	586.0816647035729
2.254154375E8	352.340530814215
2.25799805E8	415.83666666666664
2.261404185E8	351.4609137826351
2.26524786E8	360.20073763807545
2.2685767E8	355.4114364574583
2.272420375E8	350.302226331887
2.275674865E8	323.11325080238424
2.27901798E8	352.48588706460515
2.282642395E8	397.68233757753836
2.28575658E8	366.06867306516364
2.289600255E8	440.6971460758543
2.29270193E8	374.98842119602233
2.296545605E8	354.6955855825193
2.299644725E8	452.10727716822396
2.3034884E8	330.9575745243667
2.30655893E8	332.7324080837594
2.309973965E8	388.28793047433396
2.313463715E8	290.68389261744966
2.31650276E8	331.04446553243406
2.320346435E8	413.62025669642856
2.32330417E8	348.9936815328437
2.327147845E8	342.11322966320233
2.33008396E8	342.81535316829434
2.333832675E8	397.27825048514705
2.336859445E8	313.9234693877551
2.33975938E8	350.66107858384413
2.343603055E8	412.99080042976095
2.346438945E8	359.1007323026851
2.35028262E8	489.91658761349777
2.353116695E8	359.9355855855856
2.35668032E8	355.42200597214014
2.359736405E8	402.8603556485356
2.36248209E8	350.6558589842792
2.366325765E8	352.83710452047336
2.36905892E8	367.00348447044655
2.372902595E8	351.5809098876584
2.375596255E8	356.88351788756387
2.378457775E8	356.42604532094435
2.38209635E8	362.044209631384
2.384723095E8	342.48019618730336
2.38856677E8	345.0899945125297
2.391161115E8	343.8669635402171
2.394117615E8	373.3578442000929
2.39756603E8	357.23594790442615
2.40012063E8	362.3410097159021
2.403964305E8	342.1450284090909
2.40651522E8	341.43020937188436
2.40935513E8	348.12127568032696
2.41282414E8	361.7642132388468
2.415260005E8	338.8030643115058
2.41910368E8	359.5066851521252
2.42153892E8	333.39344262295083
2.423992835E8	382.95322914272583
2.427812845E8	423.19385078957646
2.430194555E8	352.5627053669222
2.43354977E8	355.85879034424534
2.436401495E8	341.7003231017771
2.43875304E8	369.36641136228434
2.442596715E8	350.65516671623544
2.44494215E8	348.55882352941177
2.447631205E8	358.9142166644495
2.451110035E8	337.7916344667697
2.45340206E8	323.17626648161
2.45672164E8	353.9449984207914
2.45942791E8	314.76253809919643
2.46158155E8	347.50914352564496
2.46536439E8	358.1402279358588
2.46757852E8	362.3045186640471
2.469695205E8	338.72171813259183
2.47353888E8	391.660451888134
2.47564574E8	346.1104841104841
2.47805319E8	343.6461185468451
2.48157783E8	397.00960665658096
2.48365893E8	354.7078387228817
2.486381075E8	355.4833731398126
2.489579875E8	393.25881772588997
2.49165224E8	352.295652173913
2.49467076E8	390.1172316880379
2.4975636E8	368.5617554858934
2.499626485E8	361.1118767976989
2.502879155E8	343.4156508941997
2.5054851E8	333.77964230514465
2.507484705E8	370.73748825976116
2.510885645E8	363.2871972318339
2.51332072E8	341.12567567567567
2.51527848E8	337.29136037360547
2.51873065E8	357.66837640560266
2.5210593E8	350.15752993068685
2.5229909E8	361.2301693719125
2.52643082E8	346.3443962215982
2.5287344E8	364.618217276586
2.53058026E8	357.54219552368954
2.5338655E8	332.1971483776401
2.53626707E8	363.4021043944708
2.53810996E8	327.0279372696889
2.541215335E8	375.52119664356076
2.543774555E8	391.0685458039718
2.545591305E8	340.0171963430562
2.54848343E8	361.04387417218544
2.551248655E8	425.60786696867575
2.553049575E8	352.59350691695005
2.555674465E8	349.55626690214694
2.55866877E8	350.11687348593466
2.560427725E8	330.728539884074
2.562705875E8	359.8381554614329
2.56600938E8	341.39376653439155
2.56774153E8	353.1736111111111
2.569624935E8	331.8436415839215
2.57304699E8	362.21868475991647
2.57500726E8	360.26851211072665
2.576711905E8	339.3202181118358
2.57986484E8	387.8185239228938
2.582258865E8	360.62362316633676
2.583930965E8	359.7401656854061
2.586566015E8	358.1119648737651
2.58942833E8	490.41044821137723
2.5910475E8	346.18960982025425
2.593058495E8	361.94020646811623
2.59625725E8	423.2372748895685
2.59808993E8	329.3651804670913
2.59968316E8	335.41715028150713
2.60263454E8	374.0146495379761
2.60511936E8	349.5792750722704
2.60669987E8	359.51925675675676
2.60895678E8	343.95298669891173
2.61207803E8	336.4618644067797
2.613664795E8	358.0934131736527
2.61520696E8	347.39815447710185
2.61824593E8	359.2888767256583
2.62058165E8	351.7321259469697
2.622109925E8	342.4044616876819
2.624361765E8	356.4829150362635
2.627407855E8	358.928085106383
2.62899969E8	355.914022517912
2.63050826E8	381.99686884952587
2.633441895E8	390.7761040739473
2.635851015E8	354.64026214560477
2.63733667E8	359.1763440860215
2.639380475E8	359.97294680793846
2.64231582E8	338.46197894736844
2.64411569E8	363.4333652924257
2.645558915E8	368.24773493237626
2.648102425E8	346.7243293639022
2.65083559E8	355.2273650937006
2.65224529E8	343.65186007773457
2.653750005E8	347.3107744107744
2.65651351E8	360.7470348837209
2.65885247E8	353.6020625889047
2.66021552E8	362.1216577540107
2.66196816E8	350.9218797067979
2.664682985E8	368.5147271849348
2.66677402E8	379.59163813299693
2.668104465E8	342.26115091287267
2.670024795E8	345.1938727782975
2.672676815E8	347.85633986928104
2.67460016E8	332.61266568483063
2.67590504E8	319.42494894486043
2.67790844E8	343.1492084877063
2.680494615E8	341.3278802992519
2.68233489E8	364.2404529307282
2.683623315E8	364.4708080938265
2.685626535E8	364.08887005649717
2.688141505E8	361.5929706148654
2.68998196E8	358.28112129666533
2.691212125E8	348.91062862913407
2.69305491E8	344.0340264650284
2.69544969E8	361.05576833797585
2.69745058E8	389.54745734636407
2.698635095E8	347.54358515869467
2.700194335E8	347.33124465964113
2.7025476E8	408.5621386569156
2.704832035E8	360.5121322604979
2.706000615E8	377.39240506329116
2.707192135E8	340.1534554409728
2.70946674E8	357.65611814345993
2.711728175E8	363.1609449076345
2.713243835E8	339.5347658625583
2.714361945E8	293.67872426026844
2.71620605E8	361.3349080309579
2.718435565E8	358.32986992385787
2.720435135E8	347.8101108205703
2.721547675E8	301.5143562135487
2.722872195E8	356.45297311791916
2.725064275E8	337.12611328820805
2.727249785E8	362.091896527083
2.72867561E8	216.9183079677708
2.729767215E8	346.1585428424833
2.731596875E8	339.62261314088107
2.733731465E8	345.30161812297735
2.73574548E8	336.51869970017356
2.736806165E8	342.9441984056687
2.737972355E8	348.0384209733313
2.74008185E8	334.8382448396729
2.7421821E8	350.5034332084894
2.74380672E8	424.30686070686073
2.744841805E8	373.80744398025064
2.746317545E8	344.7934042199701
2.74835029E8	356.68896473265073
2.750368585E8	356.5037402244135
2.751721665E8	332.847414234511
2.752717585E8	400.2337725719863
2.754346305E8	358.3350307287094
2.75629477E8	362.0360787547676
2.75822252E8	357.13471302161406
2.75947145E8	508.01889763779525
2.760430425E8	316.32357813362785
2.762057895E8	352.55600539811064
2.763968555E8	365.1888771373171
2.76587426E8	352.28887492143303
2.767135505E8	352.67948124131544
2.76808458E8	340.3777695716396
2.76967139E8	357.003552003552
2.77156076E8	355.73802769898214
2.773432765E8	341.4503105590062
2.774748495E8	424.30957148578295
2.775673295E8	352.615200637789
2.77713495E8	351.3601337366661
2.77897569E8	351.51308735414693
2.780813245E8	381.32016756433273
2.78227624E8	333.53705655075515
2.78318713E8	321.301043219076
2.78445831E8	364.37291418355187
2.78624475E8	329.1920814804189
2.78799759E8	354.54044889391247
2.7896884E8	361.4417553579239
2.79055951E8	364.95628415300547
2.791480645E8	362.4967814161769
2.793219045E8	334.25678601165697
2.794951505E8	369.00166666666667
2.796670295E8	360.0578147966683
2.797860375E8	339.67798976268034
2.798713395E8	348.13278967867575
2.80007599E8	354.7694641928212
2.801762495E8	348.40751593289866
2.8034403E8	347.8836428424587
2.80507948E8	354.7226206896552
2.805915035E8	321.17857142857144
2.80677891E8	334.0091719077568
2.80844071E8	334.9025969902851
2.810100155E8	314.4668343288274
2.81175222E8	359.5943651797002
2.813072575E8	356.3633131144112
2.81389511E8	331.1368993653672
2.81503931E8	342.5750452079566
2.816671245E8	346.2287642541308
2.81829173E8	374.83627128772036
2.819906385E8	365.91181608552864
2.820985375E8	322.2337883959044
2.821788915E8	322.86230366492146
2.823119855E8	347.58065902578795
2.82471554E8	348.80299471520846
2.8263049E8	350.4746543778802
2.827887405E8	347.9761059735066
2.82881078E8	374.0960099750623
2.829592085E8	354.53744842907014
2.831008305E8	364.6109112126811
2.832545715E8	354.70743600162535
2.8340819E8	366.97729988052566
2.8356106E8	344.74512487170716
2.83650187E8	348.51092690278824
2.837259075E8	342.9124946512623
2.838639935E8	350.1887875717663
2.84014566E8	369.28739159439624
2.841642325E8	316.75470957613817
2.843131325E8	344.243578120278
2.844097475E8	337.69325153374234
2.844837785E8	339.1328431372549
2.84609444E8	356.62870309414086
2.847568575E8	336.94019607843137
2.84903889E8	359.1257253384913
2.850507725E8	357.02058749686165
2.85162443E8	340.28818953323906
2.85235427E8	325.23271340009535
2.8534268E8	341.00740592473977
2.85486983E8	350.83815990023555
2.85630282E8	336.9830396838465
2.85773144E8	356.9432642266018
2.859069595E8	336.2752688172043
2.859767315E8	377.26223776223776
2.86052856E8	363.96474716860746
2.861903485E8	348.8340588172842
2.86326707E8	354.6927262492964
2.86461012E8	355.092631857938
2.865942015E8	370.2785813354468
2.866994605E8	375.935037593985
2.867650045E8	375.983216272918
2.868562865E8	338.42938496583145
2.86985097E8	342.7073638762293
2.87113018E8	357.8140600761529
2.872400565E8	359.66908457855794
2.8736678E8	358.4850245053549
2.874684495E8	367.3274398868458
2.875308515E8	356.84453068154255
2.876171135E8	332.7862623310194
2.877417145E8	333.06791478373145
2.87865989E8	353.560043274432
2.87989856E8	355.9041355361465
2.881135245E8	350.3361707229349
2.88225463E8	303.797108319507
2.882869705E8	329.90293453724604
2.883595355E8	343.40066334991707
2.884818635E8	354.63820124666074
2.88604014E8	348.95118962524253
2.88725668E8	354.8766471449488
2.88845977E8	356.2177921455939
2.889652565E8	343.5041551246537
2.890345995E8	347.10223642172525
2.89094055E8	320.64527666736797
2.892031115E8	348.2354267310789
2.893211245E8	332.8463444857497
2.8943711E8	341.46514730405784
2.89550763E8	349.7871911780299
2.896633655E8	345.33709052483266
2.897663725E8	347.99400618716163
2.898226395E8	350.55988593155894
2.89887659E8	350.10425651603225
2.899984115E8	351.69605455431076
2.901089365E8	344.1465746149761
2.90218437E8	353.15130505709624
2.903262345E8	349.0406256789051
2.9043256E8	347.175726744186
2.905335855E8	322.2735542560104
2.905862925E8	331.66129032258067
2.906432345E8	364.2142094017094
2.907479405E8	350.05698729582576
2.90851896E8	339.2492642731018
2.90955247E8	351.7152148664344
2.91058116E8	352.66693922049603
2.91160204E8	372.1514143094842
2.912615545E8	319.93277002204263
2.91331315E8	345.83585564610013
2.9138107E8	339.8058753473601
2.91461273E8	339.99413430420714
2.91559725E8	411.8324324324324
2.91657178E8	340.3492282884128
2.917545145E8	331.4243882033048
2.91851644E8	335.3359569975043
2.91948596E8	351.4304347826087
2.920451375E8	335.43305439330544
2.9210626E8	351.39076212471133
2.921538905E8	345.1603282104715
2.922360205E8	341.43149931224207
2.923310645E8	328.3219597550306
2.924255295E8	336.947168216399
2.925187585E8	354.39253539253536
2.92610929E8	330.896265560166
2.92702327E8	339.0310786106033
2.92792108E8	350.5986975986976
2.928622145E8	333.7249533291848
2.929062585E8	354.8713656387665
2.92967363E8	349.6069444444444
2.930529085E8	326.5932350390286
2.931380435E8	374.9973606582829
2.9322235E8	344.65401174168295
2.93305647E8	386.20882352941175
2.93388439E8	345.67928039702235
2.93470965E8	346.41058703766544
2.935531875E8	376.48015873015873
2.936254925E8	367.1381215469613
2.936664795E8	343.0534759358289
2.9371692E8	338.3194263363755
2.937980535E8	367.51845248707434
2.938782955E8	366.2157527417747
2.93957456E8	359.25928908317036
2.940359865E8	331.4192546583851
2.94113718E8	352.9676910953507
2.94190606E8	371.8761951458691
2.94267212E8	269.34831460674155
2.9434356E8	369.78620483726485
2.94403587E8	339.78617157490396
2.944416325E8	348.18140307181403
2.944955125E8	337.2983682983683
2.9457076E8	349.57949886104785
2.9464554E8	339.2276647119696
2.947198625E8	342.8360337005833
2.947938495E8	215.6986301369863
2.94867693E8	347.4787878787879
2.94941437E8	350.37153419593346
2.950150255E8	342.62368421052633
2.9508846E8	334.43480632842335
2.951596985E8	354.5617455896007
2.951959055E8	368.83
2.9523318E8	304.6574307304786
2.953042615E8	371.3269521410579
2.95375117E8	330.7251213592233
2.95445692E8	344.96836555360284
2.95515887E8	343.4278987639788
2.955858525E8	355.49506124061634
2.956554665E8	355.54356607039813
2.957244435E8	355.40036231884056
2.957929165E8	342.41070023603464
2.958609135E8	383.6545454545454
2.959283655E8	333.7845503922752
2.95962472E8	462.78
2.959959795E8	362.73033033033033
2.960623185E8	327.70496374790855
2.961285905E8	345.39250877877487
2.961944545E8	343.739625167336
2.96259386E8	316.9232720355105
2.963231915E8	348.57293413173653
2.963866495E8	344.29059829059827
2.964495135E8	333.04901960784315
2.96511883E8	358.4075757575758
2.96574108E8	377.39102005231035
2.966360135E8	345.1852620653866
2.966975155E8	342.87802156935663
2.967299425E8	1745.2857142857142
2.967605265E8	326.12720470336717
2.968197085E8	294.44248530646513
2.968803715E8	343.02677595628415
2.969406465E8	326.31804202972836
2.970003935E8	318.239663629993
2.97059853E8	369.66660039761433
2.971191925E8	350.2529002320186
2.971783685E8	347.7612765957447
2.972373605E8	328.55520254169977
2.972962345E8	361.5674648422653
2.973550285E8	344.14201570680626
2.974136535E8	360.0160750167448
2.974716695E8	386.05882352941177
2.975006415E8	0.0
2.975297915E8	313.7804632426989
2.975874835E8	347.1991471215352
2.97644944E8	352.569647696477
2.977022745E8	367.70458054554814
2.977593955E8	344.13902681231383
2.97816386E8	326.43697123519456
2.97873337E8	364.82418162618796
2.97929694E8	354.76884422110555
2.979853355E8	336.9427182780767
2.98040566E8	347.5664705882353
2.980954345E8	377.2708492731446
2.98150189E8	345.0914542728636
2.982045775E8	334.9043540328337
2.98250394E8	342.89220103986133
2.98277297E8	364.6909003370246
2.98312184E8	354.56
2.983655255E8	365.4166666666667
2.98418571E8	332.4528535980149
2.98471025E8	357.6171428571429
2.985229515E8	352.90645161290325
2.98574718E8	358.149623727313
2.98626245E8	357.80531561461794
2.986775555E8	345.5286080273271
2.987287515E8	351.3758620689655
2.9877965E8	344.78215629842816
2.98830158E8	348.9737442922374
2.98880377E8	361.2659675881792
2.9893041E8	363.4703504043127
2.989803155E8	356.0634738771769
2.9902156E8	346.85357142857146
2.99046443E8	318.08454810495624
2.990795815E8	350.2517203911626
2.991287095E8	338.38424733161577
2.991776335E8	346.5366938472943
2.99226409E8	334.19961489088575
2.992750675E8	344.3265306122449
2.99323612E8	310.86206896551727
2.993721015E8	387.78454231433506
2.99420364E8	337.4818713450292
2.994682855E8	356.866251198466
2.995160355E8	352.98647035415837
2.99563736E8	335.2822085889571
2.99611366E8	317.26539360872954
2.99658856E8	354.801775147929
2.99706222E8	336.7105118326912
2.99753043E8	349.94143356643355
2.997914265E8	329.74844074844077
2.998145535E8	261.1698113207547
2.998454455E8	348.14896755162243
2.998912785E8	337.60770750988144
2.999369015E8	358.896
2.99982407E8	327.98478873239435
3.000278035E8	341.6535362578335
3.00072936E8	337.84285714285716
3.001178095E8	354.8233173076923
3.001626E8	353.3333333333333
3.002072585E8	328.0859574468085
3.0025153E8	365.8683012259194
3.002951105E8	325.60874089490113
3.00338256E8	329.5360576923077
3.00381246E8	320.912100456621
3.00424041E8	349.6145890038106
3.00466617E8	311.5497185741088
3.00509036E8	354.3297634984382
3.005513965E8	330.4154443485764
3.005739685E8	420.8666666666667
3.0059498E8	357.55930470347647
3.006355E8	362.03122497998396
3.00677186E8	372.076313848719
3.00718655E8	334.76143497757846
3.007599975E8	340.40081799591
3.008009635E8	354.09676296554125
3.00841504E8	381.63377011112954
3.00881871E8	350.609227348527
3.009221625E8	331.9664676159853
3.00962411E8	325.34229137199435
3.01002529E8	368.7073170731707
3.010424755E8	369.3822463768116
3.010823325E8	358.54707520891367
3.011221535E8	347.32086330935255
3.01161883E8	359.95588235294116
3.012013185E8	342.8075668623614
3.01240271E8	361.01085883514315
3.01278813E8	351.1328947368421
3.013171725E8	345.69447708578144
3.013402245E8	329.7490909090909
3.01359325E8	343.20816733067727
3.01393599E8	360.0957116221255
3.01431711E8	380.8581460674157
3.014697935E8	323.2156862745098
3.015075635E8	357.3763440860215
3.01544826E8	318.8447257383966
3.015818905E8	362.905325443787
3.01618727E8	361.0595130748422
3.01655231E8	353.0929752066116
3.01691575E8	356.90406852248395
3.01727817E8	360.5487616099071
3.017639465E8	339.10315430520035
3.018000005E8	326.2875816993464
3.018360275E8	312.073093220339
3.018718265E8	325.12414383561645
3.019074095E8	370.48571428571427
3.0194275E8	353.55809641532755
3.01977819E8	371.23493975903614
3.020128525E8	335.05836139169475
3.02047874E8	378.6039603960396
3.020828745E8	358.9607156748347
3.021066125E8	356.3427835051546
3.021240165E8	347.40337423312883
3.0215234E8	340.0589622641509
3.021865385E8	339.89216263995286
3.022202135E8	352.8751974723539
3.02253491E8	355.26239008792965
3.022863395E8	347.9745596868884
3.02318457E8	407.40449438202245
3.023501625E8	333.8142076502732
3.02381257E8	317.5983436853002
3.024117055E8	392.0451866404715
3.024418645E8	331.40328467153284
3.024718665E8	361.2429245283019
3.02501802E8	364.7027322404372
3.0253152E8	352.17218543046357
3.02561013E8	361.4979281767956
3.025904035E8	329.2134251290878
3.026196635E8	357.2767456758488
3.02648696E8	362.24034053700063
3.026774925E8	332.412109375
3.0270614E8	328.94117647058823
3.0273473E8	319.2710911136108
3.0276322E8	334.9384615384615
3.02791553E8	358.7752145168097
3.02819683E8	341.12738853503186
3.02847463E8	361.27338129496405
3.02871419E8	289.43243243243245
3.028851665E8	348.3544303797468
3.029023805E8	329.02017291066284
3.02929608E8	349.8154530294608
3.029566585E8	364.50176125244616
3.02983539E8	329.1837175792507
3.030103E8	328.0070993914807
3.03036936E8	347.6472986748216
3.030633795E8	327.00352733686066
3.03089659E8	353.7933653077538
3.031158375E8	325.51841868823
3.03141897E8	334.4127516778523
3.0316784E8	371.3782287822878
3.03193613E8	344.53607447633823
3.03219033E8	346.81418918918916
3.03244142E8	324.4033613445378
3.03269183E8	362.2135872362326
3.032941495E8	335.8390636430139
3.03318984E8	359.25288135593223
3.03343729E8	377.0405904059041
3.03368407E8	332.3259052924791
3.03392961E8	331.29599056603774
3.034173935E8	383.7142857142857
3.034417695E8	361.0461409395973
3.03466092E8	351.6684871654833
3.03490315E8	274.6666666666667
3.03514472E8	332.7137989778535
3.03538466E8	373.7482161060143
3.035622675E8	358.73534971644614
3.03585904E8	376.3973154362416
3.036094165E8	371.1097087378641
3.03632882E8	352.74725274725273
3.036474595E8	336.037037037037
3.03659146E8	326.73214285714283
3.036795675E8	267.80252100840335
3.03702759E8	373.87525987525987
3.037259045E8	325.78018575851394
3.03749014E8	341.8424036281179
3.037721115E8	318.41092814371257
3.03795153E8	351.3422818791946
3.038181055E8	342.9666474985624
3.03840977E8	362.3001302083333
3.038636995E8	361.33892215568864
3.038862345E8	346.84375
3.03908542E8	361.0273396424816
3.03930611E8	322.24056301983364
3.039525865E8	366.4568527918782
3.03974351E8	362.89906700593724
3.039958025E8	354.3487804878049
3.040171415E8	358.80482641828957
3.04038313E8	331.51749539594846
3.040591685E8	362.5578947368421
3.04079863E8	361.6336375488918
3.04100481E8	353.7696440564137
3.04120937E8	352.2799779977998
3.041411265E8	309.9107142857143
3.04161089E8	364.37961044343143
3.041809935E8	336.4975922953451
3.04200889E8	354.3987119437939
3.042207195E8	349.0170068027211
3.042404435E8	331.9149659863946
3.04260093E8	349.6895640686922
3.042797115E8	342.26796280642435
3.04299283E8	393.7029876977153
3.043188045E8	352.8320063694268
3.0433822E8	437.5833333333333
3.04357514E8	353.3569844789357
3.043766445E8	181.58139534883722
3.04395624E8	354.6740088105727
3.044120845E8	327.3333333333333
3.044215395E8	297.51612903225805
3.044334495E8	361.57327586206895
3.044520715E8	319.15343915343914
3.04470397E8	362.77815315315314
3.04488589E8	344.28624535315987
3.0450666E8	328.6941176470588
3.0452464E8	80.35593220338983
3.04542522E8	333.04716981132077
3.04560353E8	330.3743842364532
3.045781455E8	360.3022598870057
3.045958945E8	333.419689119171
3.04613409E8	305.22151898734177
3.04630615E8	333.56976744186045
3.046477165E8	358.95463917525774
3.04664782E8	361.2210223182145
3.046818275E8	380.2278481012658
3.04698855E8	355.3520456707897
3.047157445E8	357.355023923445
3.047322845E8	362.0154142581888
3.047485745E8	355.7966537966538
3.047647915E8	344.09936575052853
3.04780937E8	376.1544715447154
3.04797045E8	334.6041666666667
3.04813105E8	372.456338028169
3.04829099E8	20.625
3.04844809E8	334.1307523739956
3.04860144E8	365.108460446061
3.04875228E8	363.69328140214213
3.048899345E8	344.22333333333336
3.04904393E8	338.0095238095238
3.04918797E8	364.6015625
3.04933121E8	342.85009140767824
3.049473325E8	354.6298157453936
3.049613855E8	368.38958333333335
3.049753525E8	368.3649962602842
3.04989176E8	334.7106109324759
3.050028535E8	348.9178082191781
3.050165075E8	358.8467583497053
3.05030149E8	323.0
3.05043766E8	371.8529106029106
3.05057328E8	378.2524202223019
3.050707775E8	359.3044871794872
3.050840815E8	353.5804195804196
3.050973185E8	296.4166666666667
3.0511055E8	377.445434298441
3.051237565E8	379.0109289617486
3.051369355E8	363.1747404844291
3.05150043E8	348.43768115942026
3.05163013E8	351.8654970760234
3.05175888E8	360.35230934479057
3.05185055E8	20.0
3.051914585E8	360.54545454545456
3.052015075E8	356.79236276849645
3.05214187E8	314.7
3.052267085E8	369.1518633540373
3.05239162E8	357.9896373056995
3.052514665E8	299.3059701492537
3.052635855E8	293.5
3.05275651E8	293.6145833333333
3.052876965E8	360.09658421672555
3.052997075E8	311.4669603524229
3.05311672E8	344.92270531400965
3.053236175E8	321.6354515050167
3.053355615E8	348.27837837837836
3.05347491E8	339.7943722943723
3.0535937E8	375.44943820224717
3.053711045E8	19.8
3.053827095E8	288.4770642201835
3.05394203E8	354.74864864864867
3.05405586E8	424.3696682464455
3.05416915E8	570.0
3.054282015E8	321.1860465116279
3.054393975E8	348.1530201342282
3.05450508E8	347.68888888888887
3.054616145E8	325.69832402234636
3.05472713E8	366.0483870967742
3.054837595E8	356.286800276434
3.05494683E8	338.2916666666667
3.055054885E8	356.07877461706784
3.055161465E8	363.57045454545454
3.05526661E8	298.06410256410254
3.05537127E8	367.643230750517
3.055475015E8	338.2072072072072
3.055577785E8	355.48036951501155
3.05567969E8	364.7903225806452
3.05578E8	290.2718446601942
3.05587934E8	292.2764227642276
3.055978485E8	344.35470085470087
3.056077465E8	291.1345029239766
3.05617534E8	351.14539007092196
3.05627204E8	392.8203592814371
3.0563683E8	206.75
3.056464125E8	205.5
3.05655943E8	343.45882352941175
3.05665429E8	333.2352941176471
3.056749135E8	364.6734693877551
3.05684391E8	331.3780918727915
3.056938605E8	371.256734006734
3.05703288E8	344.84615384615387
3.0571261E8	313.43457943925233
3.057218545E8	305.3181818181818
3.057310705E8	346.55
3.057402675E8	387.1255230125523
3.057494535E8	305.4468085106383
3.057585785E8	328.90845070422534
3.05767648E8	379.4766355140187
3.05776642E8	358.6467289719626
3.057855425E8	334.46692607003894
3.05794349E8	116.9090909090909
3.05803082E8	275.7916666666667
3.058116615E8	342.35714285714283
3.058200515E8	356.45454545454544
3.058282875E8	340.6625
3.058363865E8	349.1823899371069
3.058444065E8	351.986301369863
3.058523285E8	315.50943396226415
3.058601015E8	353.25557461406515
3.058677105E8	432.5
3.058752425E8	353.83029197080293
3.05882709E8	355.5702479338843
3.058900985E8	329.9421965317919
3.05897348E8	386.8211009174312
3.059044835E8	230.0
3.059115865E8	297.3013698630137
3.059186575E8	313.2016129032258
3.059257075E8	348.1608695652174
3.059327345E8	342.3255813953488
3.059397415E8	347.5806451612903
3.05946737E8	380.38129496402877
3.05953382E8	357.2
3.059568435E8	250.0
3.059606085E8	349.4876033057851
3.059675075E8	189.0
3.05974393E8	365.0
3.059812595E8	370.0652173913044
3.0598811E8	253.83333333333334
3.05994947E8	349.8532110091743
3.060017745E8	349.1887477313975
3.06008546E8	385.43
3.06015243E8	214.0
3.06021916E8	371.4130434782609
3.06028584E8	353.4744525547445
3.060351805E8	331.55555555555554
3.060416715E8	375.9642857142857
3.06048088E8	313.5192307692308
3.06054431E8	340.4421168687982
3.06060702E8	327.9119496855346
3.06066934E8	339.51944444444445
3.060731045E8	262.0
3.06079204E8	407.94444444444446
3.060852755E8	348.4612403100775
3.06091306E8	63.55555555555556
3.060973105E8	337.3644859813084
3.06103308E8	281.79545454545456
3.06109298E8	367.79378531073445
3.06115231E8	349.9270072992701
3.06121083E8	272.9
3.061268995E8	336.51851851851853
3.061326905E8	326.7
3.061384525E8	368.59287531806615
3.06144196E8	508.0
3.06149915E8	331.64166666666665
3.061556135E8	333.9726962457338
3.061612865E8	332.2391304347826
3.061668935E8	369.6551020408163
3.061724375E8	332.4634655532359
3.06177958E8	20.0
3.06183465E8	247.71428571428572
3.0618895E8	356.9372549019608
3.061944175E8	296.8666666666667
3.061998695E8	341.2006472491909
3.062052965E8	0.0
3.062107035E8	374.4865181711606
3.062160895E8	346.3975308641975
3.06221455E8	315.962962962963
3.062267975E8	281.5
3.062321055E8	90.0
3.062373925E8	19.0
3.062426715E8	326.1914893617021
3.06247945E8	384.23555555555555
3.062532015E8	274.0
3.062584425E8	377.10877192982457
3.06263673E8	324.25560538116594
3.062688905E8	359.22333571939873
3.06274102E8	354.13793103448273
3.06279276E8	357.95238095238096
3.062844135E8	315.56
3.062895485E8	281.5
3.06294667E8	19.0
3.06299761E8	321.4166666666667
3.063048415E8	342.4470588235294
3.063099165E8	327.8659793814433
3.063149815E8	19.0
3.063200175E8	660.0
3.063250325E8	372.3729216152019
3.06330018E8	257.0
3.063349735E8	0.0
3.063399235E8	321.1111111111111
3.06344861E8	245.64864864864865
3.063497735E8	330.59183673469386
3.06354609E8	379.15745007680493
3.06359362E8	366.90977443609023
3.06364072E8	285.09090909090907
3.06368756E8	314.1333333333333
3.063734225E8	348.44584382871534
3.063780725E8	330.875
3.06382707E8	361.59139784946234
3.063873235E8	339.5
3.06391931E8	354.5540069686411
3.063965295E8	383.268022181146
3.06401082E8	358.89929742388756
3.064055785E8	378.4652406417112
3.06410055E8	238.4
3.0641452E8	278.3333333333333
3.0641896E8	373.34285714285716
3.064233765E8	329.42105263157896
3.06427766E8	363.5695067264574
3.064321085E8	369.64047886270106
3.06436424E8	301.3888888888889
3.06440737E8	146.125
3.064450465E8	0.0
3.06449342E8	175.54545454545453
3.06453625E8	0.0
3.06457902E8	366.882096069869
3.064621725E8	353.0952380952381
3.06466441E8	335.5521739130435
3.06470704E8	347.6521739130435
3.064749595E8	414.9432485322896
3.064792095E8	163.72727272727272
3.06483446E8	334.57142857142856
3.064876545E8	385.94254143646407
3.064918455E8	32.5
3.0649603E8	389.34240886017534
3.065001735E8	224.9090909090909
3.06504273E8	304.63709677419354
3.065083565E8	271.0
3.06512427E8	330.2298850574713
3.06516488E8	353.900826446281
3.065205265E8	357.25887265135697
3.065245425E8	328.3762376237624
3.06528524E8	0.0
3.06532471E8	388.63377192982455
3.065364115E8	351.7551789077213
3.065403375E8	0.0
3.0654423E8	330.6845238095238
3.06548097E8	250.33333333333334
3.0655195E8	0.0
3.065557735E8	382.34615384615387
3.06559577E8	325.5223880597015
3.065633635E8	319.6363636363636
3.065671335E8	350.44897959183675
3.065709005E8	337.3802083333333
3.065746505E8	302.58910891089107
3.065783835E8	432.65190651906516
3.06582112E8	386.8142076502732
3.06585833E8	343.5
3.06589543E8	325.89230769230767
3.065932395E8	357.9739714525609
3.065969265E8	381.5986394557823
3.06600612E8	391.6503267973856
3.066042955E8	371.8541666666667
3.06607968E8	256.25
3.0661163E8	308.9074074074074
3.066152875E8	339.9
3.06618939E8	255.66666666666666
3.066225875E8	19.0
3.066262295E8	352.8809523809524
3.066298605E8	329.980198019802
3.066334545E8	339.0
3.06637011E8	22.25
3.0664056E8	122.36363636363636
3.066440915E8	388.1727941176471
3.066476025E8	354.8048780487805
3.066511055E8	325.07142857142856
3.06654603E8	342.86744186046514
3.066580945E8	300.9791666666667
3.066615705E8	19.0
3.06665033E8	318.33663366336634
3.06668493E8	20.0
3.066719485E8	338.7771739130435
3.066753845E8	373.5263157894737
3.06678798E8	24.5
3.066821985E8	310.2
3.06685591E8	20.0
3.066889815E8	364.3088803088803
3.066923705E8	318.57988165680473
3.066957585E8	178.13333333333333
3.066991455E8	362.97809278350513
3.067025305E8	393.6
3.06705914E8	356.174358974359
3.067092965E8	19.0
3.06712672E8	103.0
3.06716041E8	341.16170212765957
3.067194095E8	351.31159420289856
3.067227775E8	360.6740614334471
3.067248635E8	475.0
3.06726541E8	173.1
3.067294915E8	154.14285714285714
3.067328405E8	349.3010752688172
3.067361665E8	395.61538461538464
3.06739469E8	43.55555555555556
3.06742768E8	19.5
3.06746065E8	265.7142857142857
3.067493595E8	331.3414634146341
3.067526505E8	380.92482100238664
3.06755933E8	423.0
3.067591995E8	388.55102040816325
3.067624565E8	368.9447731755424
3.067657115E8	344.2
3.06768965E8	29.0
3.06772208E8	224.70103092783506
3.067754395E8	172.57142857142858
3.067786575E8	344.1111111111111
3.067818625E8	251.33333333333334
3.067850465E8	364.1701244813278
3.0678821E8	282.6
3.067913705E8	360.81957186544344
3.067945245E8	237.33333333333334
3.06797666E8	345.2736842105263
3.0680079E8	19.0
3.06803903E8	243.7
3.068070135E8	19.5
3.068101235E8	366.5985130111524
3.06813233E8	305.5952380952381
3.068163365E8	321.875
3.068194285E8	0.0
3.06822513E8	339.0936329588015
3.068255925E8	336.62880324543613
3.068286625E8	309.3611111111111
3.068317255E8	357.2974683544304
3.068347845E8	398.1
3.068378385E8	20.0
3.0684088E8	150.0
3.06843903E8	330.80354267310787
3.068469175E8	283.4039735099338
3.068499285E8	425.30856423173805
3.068529315E8	340.30697674418604
3.06855925E8	50.25
3.06858904E8	316.59016393442624
3.06861871E8	21.0
3.06864829E8	248.1569965870307
3.068677785E8	0.0
3.06870722E8	345.5483870967742
3.068736605E8	348.46091644204853
3.06876586E8	349.63157894736844
3.06879498E8	362.6666666666667
3.068824045E8	0.0
3.068853035E8	381.20388349514565
3.06888198E8	19.0
3.0689109E8	19.0
3.068939665E8	272.6666666666667
3.06896809E8	134.5
3.068996235E8	125.75
3.069024245E8	372.672131147541
3.06905212E8	174.6
3.069079905E8	289.8484848484849
3.069107675E8	183.85714285714286
3.06913543E8	330.8235294117647
3.06916313E8	0.0
3.06919067E8	357.2705627705628
3.069218095E8	365.33223684210526
3.069245455E8	386.3783783783784
3.06927266E8	390.79510703363917
3.06929975E8	338.87719298245617
3.069326695E8	19.333333333333332
3.069353465E8	363.92413793103447
3.06938016E8	149.33333333333334
3.06940674E8	363.90816326530614
3.06943317E8	344.0609756097561
3.069459505E8	72.33333333333333
3.069485655E8	330.9137055837563
3.06951153E8	232.14285714285714
3.069537225E8	402.6235294117647
3.069562725E8	0.0
3.069587885E8	0.0
3.069612825E8	342.65507246376814
3.069637735E8	358.40637450199205
3.0696626E8	361.0055710306407
3.06968739E8	331.60747663551405
3.06971213E8	0.0
3.06973672E8	19.75
3.069761095E8	475.0
3.06978536E8	348.34375
3.0698095E8	269.0
3.06983354E8	169.0
3.06985755E8	339.7368421052632
3.06988152E8	213.0
3.06990543E8	349.49076517150394
3.069929255E8	504.0
3.069953025E8	307.0
3.069976725E8	324.1112359550562
3.070000295E8	306.1111111111111
3.07002367E8	0.0
3.07004687E8	19.0
3.070070005E8	19.0
3.070093035E8	0.0
3.070115925E8	22.0
3.07013868E8	383.26666666666665
3.07016134E8	384.71355060034307
3.07018396E8	315.0
3.07020655E8	0.0
3.070229135E8	0.0
3.0702516E8	341.46153846153845
3.07027389E8	406.3333333333333
3.0702961E8	359.426267281106
3.070318285E8	362.8345323741007
3.070340435E8	206.25
3.070362525E8	370.0
3.07038456E8	339.3666666666667
3.07040653E8	19.0
3.0704284E8	266.9166666666667
3.070450185E8	274.80120481927713
3.07047178E8	348.96153846153845
3.0704932E8	19.0
3.07051452E8	341.8666666666667
3.070535745E8	0.0
3.07055696E8	275.0377358490566
3.07057816E8	344.4516129032258
3.07059934E8	0.0
3.0706204E8	0.0
3.070641345E8	20.0
3.07066228E8	318.5625
3.070683165E8	0.0
3.070704E8	0.0
3.07072481E8	371.6195679165632
3.07074558E8	207.5
3.070766325E8	0.0
3.070787045E8	310.8205128205128
3.07080772E8	241.125
3.070828335E8	273.5357142857143
3.07084889E8	0.0
3.07086942E8	132.0
3.07088987E8	20.0
3.070910185E8	191.375
3.07093044E8	329.6164383561644
3.07095069E8	329.2015503875969
3.07097091E8	344.21875
3.07099108E8	585.5
3.071011185E8	274.72222222222223
3.07103122E8	0.0
3.071051185E8	317.258064516129
3.071071095E8	341.1617647058824
3.071090915E8	321.9366197183099
3.07111059E8	0.0
3.071130195E8	0.0
3.07114979E8	368.7142857142857
3.07116933E8	337.7932960893855
3.071188785E8	351.5
3.071208195E8	400.3333333333333
3.07122752E8	0.0
3.071246735E8	383.47457627118644
3.071265845E8	0.0
3.07128479E8	0.0
3.07130355E8	0.0
3.07132213E8	72.4
3.071340475E8	19.0
3.07135863E8	362.05
3.071376725E8	371.41269841269843
3.07139478E8	300.68
3.07141279E8	19.0
3.071430775E8	0.0
3.07144871E8	230.0
3.071466595E8	0.0
3.07148442E8	347.07272727272726
3.07150216E8	140.44444444444446
3.071519825E8	0.0
3.071537425E8	373.0
3.071554995E8	419.0
3.071572545E8	19.0
3.07159008E8	19.0
3.071607605E8	21.0
3.071625115E8	100.22222222222223
3.07164259E8	0.0
3.07165998E8	0.0
3.071677295E8	0.0
3.07169459E8	459.0
3.07171187E8	236.02962962962962
3.07172911E8	202.3510140405616
3.071746285E8	333.05263157894734
3.071763405E8	432.0
3.0717805E8	20.0
3.07179757E8	227.66666666666666
3.0718146E8	149.0
3.07183154E8	0.0
3.071848325E8	0.0
3.071864995E8	262.2530120481928
3.07188158E8	354.5508474576271
3.07189806E8	218.89583333333334
3.07191447E8	341.1
3.071930855E8	0.0
3.07194713E8	338.8048411497731
3.07196327E8	324.1578947368421
3.071979365E8	298.56410256410254
3.07199539E8	170.28571428571428
3.07201133E8	0.0
3.072027235E8	0.0
3.072043025E8	128.5
3.07205867E8	120.0
3.07207427E8	20.0
3.07208982E8	351.0
3.072105315E8	0.0
3.07212076E8	334.531914893617
3.072136115E8	0.0
3.072151395E8	346.2608695652174
3.072166655E8	397.8217821782178
3.07218189E8	0.0
3.07219709E8	0.0
3.07221218E8	0.0
3.072227155E8	0.0
3.072242065E8	246.0
3.07225692E8	0.0
3.072271765E8	282.8728323699422
3.07228659E8	336.80645161290323
3.072301395E8	0.0
3.072316155E8	20.0
3.072330835E8	0.0
3.0723454E8	371.7125
3.072359815E8	319.32835820895525
3.072374155E8	0.0
3.07238849E8	358.3783783783784
3.072402775E8	0.0
3.072416995E8	328.6744186046512
3.072431125E8	347.29411764705884
3.072445175E8	244.66666666666666
3.07245921E8	0.0
3.07247322E8	0.0
3.072487205E8	20.0
3.072501165E8	334.5
3.072515085E8	339.53846153846155
3.072528945E8	389.0
3.07254274E8	307.85714285714283
3.072556495E8	273.8205128205128
3.072570195E8	389.0857142857143
3.07258382E8	332.75
3.07259739E8	0.0
3.072610935E8	0.0
3.072624475E8	272.7313432835821
3.072637995E8	353.68518518518516
3.07265146E8	21.666666666666668
3.072664865E8	353.6818181818182
3.072678185E8	0.0
3.072691435E8	0.0
3.072704615E8	161.2
3.07271773E8	358.19117647058823
3.072730825E8	320.2608695652174
3.072743855E8	168.0
3.072756825E8	333.45
3.072769735E8	420.0
3.07278257E8	20.5
3.07279535E8	0.0
3.07280808E8	0.0
3.07282078E8	351.3333333333333
3.07283345E8	251.7826086956522
3.072846035E8	276.0
3.072858485E8	0.0
3.072870805E8	335.75
3.07288306E8	259.15384615384613
3.072895305E8	19.0
3.0729075E8	0.0
3.072919625E8	0.0
3.0729317E8	162.5
3.072943745E8	0.0
3.07295576E8	0.0
3.07296769E8	342.2857142857143
3.072979505E8	25.0
3.072991265E8	0.0
3.073002965E8	0.0
3.0730146E8	0.0
3.0730262E8	312.2142857142857
3.073037765E8	0.0
3.073049325E8	113.0
3.073060875E8	68.5
3.07307234E8	466.0
3.073083675E8	0.0
3.0730949E8	0.0
3.07310606E8	249.47297297297297
3.073117205E8	0.0
3.07312834E8	306.2121212121212
3.07313946E8	0.0
3.07315057E8	0.0
3.073161665E8	263.6
3.07317273E8	304.2
3.073183765E8	233.58333333333334
3.073194775E8	143.7391304347826
3.073205775E8	505.5
3.07321677E8	0.0
3.073227755E8	20.0
3.073238735E8	332.625
3.07324967E8	322.9125
3.07326045E8	19.5
3.07327112E8	194.0
3.07328175E8	0.0
3.07329233E8	186.53164556962025
3.073302885E8	277.27659574468083
3.0733134E8	347.5933147632312
3.07332388E8	377.3333333333333
3.073334315E8	0.0
3.073344645E8	0.0
3.073354855E8	210.0
3.073365005E8	129.0
3.07337512E8	19.0
3.07338521E8	0.0
3.07339524E8	247.3125
3.073405195E8	0.0
3.073415095E8	191.83333333333334
3.073424955E8	0.0
3.07343481E8	0.0
3.07344466E8	129.0
3.07345449E8	173.0
3.0734643E8	0.0
3.073474095E8	0.0
3.073483845E8	19.0
3.073493565E8	0.0
3.07350326E8	228.4
3.073512895E8	0.0
3.07352248E8	0.0
3.07353193E8	388.00847457627117
3.07354126E8	0.0
3.073550565E8	0.0
3.073559835E8	0.0
3.073569075E8	0.0
3.073578275E8	0.0
3.073587445E8	0.0
3.07359658E8	19.0
3.07360568E8	460.2
3.07361477E8	0.0
3.073623815E8	0.0
3.0736328E8	19.0
3.073641745E8	19.0
3.073650655E8	0.0
3.07365955E8	20.0
3.073668425E8	0.0
3.07367728E8	0.0
3.07368608E8	0.0
3.073694805E8	19.0
3.0737035E8	335.7977528089888
3.073712185E8	0.0
3.07372084E8	263.5121951219512
3.073729445E8	0.0
3.07373801E8	158.19230769230768
3.07374652E8	0.0
3.07375497E8	267.84
3.07376337E8	365.75
3.07377173E8	359.3333333333333
3.073780065E8	284.48837209302326
3.07378836E8	0.0
3.073796625E8	19.0
3.07380485E8	204.4090909090909
3.073812975E8	240.57142857142858
3.073821025E8	440.0
3.073829055E8	0.0
3.07383704E8	0.0
3.073844975E8	275.0
3.073852875E8	138.0
3.07386072E8	285.1388888888889
3.07386853E8	0.0
3.073876335E8	19.25
3.07388411E8	260.1666666666667
3.073891845E8	0.0
3.073899525E8	239.6
3.073907155E8	0.0
3.073914765E8	19.0
3.073922355E8	19.0
3.07392992E8	0.0
3.073937465E8	0.0
3.073944975E8	0.0
3.073952445E8	0.0
3.073959905E8	0.0
3.073967355E8	0.0
3.073974755E8	0.0
3.073982085E8	355.0
3.07398938E8	0.0
3.07399665E8	0.0
3.074003845E8	0.0
3.074010975E8	0.0
3.07401809E8	160.0
3.074025195E8	0.0
3.074032295E8	0.0
3.074039365E8	0.0
3.0740464E8	0.0
3.0740534E8	0.0
3.074060365E8	0.0
3.07406728E8	65.0
3.07407414E8	0.0
3.07408095E8	0.0
3.07408771E8	0.0
3.074094455E8	0.0
3.07410119E8	0.0
3.07410791E8	0.0
3.074114535E8	0.0
3.074121015E8	0.0
3.07412743E8	464.90909090909093
3.07413383E8	0.0
3.07414021E8	0.0
3.07414658E8	0.0
3.07415294E8	0.0
3.074159275E8	0.0
3.074165575E8	0.0
3.07417184E8	0.0
3.074178075E8	22.0
3.074184285E8	0.0
3.07419046E8	0.0
3.074196585E8	0.0
3.07420267E8	383.6666666666667
3.07420871E8	19.0
3.07421472E8	0.0
3.074220725E8	0.0
3.07422671E8	0.0
3.074232665E8	205.2
3.074238595E8	0.0
3.074244515E8	0.0
3.07425042E8	163.66666666666666
3.074256305E8	0.0
3.074262165E8	0.0
3.074268005E8	0.0
3.074273815E8	136.0
3.074279595E8	266.4140127388535
3.07428537E8	19.0
3.07429113E8	0.0
3.074296855E8	0.0
3.07430254E8	0.0
3.07430819E8	0.0
3.074313815E8	0.0
3.074319415E8	0.0
3.07432497E8	371.3333333333333
3.074330485E8	0.0
3.074335975E8	0.0
3.074341455E8	167.72
3.07434693E8	0.0
3.0743524E8	0.0
3.074357865E8	216.0
3.074363325E8	0.0
3.07436878E8	0.0
3.07437422E8	0.0
3.07437964E8	0.0
3.07438504E8	182.125
3.074390425E8	154.67670364500793
3.07439579E8	0.0
3.074401125E8	0.0
3.07440644E8	47.0
3.07441174E8	112.0
3.074417025E8	0.0
3.07442227E8	0.0
3.07442747E8	0.0
3.07443264E8	191.78452380952382
3.074437785E8	0.0
3.0744429E8	0.0
3.07444798E8	256.5
3.074453045E8	0.0
3.0744581E8	0.0
3.074463125E8	58.0
3.07446812E8	203.51126346718902
3.074473085E8	0.0
3.074478015E8	0.0
3.074482925E8	0.0
3.074487815E8	0.0
3.07449269E8	19.0
3.074497555E8	0.0
3.07450239E8	0.0
3.0745072E8	0.0
3.07451198E8	0.0
3.074516695E8	19.5
3.074521375E8	0.0
3.074526035E8	0.0
3.07453067E8	156.0
3.07453528E8	0.0
3.07453982E8	0.0
3.074544305E8	0.0
3.074548775E8	0.0
3.07455321E8	0.0
3.074557615E8	0.0
3.07456201E8	19.0
3.07456637E8	20.0
3.0745707E8	19.0
3.07457503E8	0.0
3.07457932E8	0.0
3.07458353E8	0.0
3.0745877E8	0.0
3.07459185E8	0.0
3.074595975E8	123.0
3.07460009E8	0.0
3.07460419E8	137.0
3.074608275E8	20.0
3.07461234E8	0.0
3.07461637E8	0.0
3.07462037E8	0.0
3.07462436E8	0.0
3.074628295E8	0.0
3.074632175E8	0.0
3.07463604E8	0.0
3.074639885E8	0.0
3.074643725E8	0.0
3.07464756E8	151.0
3.074651385E8	292.5
3.0746552E8	0.0
3.074659E8	0.0
3.074662785E8	0.0
3.07466655E8	219.5
3.07467028E8	0.0
3.07467397E8	0.0
3.07467764E8	0.0
3.074681295E8	0.0
3.074684925E8	0.0
3.074688535E8	0.0
3.074692125E8	192.33333333333334
3.07469565E8	121.6875
3.0746991E8	0.0
3.07470252E8	0.0
3.074705915E8	0.0
3.07470929E8	0.0
3.07471266E8	0.0
3.07471601E8	0.0
3.07471933E8	180.5
3.074722625E8	0.0
3.0747259E8	0.0
3.07472917E8	0.0
3.074732435E8	0.0
3.07473569E8	0.0
3.07473894E8	0.0
3.07474218E8	0.0
3.07474541E8	0.0
3.07474863E8	0.0
3.074751825E8	0.0
3.074754995E8	0.0
3.074758155E8	0.0
3.0747613E8	0.0
3.074764425E8	0.0
3.074767535E8	0.0
3.07477063E8	0.0
3.07477372E8	0.0
3.074776785E8	0.0
3.074779805E8	0.0
3.0747828E8	0.0
3.074785785E8	0.0
3.07478873E8	0.0
3.074791635E8	146.42857142857142
3.074794525E8	0.0
3.07479739E8	0.0
3.07480024E8	0.0
3.074803065E8	0.0
3.074805865E8	0.0
3.07480866E8	0.0
3.07481141E8	0.0
3.07481412E8	0.0
3.074816825E8	0.0
3.0748195E8	0.0
3.07482213E8	0.0
3.074824735E8	0.0
3.074827325E8	0.0
3.074829885E8	0.0
3.074832415E8	52.0
3.074834925E8	0.0
3.07483741E8	0.0
3.07483986E8	0.0
3.07484227E8	0.0
3.07484466E8	0.0
3.07484705E8	0.0
3.07484943E8	0.0
3.074851795E8	0.0
3.074854115E8	0.0
3.07485639E8	0.0
3.074858655E8	121.0
3.074860915E8	19.0
3.074863175E8	0.0
3.07486542E8	0.0
3.07486762E8	0.0
3.074869785E8	0.0
3.074871945E8	0.0
3.07487409E8	0.0
3.07487621E8	0.0
3.0748783E8	0.0
3.074880335E8	0.0
3.07488232E8	0.0
3.07488428E8	0.0
3.074886225E8	0.0
3.0748881E8	0.0
3.07488991E8	0.0
3.07489172E8	0.0
3.07489351E8	0.0
3.074895275E8	0.0
3.07489703E8	0.0
3.07489878E8	0.0
3.07490053E8	0.0
3.074902265E8	0.0
3.07490395E8	0.0
3.074905575E8	0.0
3.074907135E8	0.0
3.07490864E8	0.0
3.07491012E8	0.0
3.074911565E8	0.0
3.07491297E8	0.0
3.074914355E8	0.0
3.074915695E8	0.0
3.074916995E8	0.0
3.074918285E8	0.0
3.074919565E8	0.0
3.07492084E8	0.0
3.07492211E8	0.0
3.07492338E8	0.0
3.074924645E8	0.0
3.074925885E8	0.0
3.074927095E8	0.0
3.074928275E8	0.0
3.074929365E8	0.0
3.074930385E8	0.0
3.074931395E8	0.0
3.07493239E8	0.0
3.07493338E8	0.0
3.07493436E8	0.0
3.07493525E8	0.0
3.074936035E8	0.0
3.07493678E8	0.0
3.074937455E8	0.0
3.07493806E8	0.0
