#Insert size (bp)	insert size
2.0	1049.0
3.0	1033.0
4.0	996.0
5.0	1007.0
6.0	1039.0
7.0	1020.0
8.0	1102.0
9.0	1062.0
10.0	1067.0
11.0	1120.0
12.0	1130.0
13.0	1110.0
14.0	1232.0
15.0	1221.0
16.0	1272.0
17.0	1313.0
18.0	1376.0
19.0	90419.0
20.0	46719.0
21.0	20840.0
22.0	10645.0
23.0	6353.0
24.0	4149.0
25.0	3854.0
26.0	3612.0
27.0	3085.0
28.0	2921.0
29.0	2911.0
30.0	2934.0
31.0	2959.0
32.0	2983.0
33.0	2964.0
34.0	2799.0
35.0	3342.0
36.0	3143.0
37.0	2995.0
38.0	3235.0
39.0	3214.0
40.0	3426.0
41.0	3333.0
42.0	3180.0
43.0	3152.0
44.0	3524.0
45.0	3478.0
46.0	3290.0
47.0	3599.0
48.0	3653.0
49.0	3581.0
50.0	3869.0
51.0	3999.0
52.0	3700.0
53.0	3984.0
54.0	3803.0
55.0	4074.0
56.0	4248.0
57.0	4669.0
58.0	4217.0
59.0	4246.0
60.0	4359.0
61.0	4270.0
62.0	4493.0
63.0	4472.0
64.0	4672.0
65.0	4805.0
66.0	4899.0
67.0	5605.0
68.0	5426.0
69.0	5606.0
70.0	5778.0
71.0	6129.0
72.0	5937.0
73.0	6070.0
74.0	6256.0
75.0	6493.0
76.0	6369.0
77.0	6585.0
78.0	6350.0
79.0	6620.0
80.0	6946.0
81.0	6865.0
82.0	7056.0
83.0	7097.0
84.0	7326.0
85.0	7186.0
86.0	7188.0
87.0	7462.0
88.0	7724.0
89.0	7830.0
90.0	7856.0
91.0	8129.0
92.0	8244.0
93.0	8119.0
94.0	8170.0
95.0	8472.0
96.0	8783.0
97.0	8839.0
98.0	9153.0
99.0	9244.0
100.0	9359.0
101.0	9719.0
102.0	9901.0
103.0	9818.0
104.0	10314.0
105.0	10606.0
106.0	10576.0
107.0	10988.0
108.0	11106.0
109.0	11384.0
110.0	11524.0
111.0	11855.0
112.0	12301.0
113.0	12999.0
114.0	13524.0
115.0	14361.0
116.0	15475.0
117.0	17311.0
118.0	36193.0
119.0	37908.0
120.0	39018.0
121.0	40098.0
122.0	41321.0
123.0	41735.0
124.0	42838.0
125.0	43752.0
126.0	44432.0
127.0	45792.0
128.0	46802.0
129.0	48392.0
130.0	48796.0
131.0	50159.0
132.0	51514.0
133.0	52049.0
134.0	53396.0
135.0	53995.0
136.0	54623.0
137.0	55839.0
138.0	56796.0
139.0	57656.0
140.0	59115.0
141.0	60325.0
142.0	61557.0
143.0	62336.0
144.0	63011.0
145.0	64019.0
146.0	64885.0
147.0	65424.0
148.0	65396.0
149.0	67010.0
150.0	67716.0
151.0	67976.0
152.0	69056.0
153.0	69919.0
154.0	70389.0
155.0	71046.0
156.0	71290.0
157.0	71710.0
158.0	72471.0
159.0	72517.0
160.0	72675.0
161.0	73323.0
162.0	73324.0
163.0	74351.0
164.0	74128.0
165.0	74424.0
166.0	74861.0
167.0	74962.0
168.0	75122.0
169.0	74672.0
170.0	75577.0
171.0	74964.0
172.0	75161.0
173.0	74875.0
174.0	74293.0
175.0	74574.0
176.0	75027.0
177.0	75840.0
178.0	75305.0
179.0	75985.0
180.0	75820.0
181.0	75743.0
182.0	76506.0
183.0	76357.0
184.0	76292.0
185.0	75631.0
186.0	75321.0
187.0	75230.0
188.0	75432.0
189.0	75298.0
190.0	74136.0
191.0	74510.0
192.0	73494.0
193.0	73527.0
194.0	73164.0
195.0	72626.0
196.0	72175.0
197.0	72097.0
198.0	71601.0
199.0	71206.0
200.0	70915.0
201.0	70352.0
202.0	70002.0
203.0	69504.0
204.0	69306.0
205.0	68875.0
206.0	68536.0
207.0	67751.0
208.0	67910.0
209.0	67129.0
210.0	66604.0
211.0	66466.0
212.0	65573.0
213.0	64946.0
214.0	64802.0
215.0	64676.0
216.0	63827.0
217.0	63879.0
218.0	63279.0
219.0	62825.0
220.0	62571.0
221.0	61719.0
222.0	61432.0
223.0	61418.0
224.0	60588.0
225.0	60187.0
226.0	60016.0
227.0	59708.0
228.0	59031.0
229.0	58566.0
230.0	58014.0
231.0	57858.0
232.0	57045.0
233.0	57038.0
234.0	56631.0
235.0	55952.0
236.0	55871.0
237.0	55352.0
238.0	54450.0
239.0	54379.0
240.0	54361.0
241.0	53793.0
242.0	53308.0
243.0	52971.0
244.0	52477.0
245.0	51915.0
246.0	51568.0
247.0	51235.0
248.0	51030.0
249.0	50726.0
250.0	50642.0
251.0	50346.0
252.0	50157.0
253.0	49622.0
254.0	49441.0
255.0	48710.0
256.0	48864.0
257.0	48072.0
258.0	47764.0
259.0	47941.0
260.0	47060.0
261.0	47242.0
262.0	47106.0
263.0	46626.0
264.0	46478.0
265.0	45737.0
266.0	45477.0
267.0	45726.0
268.0	45057.0
269.0	45398.0
270.0	44293.0
271.0	44462.0
272.0	43621.0
273.0	43646.0
274.0	43659.0
275.0	43168.0
276.0	43139.0
277.0	42721.0
278.0	42821.0
279.0	42589.0
280.0	41872.0
281.0	41993.0
282.0	41135.0
283.0	41542.0
284.0	41376.0
285.0	40706.0
286.0	40369.0
287.0	40470.0
288.0	40153.0
289.0	40104.0
290.0	40058.0
291.0	39632.0
292.0	39593.0
293.0	39272.0
294.0	39342.0
295.0	38866.0
296.0	38695.0
297.0	38467.0
298.0	38418.0
299.0	38249.0
300.0	37838.0
301.0	37465.0
302.0	37533.0
303.0	37596.0
304.0	37080.0
305.0	37176.0
306.0	37053.0
307.0	36257.0
308.0	36183.0
309.0	36467.0
310.0	35913.0
311.0	36271.0
312.0	35607.0
313.0	35535.0
314.0	35537.0
315.0	35338.0
316.0	35357.0
317.0	34738.0
318.0	35198.0
319.0	34405.0
320.0	34523.0
321.0	34133.0
322.0	34322.0
323.0	34275.0
324.0	33835.0
325.0	33812.0
326.0	33824.0
327.0	33659.0
328.0	33542.0
329.0	33142.0
330.0	33275.0
331.0	32985.0
332.0	32939.0
333.0	33135.0
334.0	32605.0
335.0	32758.0
336.0	32417.0
337.0	32561.0
338.0	32103.0
339.0	31842.0
340.0	32086.0
341.0	32176.0
342.0	31772.0
343.0	32093.0
344.0	31813.0
345.0	31424.0
346.0	31194.0
347.0	31131.0
348.0	30977.0
349.0	31266.0
350.0	31116.0
351.0	30752.0
352.0	30730.0
353.0	30769.0
354.0	30635.0
355.0	30491.0
356.0	30607.0
357.0	30573.0
358.0	30324.0
359.0	30268.0
360.0	30072.0
361.0	30361.0
362.0	29969.0
363.0	30310.0
364.0	30221.0
365.0	29994.0
366.0	29992.0
367.0	29942.0
368.0	29937.0
369.0	29973.0
370.0	29960.0
371.0	29941.0
372.0	29978.0
373.0	29737.0
374.0	30024.0
375.0	29811.0
376.0	29900.0
377.0	29846.0
378.0	29907.0
379.0	29824.0
380.0	30111.0
381.0	29556.0
382.0	29922.0
383.0	29678.0
384.0	30584.0
385.0	30211.0
386.0	30539.0
387.0	30704.0
388.0	30675.0
389.0	30413.0
390.0	30993.0
391.0	31144.0
392.0	30917.0
393.0	31340.0
394.0	31399.0
395.0	31131.0
396.0	31314.0
397.0	32202.0
398.0	32195.0
399.0	32421.0
400.0	32475.0
401.0	32404.0
402.0	33081.0
403.0	32862.0
404.0	33630.0
405.0	33797.0
406.0	33859.0
407.0	34264.0
408.0	34525.0
409.0	34443.0
410.0	34445.0
411.0	35146.0
412.0	35526.0
413.0	35536.0
414.0	36056.0
415.0	36293.0
416.0	36697.0
417.0	37092.0
418.0	37741.0
419.0	37976.0
420.0	38050.0
421.0	38562.0
422.0	38508.0
423.0	39291.0
424.0	39549.0
425.0	40268.0
426.0	40398.0
427.0	40408.0
428.0	41139.0
429.0	41553.0
430.0	41667.0
431.0	42064.0
432.0	42318.0
433.0	42904.0
434.0	43484.0
435.0	43815.0
436.0	43895.0
437.0	44718.0
438.0	44922.0
439.0	45594.0
440.0	46309.0
441.0	46334.0
442.0	46793.0
443.0	47026.0
444.0	47259.0
445.0	48256.0
446.0	48555.0
447.0	48963.0
448.0	49578.0
449.0	49972.0
450.0	50241.0
451.0	50716.0
452.0	51147.0
453.0	51980.0
454.0	52638.0
455.0	52298.0
456.0	53312.0
457.0	53188.0
458.0	54151.0
459.0	54232.0
460.0	54748.0
461.0	55105.0
462.0	55522.0
463.0	55682.0
464.0	56484.0
465.0	57030.0
466.0	56997.0
467.0	57853.0
468.0	58029.0
469.0	57939.0
470.0	58653.0
471.0	58947.0
472.0	59463.0
473.0	59770.0
474.0	60381.0
475.0	60623.0
476.0	61654.0
477.0	62168.0
478.0	62098.0
479.0	62557.0
480.0	62732.0
481.0	63641.0
482.0	63482.0
483.0	64303.0
484.0	64512.0
485.0	64853.0
486.0	65482.0
487.0	66422.0
488.0	66861.0
489.0	67095.0
490.0	67608.0
491.0	67793.0
492.0	68154.0
493.0	68355.0
494.0	69373.0
495.0	69235.0
496.0	69885.0
497.0	70561.0
498.0	71446.0
499.0	71317.0
500.0	71833.0
501.0	72035.0
502.0	72978.0
503.0	72635.0
504.0	73246.0
505.0	73756.0
506.0	73321.0
507.0	73501.0
508.0	74347.0
509.0	74827.0
510.0	74861.0
511.0	74878.0
512.0	74661.0
513.0	75408.0
514.0	75306.0
515.0	75562.0
516.0	76032.0
517.0	75485.0
518.0	75847.0
519.0	75770.0
520.0	76061.0
521.0	75622.0
522.0	76456.0
523.0	75523.0
524.0	76324.0
525.0	75984.0
526.0	76387.0
527.0	75748.0
528.0	76232.0
529.0	75467.0
530.0	75959.0
531.0	74766.0
532.0	75223.0
533.0	74973.0
534.0	74693.0
535.0	74584.0
536.0	73735.0
537.0	72999.0
538.0	72326.0
539.0	71726.0
540.0	70936.0
541.0	70156.0
542.0	69557.0
543.0	68795.0
544.0	68528.0
545.0	67504.0
546.0	67609.0
547.0	66615.0
548.0	65916.0
549.0	65369.0
550.0	64889.0
551.0	64244.0
552.0	63674.0
553.0	62716.0
554.0	61424.0
555.0	61067.0
556.0	60098.0
557.0	59418.0
558.0	58320.0
559.0	57569.0
560.0	56333.0
561.0	55363.0
562.0	54724.0
563.0	53720.0
564.0	52788.0
565.0	51774.0
566.0	50804.0
567.0	49384.0
568.0	48347.0
569.0	47239.0
570.0	46320.0
571.0	45763.0
572.0	44304.0
573.0	43081.0
574.0	42235.0
575.0	41298.0
576.0	40125.0
577.0	39236.0
578.0	38039.0
579.0	36693.0
580.0	35859.0
581.0	34788.0
582.0	33763.0
583.0	32807.0
584.0	31822.0
585.0	31044.0
586.0	29684.0
587.0	28988.0
588.0	28033.0
589.0	27067.0
590.0	26227.0
591.0	25313.0
592.0	24346.0
593.0	23513.0
594.0	22632.0
595.0	21838.0
596.0	21004.0
597.0	20258.0
598.0	19227.0
599.0	18621.0
600.0	18070.0
601.0	17181.0
602.0	16500.0
603.0	15826.0
604.0	15265.0
605.0	14702.0
606.0	13997.0
607.0	13240.0
608.0	12899.0
609.0	12323.0
610.0	11673.0
611.0	10996.0
612.0	10526.0
613.0	10093.0
614.0	9765.0
615.0	9200.0
616.0	8700.0
617.0	8340.0
618.0	8163.0
619.0	7682.0
620.0	7193.0
621.0	6861.0
622.0	6433.0
623.0	6131.0
624.0	5778.0
625.0	5517.0
626.0	5276.0
627.0	5015.0
628.0	4907.0
629.0	4616.0
630.0	4443.0
631.0	4266.0
632.0	4118.0
633.0	3900.0
634.0	3869.0
635.0	3556.0
636.0	3486.0
637.0	3250.0
638.0	3246.0
639.0	3090.0
640.0	2971.0
641.0	2906.0
642.0	2821.0
643.0	2756.0
644.0	2687.0
645.0	2710.0
646.0	2504.0
647.0	2572.0
648.0	2427.0
649.0	2373.0
650.0	2260.0
651.0	2094.0
652.0	1983.0
653.0	2064.0
654.0	1919.0
655.0	1931.0
656.0	1854.0
657.0	1847.0
658.0	1787.0
659.0	1809.0
660.0	1807.0
661.0	1832.0
662.0	1782.0
663.0	1694.0
664.0	1700.0
665.0	1758.0
666.0	1757.0
667.0	1645.0
668.0	1653.0
669.0	1770.0
670.0	1662.0
671.0	1688.0
672.0	1691.0
673.0	1705.0
674.0	1630.0
675.0	1682.0
676.0	1639.0
677.0	1676.0
678.0	1573.0
679.0	1593.0
680.0	1556.0
681.0	1574.0
682.0	1508.0
683.0	1612.0
684.0	1584.0
685.0	1564.0
686.0	1556.0
687.0	1529.0
688.0	1525.0
689.0	1561.0
690.0	1517.0
691.0	1533.0
692.0	1461.0
693.0	1484.0
694.0	1479.0
695.0	1446.0
696.0	1515.0
697.0	1476.0
698.0	1376.0
699.0	1464.0
700.0	1489.0
701.0	1485.0
702.0	1461.0
703.0	1353.0
704.0	1465.0
705.0	1373.0
706.0	1402.0
707.0	1437.0
708.0	1389.0
709.0	1449.0
710.0	1363.0
711.0	1325.0
712.0	1386.0
713.0	1394.0
714.0	1350.0
715.0	1399.0
716.0	1386.0
717.0	1313.0
718.0	1291.0
719.0	1319.0
720.0	1357.0
721.0	1327.0
722.0	1337.0
723.0	1378.0
724.0	1301.0
725.0	1287.0
726.0	1258.0
727.0	1299.0
728.0	1342.0
729.0	1235.0
730.0	1243.0
731.0	1252.0
732.0	1255.0
733.0	1312.0
734.0	1194.0
735.0	1228.0
736.0	1168.0
737.0	1131.0
738.0	1174.0
739.0	1102.0
740.0	1135.0
741.0	1055.0
742.0	1092.0
743.0	1124.0
744.0	1079.0
745.0	1092.0
746.0	1152.0
747.0	1089.0
748.0	1131.0
749.0	1086.0
750.0	1041.0
751.0	1072.0
752.0	1075.0
753.0	984.0
754.0	1023.0
755.0	1101.0
756.0	1016.0
757.0	976.0
758.0	986.0
759.0	1028.0
760.0	1075.0
761.0	1040.0
762.0	1082.0
763.0	1033.0
764.0	1013.0
765.0	1048.0
766.0	1026.0
767.0	1041.0
768.0	971.0
769.0	1006.0
770.0	1022.0
771.0	1042.0
772.0	1004.0
773.0	970.0
774.0	965.0
775.0	921.0
776.0	964.0
777.0	983.0
778.0	977.0
779.0	947.0
780.0	939.0
781.0	936.0
782.0	927.0
783.0	946.0
784.0	929.0
785.0	891.0
786.0	968.0
787.0	942.0
788.0	930.0
789.0	911.0
790.0	909.0
791.0	948.0
792.0	934.0
793.0	929.0
794.0	900.0
795.0	910.0
796.0	900.0
797.0	927.0
798.0	895.0
799.0	971.0
800.0	897.0
801.0	864.0
802.0	947.0
803.0	916.0
804.0	907.0
805.0	873.0
806.0	886.0
807.0	913.0
808.0	837.0
809.0	853.0
810.0	850.0
811.0	857.0
812.0	816.0
813.0	818.0
814.0	809.0
815.0	790.0
816.0	770.0
817.0	805.0
818.0	771.0
819.0	820.0
820.0	778.0
821.0	797.0
822.0	846.0
823.0	855.0
824.0	781.0
825.0	763.0
826.0	778.0
827.0	792.0
828.0	767.0
829.0	741.0
830.0	763.0
831.0	740.0
832.0	807.0
833.0	710.0
834.0	799.0
835.0	768.0
836.0	738.0
837.0	744.0
838.0	797.0
839.0	755.0
840.0	732.0
841.0	738.0
842.0	677.0
843.0	761.0
844.0	761.0
845.0	782.0
846.0	806.0
847.0	771.0
848.0	767.0
849.0	788.0
850.0	705.0
851.0	737.0
852.0	772.0
853.0	716.0
854.0	754.0
855.0	733.0
856.0	700.0
857.0	719.0
858.0	755.0
859.0	734.0
860.0	684.0
861.0	765.0
862.0	736.0
863.0	759.0
864.0	728.0
865.0	678.0
866.0	761.0
867.0	752.0
868.0	690.0
869.0	703.0
870.0	770.0
871.0	715.0
872.0	721.0
873.0	700.0
874.0	630.0
875.0	668.0
876.0	643.0
877.0	650.0
878.0	661.0
879.0	572.0
880.0	636.0
881.0	653.0
882.0	605.0
883.0	632.0
884.0	602.0
885.0	679.0
886.0	623.0
887.0	585.0
888.0	599.0
889.0	618.0
890.0	583.0
891.0	597.0
892.0	591.0
893.0	627.0
894.0	609.0
895.0	573.0
896.0	612.0
897.0	584.0
898.0	617.0
899.0	552.0
900.0	602.0
901.0	609.0
902.0	684.0
903.0	581.0
904.0	591.0
905.0	562.0
906.0	597.0
907.0	598.0
908.0	620.0
909.0	606.0
910.0	588.0
911.0	620.0
912.0	592.0
913.0	604.0
914.0	594.0
915.0	590.0
916.0	527.0
917.0	554.0
918.0	572.0
919.0	538.0
920.0	541.0
921.0	633.0
922.0	575.0
923.0	572.0
924.0	523.0
925.0	563.0
926.0	572.0
927.0	560.0
928.0	596.0
929.0	541.0
930.0	478.0
931.0	517.0
932.0	516.0
933.0	495.0
934.0	524.0
935.0	504.0
936.0	472.0
937.0	508.0
938.0	462.0
939.0	440.0
940.0	474.0
941.0	479.0
942.0	446.0
943.0	438.0
944.0	465.0
945.0	482.0
946.0	510.0
947.0	470.0
948.0	472.0
949.0	468.0
950.0	444.0
951.0	421.0
952.0	435.0
953.0	446.0
954.0	445.0
955.0	439.0
956.0	451.0
957.0	506.0
958.0	448.0
959.0	481.0
960.0	488.0
961.0	415.0
962.0	428.0
963.0	496.0
964.0	449.0
965.0	475.0
966.0	484.0
967.0	453.0
968.0	461.0
969.0	428.0
970.0	439.0
971.0	409.0
972.0	454.0
973.0	443.0
974.0	440.0
975.0	457.0
976.0	467.0
977.0	463.0
978.0	447.0
979.0	457.0
980.0	396.0
981.0	438.0
982.0	470.0
983.0	440.0
984.0	396.0
985.0	419.0
986.0	404.0
987.0	382.0
988.0	366.0
989.0	371.0
990.0	383.0
991.0	385.0
992.0	362.0
993.0	377.0
994.0	341.0
995.0	395.0
996.0	386.0
997.0	389.0
998.0	374.0
999.0	357.0
1000.0	363.0
1001.0	359.0
1002.0	373.0
1003.0	372.0
1004.0	362.0
1005.0	358.0
1006.0	362.0
1007.0	363.0
1008.0	390.0
