# Position (bp)	A	C	G	T	N
0.0	33.13670502476327	20.016496118644163	24.442311813943846	22.404487042648714	0.0
1.0	30.566406762620414	18.176400066311587	19.594117389305495	31.6503752438427	0.012700537919807877
2.0	28.974215282981643	19.7797040180883	20.041471184048063	31.198562791718732	0.006046723163266157
3.0	28.634598353495598	20.751124629070937	20.9667426855463	29.646788458940303	7.458729468604016E-4
4.0	29.996819612666574	20.52083104318497	20.57107560267956	28.910699413413514	5.743280553804425E-4
5.0	30.397719071496443	20.277336310430776	20.14878604307028	29.175492661864023	6.659131384716655E-4
6.0	29.86457462325521	20.116879116896953	20.837874569164285	29.180404226960533	2.674637230187611E-4
7.0	29.353680198319594	20.468402125037848	20.048692936924432	30.12879655132027	4.281883978575468E-4
8.0	29.583662714286298	20.267928671293298	20.422293190736486	29.725638951282097	4.764724018228616E-4
9.0	29.780282835788707	20.322829753751076	20.48897287927857	29.40763457378296	2.799573986864934E-4
10.0	29.78657313814772	20.25062306930865	20.479406899568144	29.48330637829945	9.051467603182383E-5
11.0	29.70754931167525	20.308069805005452	20.314783804869897	29.669441391496022	1.5568695337846262E-4
12.0	29.83081879739573	20.272212568744003	20.46389911837835	29.432928451504036	1.4106397787439718E-4
13.0	29.900594025032216	20.17511752911516	20.247988691585174	29.67581991087146	4.7984339598916304E-4
14.0	29.84116917551788	20.191224735845992	20.285596959329833	29.679408996009165	0.00260013329713004
15.0	29.79111958706672	20.228766965617012	20.387686475729446	29.592112587300583	3.143842862350159E-4
16.0	29.85352782535413	20.212553109182103	20.344695813755635	29.588697099101157	5.26152606974665E-4
17.0	29.7393474719395	20.219143529549157	20.399204125561724	29.641964250646573	3.406223030447115E-4
18.0	29.77135698638808	20.25664749793551	20.59287641369508	29.375790394626577	0.003328707354751161
19.0	29.777000972807294	20.272967999530696	20.412918143178626	29.53680322199837	3.096624850179149E-4
20.0	29.717693001903033	20.30637158897803	20.389889874977026	29.58559497042455	4.5056371735713346E-4
21.0	29.64570097568892	20.35912234282797	20.431646166730076	29.562282896815827	0.0012476179372029777
22.0	29.658943221229762	20.357832268225078	20.324119589560606	29.658270619058225	8.343019263326192E-4
23.0	29.68910121092161	20.267678330288593	20.31366371690656	29.72920983789486	3.4690398837919725E-4
24.0	29.684604672908588	20.33626009324597	20.449132331107833	29.52967025987826	3.326428593486369E-4
25.0	29.693311800060858	20.34374470173518	20.351246912036654	29.611412385594505	2.8420057280796656E-4
26.0	29.590023637337776	20.37215949464983	20.384288659207204	29.653068278544982	4.5993026021041755E-4
27.0	29.581993217734677	20.365458006110167	20.509203002715005	29.542700311771647	6.454616685074847E-4
28.0	29.63512064753302	20.360759762554036	20.434213133682423	29.569089530720976	8.169255095427899E-4
29.0	29.64762891821992	20.34981152184245	20.383199086047156	29.618253176746073	0.0011072971443982086
30.0	29.609390161388184	20.40253826925375	20.477016690047684	29.508576067490694	0.0024788118196897983
31.0	29.674324618148056	20.342778093650168	20.37666361775223	29.605423712155254	8.099582942945347E-4
32.0	29.59652555184879	20.37260614156508	20.39371053916438	29.63542812181304	0.0017296456087104205
33.0	29.632165965876283	20.35094835856206	20.471657224424007	29.538508520049838	0.006719931087812177
34.0	29.68330240959452	20.36473953922992	20.392559604174785	29.541525771512745	0.017872675488033386
35.0	29.631763550588907	20.331125837940654	20.36412418557681	29.67249713360515	4.892922884834034E-4
36.0	29.593344097173883	20.40831303257377	20.48041473940042	29.517340363663113	5.87767188814009E-4
37.0	29.64951327941709	20.344918667010013	20.38951575259769	29.615157131898663	8.95169076545619E-4
38.0	29.590378809231332	20.381819700610155	20.394412579888943	29.63278763170676	6.012785628124293E-4
39.0	29.560821406638954	20.40263352758188	20.479796772371994	29.55631686273124	4.31430675927026E-4
40.0	29.62086272986887	20.430349906154476	20.41169716890351	29.536575461067038	5.147340061059685E-4
41.0	29.595438459700237	20.37953127493511	20.37265818937405	29.651909905589463	4.621704011394404E-4
42.0	29.581255115981275	20.430142341083908	20.45732219992472	29.530904733405052	3.7560960504123153E-4
43.0	29.641546521709362	20.378942358285304	20.35613537781578	29.62303231989698	3.4342229257127766E-4
44.0	29.629032421279778	20.37641246727263	20.333664607280504	29.66056566465014	3.2483951694833174E-4
45.0	29.58477458898084	20.399445696145087	20.455130299504553	29.560280169871305	3.6924549821248595E-4
46.0	29.608216910445556	20.412468038098304	20.378100667317092	29.600798965607854	4.1541853119073845E-4
47.0	29.573569837618162	20.358235620647164	20.390144979396315	29.67759298422064	4.56578117713437E-4
48.0	29.605639298633047	20.406245115643824	20.4546897456957	29.533009859955193	4.159800722359624E-4
49.0	29.6371098728701	20.389700256137903	20.363441207164872	29.60862261793522	0.0011260458918979565
50.0	29.607242270378713	20.404705861883496	20.34861283160562	29.636219530807107	0.003219505325061808
51.0	29.571744264089805	20.437128482737943	20.4188448821735	29.57127320564555	0.0010091653532044351
52.0	29.58597287470107	20.4279365389584	20.365776229966208	29.618289191324664	0.002025165049656685
53.0	29.55632015880536	20.383352042377005	20.35245753548901	29.706569478499233	0.0013007848293940048
54.0	29.582845807684304	20.424517941905272	20.400749351051594	29.5912124771387	6.744222201313778E-4
55.0	29.633798817776828	20.412952322558855	20.317833494693232	29.63495299394261	4.6237102847587286E-4
56.0	29.59395921011198	20.40573797434075	20.333002384109054	29.66687261644992	4.278149882921298E-4
57.0	29.598065204415384	20.421315783282658	20.367556709856906	29.612529473537247	5.328289078057116E-4
58.0	29.619686971332932	20.395590243679457	20.328431019070965	29.653684003610426	0.002607762306221678
59.0	29.5911845009094	20.379328718401936	20.317411581868875	29.71151298312703	5.622156927613709E-4
60.0	29.582518379313903	20.415694729185244	20.379791179391983	29.62144991762826	5.457944806019779E-4
61.0	29.611532004613846	20.405190739895794	20.308994624974552	29.673059015063885	0.0012236154519246927
62.0	29.588902226379698	20.39365215073821	20.29280108679972	29.723949338684807	6.95197397560474E-4
63.0	29.581191479095857	20.394095913355525	20.381476904936598	29.64173295856097	0.0015027440510533227
64.0	29.63670263413433	20.37154084344302	20.281071683911726	29.709755943843398	9.288946675265788E-4
65.0	29.604340935283346	20.342570492632426	20.25611121540492	29.792970038981696	0.004007317697612205
66.0	29.607377384366817	20.408085551136388	20.32240943442234	29.661434755368848	6.928747056080527E-4
67.0	29.643120890163075	20.389317298275643	20.286184181396212	29.6810521697199	3.254604451647969E-4
68.0	29.602583682823813	20.354328423500004	20.284697685384998	29.757879017007394	5.111912837918659E-4
69.0	29.590013374861947	20.403454420580953	20.315488938011647	29.68795412622781	0.0030891403176397953
70.0	29.60839204663576	20.394839379864905	20.26036314404314	29.73586604995023	5.393795059652366E-4
71.0	29.660068947999573	20.324129334779325	20.22500760324867	29.78632604895805	0.004468065014379357
72.0	29.652704571366456	20.34693005490797	20.295037110910556	29.70236182316196	0.00296643965305849
73.0	29.68027502257158	20.31913319080508	20.22477809396408	29.774909076070045	9.046165892176716E-4
74.0	29.611376699850016	20.316056965115774	20.22546463622451	29.846832324082722	2.6937472698167827E-4
75.0	29.653699669087864	20.32494147515278	20.261635839218616	29.759394356336234	3.286602045037403E-4
76.0	29.685058520851697	20.345642332255608	20.206729726941195	29.762225363963108	3.440559883948277E-4
77.0	29.667400858925134	20.29856623486646	20.213956390162448	29.819756055535517	3.2046051043694397E-4
78.0	29.641507284410906	20.34651564227066	20.3080357979651	29.703561382125038	3.798932282946647E-4
79.0	29.665585844553956	20.33028438353359	20.218298963493638	29.78536503674612	4.6577167269840986E-4
80.0	29.650821899509367	20.312710850074055	20.228346871555683	29.805472163133494	0.0026482157273998255
81.0	29.658389505755057	20.323126506270906	20.27859211124287	29.739294301587922	5.975751432471451E-4
82.0	29.699913648573904	20.3175110256203	20.19030189255044	29.791046572900225	0.001226860355128084
83.0	29.686791520533877	20.26814327656983	20.17240618000342	29.872014121841417	6.449010514497452E-4
84.0	29.699731686138982	20.309054608243525	20.252063925926432	29.73688477960053	0.002265000090533516
85.0	29.74558139843292	20.273441742236535	20.14918873428642	29.830773348463435	0.0010147765806948544
86.0	29.731731257679794	20.252336423210206	20.15504921859649	29.858737059235267	0.0021460412782437596
87.0	29.69379878146804	20.29369246045647	20.217008533823915	29.792244332036212	0.0032558922153699257
88.0	29.70929645205464	20.28368871748824	20.168160265076867	29.837640326676006	0.0012142387042495672
89.0	29.713513245645878	20.261097447161465	20.142246069568504	29.880449138984083	0.0026940986400718595
90.0	29.7072285603497	20.31608812572705	20.212661698050425	29.76304063202024	9.809838525802997E-4
91.0	29.753064849283533	20.268655161955383	20.144297731705272	29.83079660761075	0.0031856494450648856
92.0	29.746849650034946	20.25958847468152	20.125517457176322	29.867916356328276	1.280617789351663E-4
93.0	29.690565577968215	20.28316637056282	20.18412746272753	29.841852358308728	2.8823043270764695E-4
94.0	29.756580334698707	20.26013548408226	20.109184329789272	29.873966480535234	1.333708945289629E-4
95.0	29.749623233056887	20.22276288531456	20.093074679270718	29.934484251844896	5.495051294180744E-5
96.0	29.73602360110952	20.27338490833651	20.148133494723126	29.842432731304946	2.5264525902328857E-5
97.0	29.79983446883514	20.23808005522238	20.09036816716547	29.8717147529427	2.5558343090443794E-6
98.0	29.78126695390193	20.181053615080874	20.09258211974042	29.945086970083317	1.0341193459040018E-5
99.0	29.75642353150492	20.228732078181938	20.125861382149186	29.88896730950495	1.5698659007465366E-5
100.0	29.788003594605062	20.229625557031028	20.070625671946782	29.911713409795066	3.1766622063682073E-5
101.0	29.82535236789915	20.145122190348427	20.05996228667302	29.969380874445772	1.8228063363428848E-4
102.0	29.774850852556963	20.21774519398711	20.142217809595078	29.861165148236267	0.004020995624581169
103.0	29.75614132418272	20.20602073602684	20.05948876384754	29.97828043967675	6.873626615034182E-5
104.0	29.769477028094126	20.19214318516553	19.990213787986775	30.047943192401167	2.2280635239849229E-4
105.0	29.753890654615034	20.227344724312115	20.012310403842744	30.00645421723011	0.0
106.0	29.818276148764888	20.186146896492765	19.941220229439864	30.054356725302476	0.0
107.0	29.843492613694732	20.102855590745957	19.934536118522033	30.11911567703728	0.0
108.0	29.847775018717993	20.139922654631665	19.97612478708981	30.03617460063873	2.9389217989351934E-6
109.0	29.887578745291616	20.097330043259486	19.908131821873575	30.106959389575323	0.0
110.0	29.84046303526976	20.091657291986206	19.919856953823285	30.148019694586388	3.024334368956151E-6
111.0	29.79049067215012	20.14993164409537	19.984109547283907	30.0754681364706	0.0
112.0	29.86249746055077	20.1168578660479	19.97577787310861	30.044866800292723	0.0
113.0	29.827057954771757	20.094601899136027	19.980316405956255	30.098004710526176	1.9029609787385026E-5
114.0	29.78892857735584	20.13651697506937	20.015192446371977	30.059362001202818	0.0
115.0	29.969760044683646	20.00906895746302	19.96115599311439	30.060015004738943	0.0
116.0	30.128703693211705	19.859754799543776	19.957449917676186	30.054091589568333	0.0
117.0	29.905203975412846	20.05396002514753	19.85329529980107	30.187540699638554	0.0
118.0	29.6580846747114	20.152577778720335	19.827126587915934	30.36221095865233	0.0
119.0	29.635397836913345	20.102911618377114	19.863041390148283	30.39864915456126	0.0
120.0	29.948126600070204	20.237493324569066	19.84508895786053	29.9692911175002	0.0
121.0	30.688846710007816	19.89354035078102	19.228791571579247	30.18881735458743	4.01304448134751E-6
122.0	30.674578154609293	19.74592175482109	18.179010840486008	31.400489250083602	0.0
123.0	26.6451093139655	21.826631745556078	18.24356047879826	33.284698461680165	0.0
124.0	22.336790442063766	22.762259270830327	18.30272182549317	36.59822846161274	0.0
