#Position (bp)	mapping quality
384368.0	53.09046536783439
1153103.0	58.21349740046216
1921838.0	58.877575497999885
2690573.0	58.991476225382044
3459308.0	59.72115232925129
4228043.0	58.96769473924719
4996778.0	59.083063680504864
5765513.0	59.74633543537531
6534248.0	58.08888168213293
7302983.0	57.37009583964554
8071718.0	58.755313176107656
8840453.0	52.19460716948048
9609188.0	55.940293859578595
1.0377923E7	53.855499075771014
1.0801324E7	44.20552518599967
1.11856915E7	56.887826412811606
1.1915393E7	58.6902665315945
1.2684128E7	59.41258287518655
1.3452863E7	59.334670483992056
1.4221598E7	59.18583599122035
1.4990333E7	59.25787438718698
1.5759068E7	58.698091957096075
1.6527803E7	57.929960662917956
1.7296538E7	57.523121147828654
1.8065273E7	50.443804340232376
1.8834008E7	52.519713613358576
1.9602743E7	54.07302104647195
2.018777E7	46.209685599734414
2.05721375E7	44.530279329820495
2.1140213E7	46.956633680145664
2.1908948E7	53.52841256074369
2.2677683E7	58.304791822576526
2.3446418E7	57.88482877804123
2.4215153E7	59.39635433974559
2.4983888E7	58.307376965265085
2.5752623E7	57.8526593351645
2.6521358E7	59.15536838336136
2.7290093E7	55.09903121586215
2.8058828E7	54.093670225449465
2.86485735E7	57.3297487071862
2.9032941E7	56.34110137359176
2.9596298E7	58.2865608643557
3.0365033E7	58.4346668982809
3.1133768E7	59.50028753962441
3.1902503E7	59.83546195331054
3.2671238E7	58.74018464440358
3.3439973E7	58.29721317333113
3.4208708E7	57.812214531203765
3.4977443E7	58.22663304505074
3.5659712E7	53.97048631463007
3.60440795E7	52.587832764371235
3.6514913E7	57.449563718221285
3.7283648E7	57.151138006779526
3.8052383E7	58.87669105558942
3.8821118E7	57.79030357119391
3.9589853E7	51.6680901036396
4.0358588E7	59.32527828406315
4.1127323E7	57.761108364489125
4.1896058E7	59.33665174921766
4.2664793E7	58.731086050574326
4.3049519E7	24.058646262110997
4.34338865E7	50.689246639891564
4.4202263E7	45.89715963157762
4.4970998E7	38.367803590860504
4.5739733E7	23.02118938098622
4.6508468E7	37.193421972927
4.7277203E7	41.25256887890616
4.8045938E7	39.412033334332634
4.8668911E7	32.144502313589605
4.90532785E7	47.72229730246314
4.9583408E7	59.06869782114589
5.0352143E7	59.4101253133533
5.1120878E7	59.3881336956894
5.1889613E7	59.23414364693998
5.2658348E7	59.49219926137499
5.3427083E7	58.966271255293215
5.38687855E7	59.812238138505506
5.4253153E7	52.34703266233128
5.4964553E7	49.16676224394
5.5733288E7	47.12951020007184
5.6502023E7	55.301919485867394
5.7270758E7	55.000006381339624
5.8039493E7	56.52265749811531
5.85039505E7	56.58720777076539
5.8888318E7	45.22616866660049
5.9576963E7	47.120312456753446
6.0345698E7	47.47473477355078
6.1114433E7	44.0870253065946
6.1883168E7	48.34731508391392
6.2651903E7	45.35374873135926
6.3087631E7	42.823454159231495
6.34719985E7	30.701462477202607
6.4189373E7	46.406592017211885
6.4958108E7	48.18661206049438
6.5726843E7	51.524441879097125
6.6495578E7	51.01522838119134
6.7140034E7	46.22980603007399
6.75244015E7	51.92164589966704
6.8033048E7	54.167134987759354
6.8801783E7	57.985547810142485
6.9570518E7	57.5225234177926
7.0339253E7	57.422120857734825
7.11040115E7	56.462809406085775
7.1488379E7	4.071736875136083
7.1876723E7	56.673585413175445
7.2645458E7	58.86762275791273
7.3414193E7	58.957671071389846
7.4182928E7	59.57384225696116
7.4951663E7	59.381725364856734
7.5358208E7	55.93661803602583
7.57425755E7	42.84809842034052
7.6489133E7	51.04793374149209
7.7257868E7	50.46644441067131
7.8026603E7	50.664512162404435
7.8795338E7	52.62278209899307
7.92080895E7	42.90667797992055
7.9592457E7	48.46515941643913
8.0332808E7	37.68638772180039
8.1101543E7	45.68040969326081
8.1870278E7	46.509538701839524
8.26063115E7	33.06958450829589
8.2990679E7	51.14566014837953
8.3407748E7	46.844780264895356
8.4176483E7	45.50871894086729
8.4945218E7	47.158088119817215
8.5713953E7	47.145131174325634
8.6362088E7	47.880787111947015
8.67464555E7	31.604427689759767
8.7251423E7	47.220123152313725
8.8020158E7	50.658956483620564
8.8788893E7	45.92411783752962
8.9557628E7	40.757154751048795
9.0098611E7	32.258011924273426
9.04829785E7	51.667428086263634
9.1095098E7	55.295934425251126
9.1863833E7	53.51262531168119
9.2632568E7	52.373121230721274
9.3401303E7	50.654645675947705
9.38242175E7	16.3398075305298
9.4208585E7	24.963011433919743
9.4938773E7	44.94716447274937
9.5707508E7	44.652222175617446
9.6476243E7	48.56171149180314
9.71220675E7	37.69545599384076
9.7506435E7	40.134692445491865
9.8013713E7	45.62781835166073
9.8782448E7	46.695626295370474
9.9551183E7	37.28363737367848
1.00269334E8	41.937096264383555
1.006537015E8	22.95267148597181
1.01088653E8	49.11095201182945
1.01857388E8	53.8044282548159
1.02626123E8	52.908778586948564
1.033545365E8	54.595280077976106
1.03738904E8	27.073079364009594
1.04163593E8	34.05300680338677
1.04932328E8	34.466696321422894
1.05701063E8	42.44480996408175
1.06347158E8	36.439477920382856
1.067315255E8	46.748676400880846
1.07238533E8	50.45761131125847
1.08007268E8	46.74024001915356
1.08776003E8	45.57546586866259
1.09309377E8	53.87625206533646
1.096937445E8	54.607290754330904
1.10313473E8	56.27257561856007
1.11082208E8	59.44656035252914
1.11850943E8	44.64853202129945
1.12235708E8	0.8551831745928551
1.126200755E8	43.10921397408816
1.13388413E8	41.00864737084917
1.14157148E8	45.9578045715594
1.147696095E8	43.36773353047462
1.15153977E8	41.33396907348037
1.15694618E8	43.208502521529844
1.16463353E8	45.01053283671288
1.17232088E8	50.01562318321478
1.17668795E8	46.54921483051592
1.180531625E8	57.80735455269364
1.18769558E8	59.14288842222125
1.19538293E8	58.04366896610513
1.2014897E8	58.860102960793554
1.205333375E8	50.92568259083379
1.21075763E8	49.242666756171914
1.21844498E8	53.384011174326226
1.225916085E8	36.17391585551208
1.22975976E8	44.10543985141773
1.23381968E8	55.075942130852226
1.24150703E8	53.96782679955146
1.24919438E8	50.68910282608782
1.253769895E8	47.498391582777536
1.25761357E8	43.76249541880854
1.26456908E8	46.28337562144764
1.27225643E8	48.94474279795488
1.277254535E8	41.550717110656805
1.28109821E8	41.26095397517846
1.28763113E8	50.54684294464841
1.29531848E8	50.16165234553749
1.300272615E8	37.489974179593816
1.30411629E8	41.89921767497138
1.31069318E8	37.17932849458727
1.31838053E8	46.25768852315932
1.322676755E8	45.173856162070486
1.32652043E8	48.706749968180404
1.33375523E8	50.02962262775386
1.34030498E8	49.59793219435797
1.344148655E8	31.93954994394251
1.34912993E8	46.64475818272486
1.35681728E8	46.944644201811506
1.361569665E8	44.48445882132216
1.36541334E8	28.902950350557724
1.37219198E8	38.04876204571421
1.37895604E8	40.57971979350891
1.382799715E8	34.48828566382617
1.38756668E8	42.8177480124845
1.39525403E8	42.1522096090879
1.400102465E8	43.360675462276504
1.40394614E8	42.160619070400685
1.41062873E8	52.44449953440759
1.417121025E8	49.248851988661755
1.4209647E8	42.215209260671834
1.42600343E8	44.94430296419639
1.43369078E8	44.63352371484442
1.437831155E8	9.925521079897143
1.44167483E8	37.16002066913209
1.44906548E8	31.86437368807061
1.45465214E8	24.825411175892008
1.458495815E8	46.75333104412213
1.46444018E8	45.25328169776451
1.47106683E8	44.200708318516426
1.474910505E8	44.500279267832
1.47981488E8	36.369580737777156
1.48737048E8	35.57279162279608
1.491214155E8	28.811068692100275
1.49518958E8	43.4851247622379
1.50287693E8	50.36422701693451
1.50728883E8	51.60415006090134
1.511132505E8	50.59212992326104
1.51825163E8	48.41165772368128
1.52332369E8	43.91797629004708
1.527167365E8	58.26113348797267
1.53362633E8	58.96341943602325
1.5389724E8	52.682392724281826
1.542816075E8	27.76493117448735
1.54900103E8	27.730588541239722
1.55461321E8	32.252206739915664
1.558456885E8	55.316914456917885
1.56437573E8	57.47303362287978
1.57018682E8	51.57194909525026
1.574030495E8	14.31485725150875
1.57975043E8	26.049096447645596
1.585640605E8	48.7370432814118
1.58948428E8	57.34786102041992
1.59512513E8	56.054349551843984
1.6009777E8	49.83634303320262
1.604821375E8	26.77104652263675
1.61049983E8	40.53572732706317
1.616289075E8	48.920678703462634
1.62013275E8	52.65959455978762
1.62587453E8	39.26724176025405
1.631586895E8	30.50392526379076
1.63543057E8	54.492082677135016
1.64124923E8	54.3193933968766
1.64685819E8	40.76818247162469
1.650701865E8	44.70686090169538
1.65662393E8	47.89020999737404
1.66204869E8	47.57898734450578
1.665892365E8	28.93080739965196
1.67199863E8	48.17167460645929
1.67707403E8	17.59661763241332
1.680917705E8	55.58851792118449
1.68737333E8	50.00897575860315
1.69197014E8	47.76855593907895
1.695813815E8	46.41375360922776
1.70274803E8	42.39930332304345
1.706842435E8	39.10594062846266
1.71068611E8	47.42422785146995
1.717757825E8	45.680732630198214
1.7216015E8	39.61907347737839
1.72581008E8	55.03269908434717
1.732448375E8	54.84256275368136
1.73629205E8	46.04364036609914
1.74118478E8	40.19990401660162
1.7470787E8	37.25061378421667
1.750922375E8	39.99711881447544
1.75655948E8	41.96199337156149
1.761671155E8	28.94976222583818
1.76551483E8	46.49896541603044
1.77193418E8	50.602400769666616
1.775981795E8	23.56215706584336
1.77982547E8	58.51064552437572
1.786433205E8	57.592214330309254
1.79027688E8	45.852343692219094
1.79499623E8	47.21831434783292
1.80059845E8	51.575443075357924
1.804442125E8	48.723107199743424
1.81037093E8	51.41362031590449
1.814629515E8	29.903592991332676
1.81847319E8	30.650965807292817
1.824697645E8	29.41291097852305
1.82854132E8	53.02806034796914
1.83343298E8	37.39010847750092
1.83845386E8	47.488211995280295
1.842297535E8	27.463088823537102
1.848263935E8	40.403837817144144
1.85210761E8	38.77178736973602
1.85649503E8	53.94364153224515
1.861815255E8	56.749746707676124
1.86565893E8	37.07882293820424
1.871516995E8	38.91312456565087
1.87536067E8	46.32494517289315
1.87955708E8	45.66464606021128
1.88487033E8	39.21220845987368
1.888714005E8	31.6981612812568
1.89437117E8	48.04528160454099
1.898214845E8	45.179269047746004
1.90261913E8	47.35007964740924
1.907655555E8	50.45448616099483
1.91149923E8	47.1066398923691
1.917006725E8	47.1445834990082
1.9208504E8	42.30913053882182
1.92568118E8	45.767009824363484
1.93014003E8	53.580297375621186
1.933983705E8	30.73993453535898
1.939421735E8	34.17028344348621
1.94326541E8	40.69968748183573
1.948700135E8	37.850218388785656
1.95254381E8	31.42839992560153
1.95643058E8	49.94223637905747
1.96173218E8	42.11072487511154
1.965575855E8	38.0042469193027
1.970859405E8	38.59761012312654
1.97470308E8	26.72411528853565
1.97949263E8	40.107214856854576
1.98379719E8	21.24472132782664
1.987640865E8	30.803080678754462
1.99284827E8	33.477961687176794
1.996691945E8	28.967732910813876
2.001689555E8	30.393462417644248
2.00553323E8	41.52503504656381
2.01024203E8	39.4775611990873
2.0143258E8	31.545775068624547
2.018169475E8	31.78287644798184
2.023091665E8	38.57468803634835
2.02693534E8	39.461360782731155
2.03168465E8	46.57202215089046
2.035528325E8	29.69544428472748
2.04022535E8	38.106383252892236
2.044069025E8	33.46974704114541
2.048603755E8	38.73100140099767
2.05244743E8	3.1492475493580008
2.05636613E8	47.72807554119869
2.060816995E8	31.606846656621013
2.06466067E8	51.01705320307879
2.069158215E8	32.52004850811304
2.07300189E8	48.26822722585985
2.07743072E8	42.22624512905491
2.081274395E8	41.47778297261766
2.08563085E8	35.995414204707444
2.089474525E8	29.72529011273901
2.09377998E8	49.998574838756724
2.097623655E8	33.12313595202461
2.101865875E8	23.628766672122968
2.10570955E8	30.003553576840496
2.10991954E8	47.282460176641266
2.113763215E8	22.069735693936437
2.117807295E8	42.72559557484962
2.12165097E8	34.86113119933011
2.12555228E8	39.32297594168277
2.12951007E8	35.37181294731744
2.133353745E8	24.064195059266904
2.137362725E8	36.688794069033634
2.1412064E8	31.13041470725628
2.145168735E8	29.511738333921237
2.14901241E8	57.669889887259274
2.15295174E8	57.860195566807896
2.156795415E8	42.080504929741274
2.160708055E8	7.373818918989067
2.16455173E8	44.095980617337865
2.16845987E8	15.058000321874147
2.172303545E8	56.1840357898854
2.176193275E8	57.57965115929979
2.18003695E8	37.84109050627042
2.183870575E8	32.824927721653594
2.18771425E8	39.940792581668155
2.191437085E8	38.06415784692105
2.19528076E8	47.45961426599217
2.19895419E8	27.986131730500976
2.202797865E8	43.38612904016693
2.20645687E8	39.47460956878932
2.21025053E8	45.975065518482076
2.21390679E8	52.65549093397195
2.217493495E8	35.21231993063584
2.22133717E8	28.719642716755665
2.22491112E8	30.84120554047815
2.228754795E8	32.38668466778905
2.232300165E8	39.328970180900015
2.23614384E8	22.7346350148193
2.239617555E8	23.918852701166728
2.24346123E8	55.57812506085139
2.2468963E8	40.86764394918234
2.250739975E8	25.423806833179604
2.254154375E8	33.2528492861262
2.25799805E8	32.12390297205669
2.261404185E8	35.79042510518738
2.26524786E8	57.48331294128555
2.2685767E8	58.09759274273723
2.272420375E8	31.7434195671312
2.275674865E8	10.495010673336557
2.27901798E8	46.241609795447985
2.282642395E8	39.26474444288628
2.28575658E8	45.71745506911075
2.289600255E8	42.911910779992205
2.29270193E8	45.60362416545785
2.296545605E8	37.95787358447638
2.299644725E8	43.47872784511142
2.3034884E8	29.62440469868362
2.30655893E8	32.0918216169873
2.309973965E8	40.55616748199778
2.313463715E8	30.42515504630531
2.31650276E8	34.66433220959489
2.320346435E8	25.317033115033315
2.32330417E8	51.132481583253906
2.327147845E8	32.00752471716015
2.33008396E8	34.99528384497986
2.333832675E8	41.89872273500312
2.336859445E8	16.12863119965456
2.33975938E8	47.5093620671816
2.343603055E8	47.676941762982885
2.346438945E8	52.82794436017209
2.35028262E8	38.254258758534945
2.353116695E8	25.402708154539162
2.35668032E8	47.43416541715396
2.359736405E8	50.15583616057815
2.36248209E8	43.96136056032997
2.366325765E8	46.566490220507056
2.36905892E8	46.79672027608437
2.372902595E8	41.49208670256476
2.375596255E8	39.48409365777258
2.378457775E8	25.821215647361694
2.38209635E8	39.4302394945186
2.384723095E8	37.7753404205104
2.38856677E8	31.554909589788615
2.391161115E8	34.285693155900056
2.394117615E8	44.90018538121196
2.39756603E8	58.68560666648918
2.40012063E8	56.97304770531609
2.403964305E8	23.887812606489597
2.40651522E8	22.651587021981037
2.40935513E8	36.46218615037086
2.41282414E8	25.642517176771833
2.415260005E8	27.867690635939425
2.41910368E8	56.63941884255367
2.42153892E8	31.919114437168695
2.423992835E8	35.723810756820825
2.427812845E8	49.227453882178835
2.430194555E8	38.19556010208224
2.43354977E8	49.64668379520766
2.436401495E8	33.33909098745744
2.43875304E8	48.1212575438756
2.442596715E8	49.446787793156616
2.44494215E8	42.09098411629497
2.447631205E8	49.39218235463331
2.451110035E8	28.446588267374093
2.45340206E8	31.786100398316037
2.45672164E8	53.458237492255364
2.45942791E8	24.228834408456386
2.46158155E8	39.33002494945502
2.46536439E8	52.37735673779292
2.46757852E8	27.508190232176528
2.469695205E8	28.928403096358835
2.47353888E8	39.861087270430275
2.47564574E8	45.68975226717088
2.47805319E8	23.40603460142752
2.48157783E8	49.4298243010242
2.48365893E8	48.41703275999981
2.486381075E8	44.219337684618026
2.489579875E8	32.14416389105803
2.49165224E8	30.63581648175136
2.49467076E8	39.21334887016287
2.4975636E8	45.709712727139916
2.499626485E8	43.711428599706785
2.502879155E8	39.329664375030525
2.5054851E8	25.45090349681564
2.507484705E8	39.26588226982184
2.510885645E8	45.739309775188495
2.51332072E8	32.49152118414606
2.51527848E8	15.86641814846628
2.51873065E8	33.05718924859003
2.5210593E8	53.7108207650528
2.5229909E8	47.19260684415972
2.52643082E8	25.317570851409574
2.5287344E8	51.603794621728504
2.53058026E8	56.81641773415168
2.5338655E8	26.793293765493043
2.53626707E8	34.48279525672931
2.53810996E8	33.23811252190876
2.541215335E8	29.74966244184523
2.543774555E8	21.504100778668445
2.545591305E8	34.39000132251058
2.54848343E8	46.16470570054158
2.551248655E8	39.33935894249947
2.553049575E8	45.37486569595093
2.555674465E8	23.877820873810688
2.55866877E8	41.70101355212097
2.560427725E8	40.36234952094384
2.562705875E8	40.1190177605509
2.56600938E8	26.63394376243378
2.56774153E8	42.41909288111292
2.569624935E8	35.412397534451294
2.57304699E8	54.977928166887274
2.57500726E8	34.158421525619566
2.576711905E8	25.791949182675214
2.57986484E8	40.64055553156833
2.582258865E8	58.54872135767327
2.583930965E8	46.573708833474775
2.586566015E8	46.24449425718521
2.58942833E8	36.70250410664352
2.5910475E8	33.740907021954506
2.593058495E8	46.60424943464767
2.59625725E8	42.45350695121734
2.59808993E8	37.59199180962836
2.59968316E8	30.87395398941993
2.60263454E8	33.8324863702041
2.60511936E8	46.47459373923402
2.60669987E8	44.493504393718375
2.60895678E8	46.00368585560085
2.61207803E8	36.57970846440422
2.613664795E8	53.87634313363262
2.61520696E8	45.08126158115748
2.61824593E8	56.00251887654578
2.62058165E8	37.29933675581378
2.622109925E8	35.81895112940916
2.624361765E8	58.951202179940736
2.627407855E8	22.04113495181416
2.62899969E8	27.584594854485154
2.63050826E8	35.01431561583293
2.633441895E8	38.85324745361728
2.635851015E8	24.026357985676835
2.63733667E8	7.564515508562133
2.639380475E8	43.666586289532404
2.64231582E8	32.56876088479788
2.64411569E8	33.63489274396685
2.645558915E8	18.676444847138473
2.648102425E8	45.48144271083598
2.65083559E8	33.188809388683445
2.65224529E8	52.23114906824744
2.653750005E8	42.301568972500014
2.65651351E8	34.713277622267896
2.65885247E8	42.06493606078641
2.66021552E8	42.75561636739599
2.66196816E8	41.734813925523845
2.664682985E8	34.66600588674646
2.66677402E8	22.2238403835766
2.668104465E8	20.641444844422217
2.670024795E8	42.49923372922748
2.672676815E8	13.159672969375809
2.67460016E8	23.310574920643848
2.67590504E8	17.815149613765023
2.67790844E8	32.81943025778484
2.680494615E8	29.201045467531863
2.68233489E8	44.53414352067402
2.683623315E8	38.20918105951695
2.685626535E8	45.18237681434144
2.688141505E8	38.41962369082984
2.68998196E8	29.329531049235552
2.691212125E8	32.5549491048788
2.69305491E8	27.193470855830387
2.69544969E8	36.900084354592586
2.69745058E8	35.24750883720678
2.698635095E8	44.86333920513384
2.700194335E8	44.33793054775043
2.7025476E8	33.28546155022591
2.704832035E8	48.899178877321525
2.706000615E8	54.99185276302674
2.707192135E8	26.884690875057235
2.70946674E8	33.455570500792945
2.711728175E8	27.974381907436893
2.713243835E8	15.45110799774316
2.714361945E8	26.319120384202165
2.71620605E8	43.84190124361528
2.718435565E8	48.979041289023165
2.720435135E8	30.549714362413233
2.721547675E8	17.903080435199993
2.722872195E8	31.76788809879974
2.725064275E8	36.968174749098395
2.727249785E8	32.2089203733448
2.72867561E8	44.33567452399157
2.729767215E8	35.43504349746441
2.731596875E8	26.466638475423213
2.733731465E8	11.586112992701995
2.73574548E8	22.722917312928686
2.736806165E8	10.91576512251184
2.737972355E8	45.959520502951115
2.74008185E8	29.608066170885717
2.7421821E8	33.819616758611716
2.74380672E8	51.96734911037144
2.744841805E8	44.430647046627385
2.746317545E8	21.49625361693826
2.74835029E8	36.22487375924265
2.750368585E8	48.74994257112227
2.751721665E8	18.25390151943292
2.752717585E8	33.734805288546504
2.754346305E8	52.70208172400816
2.75629477E8	47.534706516838035
2.75822252E8	51.51804331423628
2.75947145E8	20.80086436868528
2.760430425E8	24.340571367423784
2.762057895E8	47.77876831059763
2.763968555E8	46.37926413052371
2.76587426E8	31.307942057139552
2.767135505E8	25.638577622210732
2.76808458E8	32.018421729614076
2.76967139E8	52.263133767014146
2.77156076E8	29.10324407289449
2.773432765E8	32.526409914742175
2.774748495E8	26.91252517232437
2.775673295E8	30.18981691769434
2.77713495E8	21.99294413097435
2.77897569E8	32.31645821128577
2.780813245E8	20.18500626088559
2.78227624E8	43.315062985598054
2.78318713E8	24.352095897359696
2.78445831E8	45.189399910611165
2.78624475E8	39.79651378862377
2.78799759E8	36.66638756657903
2.7896884E8	47.90956118744775
2.79055951E8	13.985867895545315
2.791480645E8	46.0556016111338
2.793219045E8	23.701096459967506
2.794951505E8	21.810081274131335
2.796670295E8	40.55085345677298
2.797860375E8	36.98315378916592
2.798713395E8	47.71336697009103
2.80007599E8	39.450010163113504
2.801762495E8	49.63668867820502
2.8034403E8	43.940904220592856
2.80507948E8	38.565456648053846
2.805915035E8	30.81742020917223
2.80677891E8	21.48276480188124
2.80844071E8	32.6160091521338
2.810100155E8	34.34837377795946
2.81175222E8	39.35644877275917
2.813072575E8	24.240003896045515
2.81389511E8	34.05079436590291
2.81503931E8	31.558949856493303
2.816671245E8	26.278924531190025
2.81829173E8	40.547526904022284
2.819906385E8	45.2366544724067
2.820985375E8	29.360962294453234
2.821788915E8	27.03119909651613
2.823119855E8	29.461107361749033
2.82471554E8	43.51906217612687
2.8263049E8	41.280509237114366
2.827887405E8	56.978043833414624
2.82881078E8	10.87324321933217
2.829592085E8	23.807163544480265
2.831008305E8	47.093069311780155
2.832545715E8	34.93853657694976
2.8340819E8	42.09000536300071
2.8356106E8	22.22393414337167
2.83650187E8	12.723432502564721
2.837259075E8	23.399438477866994
2.838639935E8	42.852827969777806
2.84014566E8	2.501676279757116
2.841642325E8	32.21310432730531
2.843131325E8	30.190356688806048
2.844097475E8	29.433260189004944
2.844837785E8	33.379800901176715
2.84609444E8	32.577378574432295
2.847568575E8	31.775432548418593
2.84903889E8	42.78410939817964
2.850507725E8	17.565029094177834
2.85162443E8	23.970810867811032
2.85235427E8	21.377001799292692
2.8534268E8	22.931849347482043
2.85486983E8	32.780859985845005
2.85630282E8	21.692132111319985
2.85773144E8	53.973892517273285
2.859069595E8	21.502419140491018
2.859767315E8	41.64117069289205
2.86052856E8	31.398128032407897
2.861903485E8	48.85903578352804
2.86326707E8	51.69061691506232
2.86461012E8	38.37693954862009
2.865942015E8	40.47489154431631
2.866994605E8	9.560466757543239
2.867650045E8	8.333540703535254
2.868562865E8	26.854521100394827
2.86985097E8	32.36332439922741
2.87113018E8	43.65423222088033
2.872400565E8	36.1927089551421
2.8736678E8	38.40838496072093
2.874684495E8	29.559427570062766
2.875308515E8	47.222018941227205
2.876171135E8	21.12758853761158
2.877417145E8	36.80351190859695
2.87865989E8	35.50896470039598
2.87989856E8	37.97191331785529
2.881135245E8	39.81104904076387
2.88225463E8	24.660830341139423
2.882869705E8	33.50587653432849
2.883595355E8	42.71996267062294
2.884818635E8	55.06570697938384
2.88604014E8	44.28457624386987
2.88725668E8	38.99420216921043
2.88845977E8	37.6614021164149
2.889652565E8	45.98135557118413
2.890345995E8	37.887175293279036
2.89094055E8	15.84591239581486
2.892031115E8	36.667974556664376
2.893211245E8	28.153028480614164
2.8943711E8	38.820316500077915
2.89550763E8	41.76617202034765
2.896633655E8	23.08609150183398
2.897663725E8	39.07548329242054
2.898226395E8	37.14729096886242
2.89887659E8	28.775119341045524
2.899984115E8	38.51360777391768
2.901089365E8	51.60635849933853
2.90218437E8	28.90244755443591
2.903262345E8	39.4062721681111
2.9043256E8	31.983118739653683
2.905335855E8	11.160180987864058
2.905862925E8	54.32442523089016
2.906432345E8	25.01780400945061
2.907479405E8	35.827906404095955
2.90851896E8	22.81599529882178
2.90955247E8	26.923727661498095
2.91058116E8	49.05263704624401
2.91160204E8	24.216782561103514
2.912615545E8	27.58384947771561
2.91331315E8	26.25467289719626
2.9138107E8	35.3104035614337
2.91461273E8	33.139190783462055
2.91559725E8	2.1204648465190212
2.91657178E8	34.38566442102198
2.917545145E8	24.788279482879652
2.91851644E8	32.07835297139087
2.91948596E8	6.4724713760178565
2.920451375E8	34.90557045147209
2.9210626E8	47.01011016883864
2.921538905E8	58.400881950606546
2.922360205E8	24.550713988534696
2.923310645E8	31.34714247291651
2.924255295E8	33.67127125720347
2.925187585E8	29.712175127936263
2.92610929E8	5.130530110385482
2.92702327E8	31.85550289070431
2.92792108E8	24.479393702530885
2.928622145E8	37.24061329139013
2.929062585E8	38.49514319797107
2.92967363E8	30.85868763416649
2.930529085E8	23.18399223599641
2.931380435E8	16.066482459907025
2.9322235E8	25.683100803658128
2.93305647E8	12.40437301113763
2.93388439E8	26.502279005373815
2.93470965E8	31.445669423398723
2.935531875E8	33.719497648483284
2.936254925E8	4.250741294738788
2.936664795E8	6.023563636363637
2.9371692E8	26.775121416476175
2.937980535E8	25.988032970435082
2.938782955E8	46.17487833642164
2.93957456E8	58.97262703054226
2.940359865E8	27.00680977721656
2.94113718E8	43.5378624413305
2.94190606E8	35.618664297683246
2.94267212E8	1.3601752312880075
2.9434356E8	10.653668421009629
2.94403587E8	34.59036595343794
2.944416325E8	26.289268479417412
2.944955125E8	28.765002986933755
2.9457076E8	32.6092100117325
2.9464554E8	27.498662542994065
2.947198625E8	36.82581024461377
2.947938495E8	1.88852117423546
2.94867693E8	40.25485604887928
2.94941437E8	27.12234591214006
2.950150255E8	24.60623551667061
2.9508846E8	43.39381011013887
2.951596985E8	21.111917482034617
2.951959055E8	25.31915253091843
2.9523318E8	8.093401523948904
2.953042615E8	5.685494682727685
2.95375117E8	12.173270684777394
2.95445692E8	32.477774712272414
2.95515887E8	50.67098596290603
2.955858525E8	0.8622831269126203
2.956554665E8	44.87628595560477
2.957244435E8	3.3934520013504894
2.957929165E8	28.551085135242957
2.958609135E8	4.934372875769872
2.959283655E8	19.400045131739112
2.95962472E8	2.9992494907258496
2.959959795E8	7.383287070872766
2.960623185E8	9.702694389411201
2.961285905E8	42.006596904586594
2.961944545E8	30.610333679068603
2.96259386E8	34.61820808262338
2.963231915E8	39.01600543920634
2.963866495E8	40.13155800249724
2.964495135E8	34.67596633139372
2.96511883E8	4.346271040807906
2.96574108E8	9.779428235646735
2.966360135E8	47.24101470571987
2.966975155E8	8.547994858038773
2.967299425E8	48.831674641148325
2.967605265E8	29.322561978887432
2.968197085E8	26.6664306365084
2.968803715E8	28.449684874979173
2.969406465E8	31.060120028676064
2.970003935E8	22.210960189965473
2.97059853E8	58.10746343506114
2.971191925E8	41.930678751172294
2.971783685E8	31.02715947252531
2.972373605E8	29.676855730911964
2.972962345E8	21.220489577064768
2.973550285E8	32.392042287182136
2.974136535E8	36.901000222327454
2.974716695E8	3.1126295636099557
2.975006415E8	0.0
2.975297915E8	34.24114784688839
2.975874835E8	31.88456151851962
2.97644944E8	16.11069889511713
2.977022745E8	28.764324813961647
2.977593955E8	25.50565147037991
2.97816386E8	38.748531398336915
2.97873337E8	23.178960421797495
2.97929694E8	47.70437767309242
2.979853355E8	17.535267464560665
2.98040566E8	44.003662000359064
2.980954345E8	6.816210157111605
2.98150189E8	43.53010327658302
2.982045775E8	30.78077363801785
2.98250394E8	14.738266620525243
2.98277297E8	13.165618095652674
2.98312184E8	13.13130477922937
2.983655255E8	5.233847931443977
2.98418571E8	42.230162438501495
2.98471025E8	20.622860949790233
2.985229515E8	36.35924780310706
2.98574718E8	33.481235291755354
2.98626245E8	7.203193876365682
2.986775555E8	40.29319817128607
2.987287515E8	43.23762192079565
2.9877965E8	53.42663994899699
2.98830158E8	23.161636826344612
2.98880377E8	5.65384606490314
2.9893041E8	29.690843355921555
2.989803155E8	48.95184751830206
2.9902156E8	27.92343633217025
2.99046443E8	19.506709060394194
2.990795815E8	41.838189611428994
2.991287095E8	24.234876705909915
2.991776335E8	26.600315666920313
2.99226409E8	25.55172016639341
2.992750675E8	6.2046745587788905
2.99323612E8	24.78738284604757
2.993721015E8	38.831887253271496
2.99420364E8	34.380745794797974
2.994682855E8	23.552802444180152
2.995160355E8	37.66666935144809
2.99563736E8	31.324198243214727
2.99611366E8	29.1473130046701
2.99658856E8	13.508706295079392
2.99706222E8	32.329258392437794
2.99753043E8	27.110224569432653
2.997914265E8	25.999943753866923
2.998145535E8	19.18661927129618
2.998454455E8	26.091891407883526
2.998912785E8	49.64983776174836
2.999369015E8	5.795332364640597
2.99982407E8	14.667413741771147
3.000278035E8	13.126887405193244
3.00072936E8	25.939570625740647
3.001178095E8	7.4706870758027435
3.001626E8	4.981348224892403
3.002072585E8	35.93977556347286
3.0025153E8	36.07518430549058
3.002951105E8	25.717480240544266
3.00338256E8	41.14896627495767
3.00381246E8	32.628138628008394
3.00424041E8	28.42923310306109
3.00466617E8	34.736353681525834
3.00509036E8	21.740186987170222
3.005513965E8	30.10744124292641
3.005739685E8	28.22361921867984
3.0059498E8	31.743266832917705
3.006355E8	39.72992273043542
3.00677186E8	6.273005391601286
3.00718655E8	28.1502477932642
3.007599975E8	44.319893854892186
3.008009635E8	41.64998771218951
3.00841504E8	48.994884301392105
3.00881871E8	17.075745386839987
3.009221625E8	23.4245908226613
3.00962411E8	25.309241370948186
3.01002529E8	7.482285356810449
3.010424755E8	30.35775633749527
3.010823325E8	40.75173209903833
3.011221535E8	30.50210463018641
3.01161883E8	7.088723271421882
3.012013185E8	24.257823569632823
3.01240271E8	6.809386341141537
3.01278813E8	26.095710457295993
3.013171725E8	25.776402568348878
3.013402245E8	31.012919432980443
3.01359325E8	35.62454525410649
3.01393599E8	28.00611379548368
3.01431711E8	6.825948880464796
3.014697935E8	23.011890621553288
3.015075635E8	35.00509015801959
3.01544826E8	31.06623790955588
3.015818905E8	19.56072285084783
3.01618727E8	41.25507703081232
3.01655231E8	2.3230233628725974
3.01691575E8	18.35060489799224
3.01727817E8	57.56784460402697
3.017639465E8	16.47538336864754
3.018000005E8	28.58656313195972
3.018360275E8	16.783846452678095
3.018718265E8	37.19734824394606
3.019074095E8	4.3207527975584945
3.0194275E8	38.95799864654133
3.01977819E8	8.12805110084262
3.020128525E8	27.20381675647344
3.02047874E8	6.524071477366699
3.020828745E8	9.415013545541381
3.021066125E8	5.557776195715488
3.021240165E8	9.176075755671695
3.0215234E8	29.33163407699419
3.021865385E8	23.854560267608925
3.022202135E8	28.710483436153005
3.02253491E8	7.3095556821665015
3.022863395E8	34.262106700839716
3.02318457E8	13.194086429112964
3.023501625E8	7.984470213148896
3.02381257E8	21.6915428934233
3.024117055E8	24.792669062336646
3.024418645E8	28.90175301466834
3.024718665E8	32.98015456636668
3.02501802E8	24.431947522470274
3.0253152E8	35.254653051931264
3.02561013E8	2.771754511115529
3.025904035E8	5.062446466018844
3.026196635E8	40.44410028245314
3.02648696E8	0.751694926577678
3.026774925E8	35.59738315235719
3.0270614E8	36.463876282169
3.0273473E8	37.340402549718625
3.0276322E8	25.39247921039759
3.02791553E8	2.73157582723957
3.02819683E8	37.53943568364449
3.02847463E8	31.898636350504145
3.02871419E8	23.338512302216216
3.028851665E8	18.24417692729982
3.029023805E8	31.638481991307163
3.02929608E8	17.002004906924746
3.029566585E8	39.7788450860633
3.02983539E8	48.668372378052005
3.030103E8	30.515551102544727
3.03036936E8	37.684252926685524
3.030633795E8	21.005582086628916
3.03089659E8	52.714035615191
3.031158375E8	25.368986946586595
3.03141897E8	22.19028415411063
3.0316784E8	3.5331163650868476
3.03193613E8	34.84702264063763
3.03219033E8	49.705788332274956
3.03244142E8	29.925527364634977
3.03269183E8	34.21681488024286
3.032941495E8	26.969082214456503
3.03318984E8	38.26438686941199
3.03343729E8	13.792937517601107
3.03368407E8	24.62631460124546
3.03392961E8	28.010103071279254
3.034173935E8	4.230392156862745
3.034417695E8	47.062357457739886
3.03466092E8	26.14668576142502
3.03490315E8	14.562957320591833
3.03514472E8	39.5943996327628
3.03538466E8	13.217333476448928
3.035622675E8	41.818133246366656
3.03585904E8	32.08955276051103
3.036094165E8	8.89166319532955
3.03632882E8	46.308207321218255
3.036474595E8	30.15363298786233
3.03659146E8	23.401078825319594
3.036795675E8	10.878886273236464
3.03702759E8	48.73148193614122
3.037259045E8	22.390372199643416
3.03749014E8	36.40743644656314
3.037721115E8	23.2540492310611
3.03795153E8	14.005176603298347
3.038181055E8	9.740490661338217
3.03840977E8	46.49179510870326
3.038636995E8	38.990369979654886
3.038862345E8	37.64122055674518
3.03908542E8	35.75698272846888
3.03930611E8	38.21245911771523
3.039525865E8	1.9171279292328385
3.03974351E8	33.9102212678868
3.039958025E8	13.77115125313015
3.040171415E8	5.28242857503726
3.04038313E8	37.095250021467216
3.040591685E8	26.352515491615026
3.04079863E8	30.91892968065621
3.04100481E8	42.38981921395432
3.04120937E8	29.751733686246563
3.041411265E8	28.553949747571306
3.04161089E8	7.54441928143777
3.041809935E8	30.961383818450912
3.04200889E8	9.07272248539149
3.042207195E8	38.704871874354204
3.042404435E8	23.039095252630332
3.04260093E8	15.46009701185192
3.042797115E8	29.6192428099838
3.04299283E8	3.2783639725878384
3.043188045E8	28.692281942777743
3.0433822E8	1.1189735614307932
3.04357514E8	37.72512446957146
3.043766445E8	16.986834319526626
3.04395624E8	2.888725235052437
3.044120845E8	8.905001196458484
3.044215395E8	33.495729813664596
3.044334495E8	16.30736759820207
3.044520715E8	16.920688315503206
3.04470397E8	30.96154804878274
3.04488589E8	37.4940076930413
3.0450666E8	11.534123797964709
3.0452464E8	25.83733949016383
3.04542522E8	14.540134674442848
3.04560353E8	34.65819501133787
3.045781455E8	44.43249731436213
3.045958945E8	4.841808048924837
3.04613409E8	12.97411497730711
3.04630615E8	28.230302688369207
3.046477165E8	25.61855857112956
3.04664782E8	29.950565679202317
3.046818275E8	4.8366042224204575
3.04698855E8	47.21481212999879
3.047157445E8	19.665811157638796
3.047322845E8	39.434663121286064
3.047485745E8	3.898710893712422
3.047647915E8	13.012394299216812
3.04780937E8	7.198958045546039
3.04797045E8	21.793891293891296
3.04813105E8	49.18645129847525
3.04829099E8	14.272851296043656
3.04844809E8	9.70677455667149
3.04860144E8	13.27890216961204
3.04875228E8	43.229996841387795
3.048899345E8	13.55062160921104
3.04904393E8	26.78834509891459
3.04918797E8	5.106464393349362
3.04933121E8	20.755819592628516
3.049473325E8	2.9877032753092077
3.049613855E8	39.34611049478589
3.049753525E8	2.005679776370731
3.04989176E8	14.616221245112914
3.050028535E8	14.084506800973037
3.050165075E8	24.22395947268436
3.05030149E8	22.893020221787346
3.05043766E8	6.427746835443038
3.05057328E8	10.220584358309221
3.050707775E8	16.46993863490908
3.050840815E8	2.5088987572721955
3.050973185E8	3.12112676056338
3.0511055E8	20.95738251969419
3.051237565E8	2.911239696489983
3.051369355E8	4.477309671040504
3.05150043E8	34.735002863539336
3.05163013E8	29.650740575617974
3.05175888E8	34.385090163548504
3.05185055E8	5.944067796610169
3.051914585E8	28.563750321971323
3.052015075E8	25.0846829746196
3.05214187E8	3.085729058945191
3.052267085E8	39.13462088223017
3.05239162E8	33.83207694307252
3.052514665E8	27.67320130501975
3.052635855E8	1.5721271393643033
3.05275651E8	40.91717133484734
3.052876965E8	12.576955671297886
3.052997075E8	31.164642336188095
3.05311672E8	15.923883912828831
3.053236175E8	36.75316585740394
3.053355615E8	24.208187002774736
3.05347491E8	36.70881448464117
3.0535937E8	18.809494291930907
3.053711045E8	13.790186125211505
3.053827095E8	27.055414077620455
3.05394203E8	40.460421201709984
3.05405586E8	32.04978718031959
3.05416915E8	1.9747113798790543
3.054282015E8	5.500869565217391
3.054393975E8	5.400955822356918
3.05450508E8	35.81061696658098
3.054616145E8	25.169278852783012
3.05472713E8	15.100944960648574
3.054837595E8	47.286734665857104
3.05494683E8	34.589419802917895
3.055054885E8	28.482051587272064
3.055161465E8	1.8765992161571365
3.05526661E8	16.976484504376625
3.05537127E8	3.7338352057332536
3.055475015E8	32.83741283124128
3.055577785E8	10.143559323614726
3.05567969E8	4.481938826201121
3.05578E8	19.666800733614338
3.05587934E8	40.29377503955829
3.055978485E8	20.087538149975757
3.056077465E8	8.615853877829926
3.05617534E8	44.264257588641996
3.05627204E8	36.0077878826694
3.0563683E8	31.188813229571984
3.056464125E8	23.43796992481203
3.05655943E8	19.321716000545628
3.05665429E8	0.6543408360128617
3.056749135E8	54.77031726269695
3.05684391E8	38.65880791279015
3.056938605E8	48.65993434361474
3.05703288E8	26.602649316607376
3.0571261E8	19.957421185476022
3.057218545E8	0.8687293675966082
3.057310705E8	23.458908871595984
3.057402675E8	34.53255326424716
3.057494535E8	19.86305278174037
3.057585785E8	29.203099008583404
3.05767648E8	7.253108933514962
3.05776642E8	43.486378457171355
3.057855425E8	24.570595722510568
3.05794349E8	11.388728323699421
3.05803082E8	16.428703389254906
3.058116615E8	29.875849195841383
3.058200515E8	33.74431720706811
3.058282875E8	39.165675834585485
3.058363865E8	52.96047966118389
3.058444065E8	44.45678989851138
3.058523285E8	19.06231715210356
3.058601015E8	3.1062663166906037
3.058677105E8	17.280054644808743
3.058752425E8	56.75793336799825
3.05882709E8	22.06799563080284
3.058900985E8	32.33822112363316
3.05897348E8	47.68085999160789
3.059044835E8	0.849746192893401
3.059115865E8	0.8239613932018464
3.059186575E8	13.961567764327436
3.059257075E8	27.41824565117674
3.059327345E8	17.785607542658408
3.059397415E8	0.8164482645249166
3.05946737E8	10.918679897707658
3.05953382E8	2.9394774224097113
3.059568435E8	0.0
3.059606085E8	2.45304045869337
3.059675075E8	17.911302982731556
3.05974393E8	45.66779661016949
3.059812595E8	22.471721862928078
3.0598811E8	0.5921926910299004
3.05994947E8	14.561828708325015
3.060017745E8	2.0485385043551516
3.06008546E8	38.91595888322662
3.06015243E8	3.109581013770876
3.06021916E8	1.8631622861910722
3.06028584E8	15.43705613884284
3.060351805E8	0.6443298969072165
3.060416715E8	46.15571969645914
3.06048088E8	19.070499408714635
3.06054431E8	29.295846767388774
3.06060702E8	23.44666166830075
3.06066934E8	6.385251098381625
3.060731045E8	19.55831685964417
3.06079204E8	2.904460279757192
3.060852755E8	54.057482719819966
3.06091306E8	28.411971830985916
3.060973105E8	23.463868816008894
3.06103308E8	33.39165760130541
3.06109298E8	26.47290518779527
3.06115231E8	40.37482291607639
3.06121083E8	3.257397504456328
3.061268995E8	55.8402150185549
3.061326905E8	24.414705491291052
3.061384525E8	23.865980543562806
3.06144196E8	0.0
3.06149915E8	28.79952154616135
3.061556135E8	33.65126093936099
3.061612865E8	24.17756125456385
3.061668935E8	17.886348611262207
3.061724375E8	34.86969809914275
3.06177958E8	24.533333333333335
3.06183465E8	20.921206795547743
3.0618895E8	38.49063860578633
3.061944175E8	32.8290631614125
3.061998695E8	55.18663899569657
3.062052965E8	1.0
3.062107035E8	18.359928960042584
3.062160895E8	39.073392840186116
3.06221455E8	6.797330248843316
3.062267975E8	40.43834080717489
3.062321055E8	2.7191413237924866
3.062373925E8	20.256410256410255
3.062426715E8	2.7396778916544657
3.06247945E8	28.414899352983465
3.062532015E8	5.288434998619929
3.062584425E8	53.64529939592986
3.06263673E8	27.532860544749788
3.062688905E8	51.05425141693451
3.06274102E8	40.46883495145631
3.06279276E8	28.387302929912362
3.062844135E8	20.744144144144144
3.062895485E8	8.6638714185884
3.06294667E8	4.355300859598854
3.06299761E8	4.669797929191716
3.063048415E8	6.5810948656919415
3.063099165E8	49.78583898296008
3.063149815E8	6.624031007751938
3.063200175E8	0.0
3.063250325E8	55.81529408171369
3.06330018E8	1.41183339820942
3.063349735E8	0.5732484076433121
3.063399235E8	42.152122267975926
3.06344861E8	6.966786668215073
3.063497735E8	41.34164552020301
3.06354609E8	4.013467436673728
3.06359362E8	5.365616570028837
3.06364072E8	27.564542107685227
3.06368756E8	13.122997172478794
3.063734225E8	11.203897151400692
3.063780725E8	26.083178869323447
3.06382707E8	49.29157180245548
3.063873235E8	40.17875816993464
3.06391931E8	1.9878082872584955
3.063965295E8	4.651391390769613
3.06401082E8	10.147600613032921
3.064055785E8	44.63503683779675
3.06410055E8	5.652525252525253
3.0641452E8	4.863959926179805
3.0641896E8	1.1713209915280829
3.064233765E8	36.89066894335075
3.06427766E8	0.7636376584532117
3.064321085E8	6.7869565939909595
3.06436424E8	0.8923141891891891
3.06440737E8	5.710657785179017
3.064450465E8	0.6666666666666666
3.06449342E8	1.8229598893499308
3.06453625E8	0.0
3.06457902E8	10.550920203268781
3.064621725E8	37.41288311367635
3.06466441E8	34.66107393833428
3.06470704E8	59.60384670819788
3.064749595E8	3.2192663465612203
3.064792095E8	22.21257689678742
3.06483446E8	15.805896805896806
3.064876545E8	0.5890047745773325
3.064918455E8	11.22695035460993
3.0649603E8	27.520286415897857
3.065001735E8	1.4028610982925704
3.06504273E8	22.678468513114183
3.065083565E8	0.0
3.06512427E8	38.871815660337106
3.06516488E8	27.611704061064668
3.065205265E8	17.333709837176567
3.065245425E8	11.309440256187871
3.06528524E8	0.0
3.06532471E8	2.6301181695017313
3.065364115E8	59.75030097188006
3.065403375E8	0.0
3.0654423E8	13.023230258675634
3.06548097E8	4.812814070351759
3.0655195E8	0.7697662854301343
3.065557735E8	31.13334158722298
3.06559577E8	29.707325907814905
3.065633635E8	8.840865198918502
3.065671335E8	31.034345850275052
3.065709005E8	23.920851862429114
3.065746505E8	5.675472603751293
3.065783835E8	10.811770826308539
3.06582112E8	6.474403093624721
3.06585833E8	28.03986220472441
3.06589543E8	17.680165385061247
3.065932395E8	7.656449553001277
3.065969265E8	4.379880434462854
3.06600612E8	13.22331390732042
3.066042955E8	9.830487804878048
3.06607968E8	5.314319170291067
3.0661163E8	7.886594461636118
3.066152875E8	22.921880400967854
3.06618939E8	3.811572700296736
3.066225875E8	12.571428571428571
3.066262295E8	0.7558696261869466
3.066298605E8	26.455892098390052
3.066334545E8	0.0
3.06637011E8	18.932926829268293
3.0664056E8	18.072207364739764
3.066440915E8	0.840198145520955
3.066476025E8	55.77956955314315
3.066511055E8	8.398742451596837
3.06654603E8	12.90443191713644
3.066580945E8	31.630573094322276
3.066615705E8	9.870762711864407
3.06665033E8	55.4969818124804
3.06668493E8	11.728395061728396
3.066719485E8	4.673465298033889
3.066753845E8	16.732460612439564
3.06678798E8	24.72117703810902
3.066821985E8	3.4674922600619196
3.06685591E8	46.0
3.066889815E8	40.019066518495
3.066923705E8	4.933073424301495
3.066957585E8	0.84141712357655
3.066991455E8	56.90017886405261
3.067025305E8	0.0
3.06705914E8	0.30227298091588856
3.067092965E8	40.0
3.06712672E8	9.790273556231003
3.06716041E8	16.29203988231448
3.067194095E8	37.486098858882784
3.067227775E8	3.589135932958363
3.067248635E8	0.0
3.06726541E8	10.573891625615763
3.067294915E8	12.124812030075187
3.067328405E8	30.10966690165668
3.067361665E8	4.037183283974992
3.06739469E8	6.793296089385475
3.06742768E8	0.5678233438485805
3.06746065E8	29.80677966101695
3.067493595E8	35.90082170838907
3.067526505E8	1.8447745424034308
3.06755933E8	1.8103448275862069
3.067591995E8	6.765774474184194
3.067624565E8	0.2987832242440664
3.067657115E8	4.696598251615355
3.06768965E8	39.830388692579504
3.06772208E8	10.368834882058612
3.067754395E8	4.87719298245614
3.067786575E8	37.2838576585869
3.067818625E8	37.341492537313435
3.067850465E8	33.033593281343734
3.0678821E8	0.38428745432399514
3.067913705E8	6.36756120740372
3.067945245E8	11.466503667481662
3.06797666E8	22.166410171851528
3.0680079E8	40.0
3.06803903E8	24.431710033410955
3.068070135E8	1.196013289036545
3.068101235E8	5.591181226237818
3.06813233E8	8.775626486695801
3.068163365E8	24.060936964713942
3.068194285E8	0.0
3.06822513E8	2.616029505831757
3.068255925E8	2.6571516360630625
3.068286625E8	30.0589057857018
3.068317255E8	0.020409164499828287
3.068347845E8	2.651016746411483
3.068378385E8	29.871794871794872
3.0684088E8	0.26573426573426573
3.06843903E8	4.670396654134502
3.068469175E8	13.424635163307853
3.068499285E8	7.405653080079929
3.068529315E8	15.404344116337736
3.06855925E8	8.81658692185008
3.06858904E8	16.432057095743584
3.06861871E8	19.0
3.06864829E8	22.41100163497117
3.068677785E8	0.0
3.06870722E8	19.900034313164817
3.068736605E8	10.405878089270265
3.06876586E8	14.410267288926601
3.06879498E8	0.0
3.068824045E8	0.0
3.068853035E8	4.82556181126991
3.06888198E8	40.0
3.0689109E8	0.0
3.068939665E8	0.4676724137931034
3.06896809E8	22.006362058993638
3.068996235E8	34.26043068640646
3.069024245E8	14.07100311997731
3.06905212E8	17.98861593768724
3.069079905E8	5.6545866364665915
3.069107675E8	5.465075154730327
3.06913543E8	48.554739884393065
3.06916313E8	0.23625254582484725
3.06919067E8	1.1129574831079454
3.069218095E8	18.515501339814296
3.069245455E8	23.256053786109053
3.06927266E8	0.54356327232911
3.06929975E8	42.16238630283574
3.069326695E8	26.324786324786324
3.069353465E8	6.212037548315847
3.06938016E8	31.079963235294116
3.06940674E8	0.057114658427737726
3.06943317E8	7.445955010956576
3.069459505E8	40.36198347107438
3.069485655E8	0.04533229220891897
3.06951153E8	1.5016265452179571
3.069537225E8	3.01207556193209
3.069562725E8	0.7522388059701492
3.069587885E8	0.0
3.069612825E8	8.843327475960365
3.069637735E8	24.45397535172865
3.0696626E8	0.5150286288418937
3.06968739E8	19.335085193987883
3.06971213E8	2.0
3.06973672E8	21.265822784810126
3.069761095E8	0.0
3.06978536E8	1.2814225189369624
3.0698095E8	0.0
3.06983354E8	6.880534082923401
3.06985755E8	2.335090361445783
3.06988152E8	1.39009900990099
3.06990543E8	48.441394379006674
3.069929255E8	4.058171745152355
3.069953025E8	32.85424907107755
3.069976725E8	11.100576004495645
3.070000295E8	15.59882005899705
3.07002367E8	0.0
3.07004687E8	25.74
3.070070005E8	28.865357643758767
3.070093035E8	0.0
3.070115925E8	40.507936507936506
3.07013868E8	8.613661705531586
3.07016134E8	18.714039709567565
3.07018396E8	0.0
3.07020655E8	0.0
3.070229135E8	0.1214574898785425
3.0702516E8	2.012745684047678
3.07027389E8	2.21301775147929
3.0702961E8	5.404152724846598
3.070318285E8	0.27527140383438925
3.070340435E8	18.18280402788536
3.070362525E8	36.42163487738419
3.07038456E8	27.37842665750601
3.07040653E8	40.0
3.0704284E8	21.14289127837515
3.070450185E8	13.099436518939225
3.07047178E8	0.360587303872175
3.0704932E8	40.0
3.07051452E8	19.876134412558255
3.070535745E8	0.0
3.07055696E8	0.39323657040251386
3.07057816E8	57.149846531614486
3.07059934E8	0.9713024282560706
3.0706204E8	0.0
3.070641345E8	0.0
3.07066228E8	23.128212720596945
3.070683165E8	0.0
3.070704E8	1.77
3.07072481E8	2.63045050926559
3.07074558E8	21.081986143187066
3.070766325E8	0.0
3.070787045E8	0.4162151109293528
3.07080772E8	2.230267673301304
3.070828335E8	8.16584938704028
3.07084889E8	0.0
3.07086942E8	1.076167076167076
3.07088987E8	46.0
3.070910185E8	20.00394493197005
3.07093044E8	44.17456090941676
3.07095069E8	0.19885592398681404
3.07097091E8	26.412689804772235
3.07099108E8	3.4326446280991734
3.071011185E8	34.4870304823287
3.07103122E8	0.0
3.071051185E8	14.551028037383178
3.071071095E8	54.19674908667337
3.071090915E8	3.787089432894575
3.07111059E8	0.0
3.071130195E8	21.35251798561151
3.07114979E8	42.32845290385554
3.07116933E8	1.0092180075886195
3.071188785E8	3.1862323294406885
3.071208195E8	3.799220857057237
3.07122752E8	0.0
3.071246735E8	12.71045659005484
3.071265845E8	1.845018450184502
3.07128479E8	0.0
3.07130355E8	0.0
3.07132213E8	0.48255813953488375
3.071340475E8	40.0
3.07135863E8	38.83094198378041
3.071376725E8	0.20225694444444445
3.07139478E8	9.128183069511357
3.07141279E8	16.96747967479675
3.071430775E8	0.0
3.07144871E8	0.0
3.071466595E8	3.774193548387097
3.07148442E8	5.7595351821487135
3.07150216E8	43.020657672849914
3.071519825E8	0.8275862068965517
3.071537425E8	6.580335731414868
3.071554995E8	4.665859319810274
3.071572545E8	2.911086717892426
3.07159008E8	40.0
3.071607605E8	24.086799276672693
3.071625115E8	29.64451114922813
3.07164259E8	0.0
3.07165998E8	0.0
3.071677295E8	0.0
3.07169459E8	0.0
3.07171187E8	7.439067112134678
3.07172911E8	20.413651186718518
3.071746285E8	42.0017460132697
3.071763405E8	20.155555555555555
3.0717805E8	5.553846153846154
3.07179757E8	12.45592576971742
3.0718146E8	0.0
3.07183154E8	39.415841584158414
3.071848325E8	51.0
3.071864995E8	4.546331851253032
3.07188158E8	28.80249474421864
3.07189806E8	8.189668707803422
3.07191447E8	0.3503626364868096
3.071930855E8	1.0
3.07194713E8	6.485985260360033
3.07196327E8	2.645281072717896
3.071979365E8	3.014699939381693
3.07199539E8	39.67204301075269
3.07201133E8	0.0
3.072027235E8	0.0
3.072043025E8	11.098463687150838
3.07205867E8	21.201470588235296
3.07207427E8	6.0
3.07208982E8	0.1932168550873587
3.072105315E8	0.0
3.07212076E8	0.340959293152414
3.072136115E8	0.0
3.072151395E8	42.21707217615876
3.072166655E8	2.056481524954223
3.07218189E8	6.364005412719892
3.07219709E8	0.0
3.07221218E8	0.0
3.072227155E8	0.0
3.072242065E8	0.0
3.07225692E8	0.0
3.072271765E8	1.9882838440375676
3.07228659E8	36.673185571490656
3.072301395E8	0.0
3.072316155E8	9.42142857142857
3.072330835E8	0.0
3.0723454E8	8.820349344978165
3.072359815E8	9.16611078412138
3.072374155E8	0.0
3.07238849E8	6.898385461917173
3.072402775E8	0.0
3.072416995E8	33.318395434709636
3.072431125E8	0.6725868725868726
3.072445175E8	1.2684563758389262
3.07245921E8	0.0
3.07247322E8	0.0
3.072487205E8	17.746277915632753
3.072501165E8	3.170896785109983
3.072515085E8	17.763241838301894
3.072528945E8	13.837837837837839
3.07254274E8	38.9213170836006
3.072556495E8	20.7448699993911
3.072570195E8	1.2705242334322453
3.07258382E8	1.7142125837676843
3.07259739E8	0.0
3.072610935E8	0.0
3.072624475E8	0.5568144136177738
3.072637995E8	51.84875830710038
3.07265146E8	0.0
3.072664865E8	1.381133952254642
3.072678185E8	0.0
3.072691435E8	0.0
3.072704615E8	3.218016291327264
3.07271773E8	26.192139001349528
3.072730825E8	9.456942336874052
3.072743855E8	50.680851063829785
3.072756825E8	0.18679152291769344
3.072769735E8	0.0
3.07278257E8	6.512195121951219
3.07279535E8	2.4213197969543145
3.07280808E8	13.68
3.07282078E8	0.0
3.07283345E8	5.302595752405155
3.072846035E8	14.292772041302621
3.072858485E8	0.0
3.072870805E8	1.065825899723162
3.07288306E8	1.8081466395112016
3.072895305E8	40.0
3.0729075E8	2.2222222222222223
3.072919625E8	0.0
3.0729317E8	3.4237288135593222
3.072943745E8	0.0
3.07295576E8	5.0
3.07296769E8	0.0
3.072979505E8	0.6309148264984227
3.072991265E8	0.0
3.073002965E8	0.0
3.0730146E8	0.0
3.0730262E8	11.499893321954342
3.073037765E8	0.0
3.073049325E8	1.2489331436699858
3.073060875E8	4.067264573991031
3.07307234E8	24.15261958997722
3.073083675E8	22.0
3.0730949E8	0.11380145278450363
3.07310606E8	7.337251609291911
3.073117205E8	0.0
3.07312834E8	14.13682801924908
3.07313946E8	0.0
3.07315057E8	0.0
3.073161665E8	1.9789621318373072
3.07317273E8	29.081561409076485
3.073183765E8	27.575482738443533
3.073194775E8	4.275325452641029
3.073205775E8	0.0
3.07321677E8	0.0
3.073227755E8	0.0
3.073238735E8	8.823669040352662
3.07324967E8	14.881879702806303
3.07326045E8	16.469635627530366
3.07327112E8	25.473484848484848
3.07328175E8	0.0
3.07329233E8	3.936956680546424
3.073302885E8	6.4464444265073855
3.0733134E8	11.59064478139261
3.07332388E8	3.5190258751902586
3.073334315E8	0.0
3.073344645E8	0.1399548532731377
3.073354855E8	3.264291632145816
3.073365005E8	0.0
3.07337512E8	7.169642857142857
3.07338521E8	0.0
3.07339524E8	13.822656479576844
3.073405195E8	0.0
3.073415095E8	0.7122436295835923
3.073424955E8	0.0
3.07343481E8	0.0
3.07344466E8	4.565217391304348
3.07345449E8	0.0
3.0734643E8	0.0
3.073474095E8	0.0
3.073483845E8	40.0
3.073493565E8	0.0
3.07350326E8	3.284954811270601
3.073512895E8	0.0
3.07352248E8	0.0
3.07353193E8	19.16426907396622
3.07354126E8	0.0
3.073550565E8	0.8925619834710744
3.073559835E8	0.0
3.073569075E8	0.0
3.073578275E8	0.0
3.073587445E8	0.0
3.07359658E8	6.514522821576763
3.07360568E8	8.56946800308404
3.07361477E8	0.0
3.073623815E8	0.0
3.0736328E8	26.666666666666668
3.073641745E8	0.0
3.073650655E8	0.0
3.07365955E8	3.769633507853403
3.073668425E8	0.0
3.07367728E8	0.0
3.07368608E8	0.0
3.073694805E8	14.829268292682928
3.0737035E8	0.0
3.073712185E8	0.0
3.07372084E8	0.20233759634115356
3.073729445E8	0.0
3.07373801E8	9.162223438355094
3.07374652E8	0.0
3.07375497E8	11.777228560788163
3.07376337E8	0.0
3.07377173E8	14.78718091009989
3.073780065E8	11.287834597187116
3.07378836E8	0.0
3.073796625E8	40.0
3.07380485E8	39.315307402760354
3.073812975E8	4.7258338044092705
3.073821025E8	0.0
3.073829055E8	0.0
3.07383704E8	0.0
3.073844975E8	16.705268389662027
3.073852875E8	13.0
3.07386072E8	5.390486604702023
3.07386853E8	0.0
3.073876335E8	19.58730158730159
3.07388411E8	5.2592592592592595
3.073891845E8	0.0
3.073899525E8	12.733237461801187
3.073907155E8	60.0
3.073914765E8	40.0
3.073922355E8	18.94736842105263
3.07392992E8	0.0
3.073937465E8	0.0
3.073944975E8	0.0
3.073952445E8	0.0
3.073959905E8	0.0
3.073967355E8	0.0
3.073974755E8	0.0
3.073982085E8	0.0
3.07398938E8	0.0
3.07399665E8	0.0
3.074003845E8	0.0
3.074010975E8	0.0
3.07401809E8	24.251937984496124
3.074025195E8	0.0
3.074032295E8	0.0
3.074039365E8	0.0
3.0740464E8	27.0
3.0740534E8	0.0
3.074060365E8	0.0
3.07406728E8	18.21749795584628
3.07407414E8	0.0
3.07408095E8	0.0
3.07408771E8	0.0
3.074094455E8	0.0
3.07410119E8	0.0
3.07410791E8	0.0
3.074114535E8	0.0
3.074121015E8	0.0
3.07412743E8	0.0
3.07413383E8	3.9582089552238804
3.07414021E8	0.0
3.07414658E8	0.0
3.07415294E8	0.0
3.074159275E8	0.0
3.074165575E8	0.0
3.07417184E8	0.0
3.074178075E8	18.0
3.074184285E8	0.0
3.07419046E8	0.0
3.074196585E8	0.0
3.07420267E8	0.0
3.07420871E8	0.0
3.07421472E8	0.0
3.074220725E8	0.0
3.07422671E8	0.0
3.074232665E8	50.12394864984506
3.074238595E8	22.4609375
3.074244515E8	0.0
3.07425042E8	7.112431444241317
3.074256305E8	0.0
3.074262165E8	7.0
3.074268005E8	2.5435897435897434
3.074273815E8	0.0
3.074279595E8	7.004776500638569
3.07428537E8	40.0
3.07429113E8	2.8461538461538463
3.074296855E8	0.0
3.07430254E8	0.39568345323741005
3.07430819E8	0.0
3.074313815E8	0.0
3.074319415E8	0.0
3.07432497E8	0.0
3.074330485E8	0.0
3.074335975E8	1.3265306122448979
3.074341455E8	17.02775693923481
3.07434693E8	0.0
3.0743524E8	0.0
3.074357865E8	37.92051756007394
3.074363325E8	2.409090909090909
3.07436878E8	0.0
3.07437422E8	0.0
3.07437964E8	0.0
3.07438504E8	43.62839410395655
3.074390425E8	30.49215582324586
3.07439579E8	0.0
3.074401125E8	0.0
3.07440644E8	47.457142857142856
3.07441174E8	26.972187104930466
3.074417025E8	7.0
3.07442227E8	0.0
3.07442747E8	2.588235294117647
3.07443264E8	21.43111031292836
3.074437785E8	0.0
3.0744429E8	0.0
3.07444798E8	0.0
3.074453045E8	0.0
3.0744581E8	0.0
3.074463125E8	6.77906976744186
3.07446812E8	22.69772206529514
3.074473085E8	0.0
3.074478015E8	0.0
3.074482925E8	0.0
3.074487815E8	0.0
3.07449269E8	0.0
3.074497555E8	0.0
3.07450239E8	0.0
3.0745072E8	0.0
3.07451198E8	0.0
3.074516695E8	23.076923076923077
3.074521375E8	0.0
3.074526035E8	0.0
3.07453067E8	4.9774774774774775
3.07453528E8	0.0
3.07453982E8	0.0
3.074544305E8	0.0
3.074548775E8	6.0
3.07455321E8	0.0
3.074557615E8	0.0
3.07456201E8	0.0
3.07456637E8	12.0
3.0745707E8	0.0
3.07457503E8	0.0
3.07457932E8	0.0
3.07458353E8	0.0
3.0745877E8	0.0
3.07459185E8	0.0
3.074595975E8	0.0
3.07460009E8	0.0
3.07460419E8	0.0
3.074608275E8	7.479674796747967
3.07461234E8	6.0
3.07461637E8	0.0
3.07462037E8	0.0
3.07462436E8	0.0
3.074628295E8	0.0
3.074632175E8	0.0
3.07463604E8	2.511278195488722
3.074639885E8	41.0
3.074643725E8	0.0
3.07464756E8	0.0
3.074651385E8	0.0
3.0746552E8	0.0
3.074659E8	0.0
3.074662785E8	0.0
3.07466655E8	0.0
3.07467028E8	0.0
3.07467397E8	0.0
3.07467764E8	7.761702127659574
3.074681295E8	0.0
3.074684925E8	0.0
3.074688535E8	33.32886904761905
3.074692125E8	9.245817245817246
3.07469565E8	0.0504917121312159
3.0746991E8	0.0
3.07470252E8	0.0
3.074705915E8	0.0
3.07470929E8	0.0
3.07471266E8	0.0
3.07471601E8	0.0
3.07471933E8	25.278341013824885
3.074722625E8	0.0
3.0747259E8	0.0
3.07472917E8	0.0
3.074732435E8	0.0
3.07473569E8	0.0
3.07473894E8	0.0
3.07474218E8	0.0
3.07474541E8	0.0
3.07474863E8	0.0
3.074751825E8	0.0
3.074754995E8	0.0
3.074758155E8	0.0
3.0747613E8	0.0
3.074764425E8	0.0
3.074767535E8	0.0
3.07477063E8	0.0
3.07477372E8	0.0
3.074776785E8	1.7821782178217822
3.074779805E8	0.0
3.0747828E8	0.0
3.074785785E8	0.0
3.07478873E8	0.0
3.074791635E8	39.965259219668624
3.074794525E8	0.0
3.07479739E8	0.0
3.07480024E8	0.0
3.074803065E8	0.0
3.074805865E8	0.0
3.07480866E8	0.0
3.07481141E8	0.0
3.07481412E8	0.0
3.074816825E8	0.0
3.0748195E8	0.0
3.07482213E8	0.0
3.074824735E8	0.0
3.074827325E8	0.0
3.074829885E8	0.0
3.074832415E8	2.3076923076923075
3.074834925E8	0.0
3.07483741E8	0.0
3.07483986E8	0.0
3.07484227E8	0.0
3.07484466E8	0.0
3.07484705E8	0.0
3.07484943E8	0.0
3.074851795E8	0.0
3.074854115E8	0.0
3.07485639E8	0.0
3.074858655E8	0.0
3.074860915E8	40.0
3.074863175E8	0.0
3.07486542E8	0.0
3.07486762E8	0.0
3.074869785E8	0.0
3.074871945E8	0.0
3.07487409E8	0.0
3.07487621E8	0.0
3.0748783E8	0.0
3.074880335E8	0.0
3.07488232E8	0.0
3.07488428E8	0.0
3.074886225E8	4.0
3.0748881E8	0.0
3.07488991E8	0.0
3.07489172E8	0.0
3.07489351E8	0.0
3.074895275E8	30.410958904109588
3.07489703E8	0.0
3.07489878E8	0.0
3.07490053E8	0.0
3.074902265E8	0.0
3.07490395E8	0.0
3.074905575E8	0.0
3.074907135E8	0.0
3.07490864E8	0.0
3.07491012E8	0.0
3.074911565E8	0.0
3.07491297E8	0.0
3.074914355E8	0.0
3.074915695E8	0.0
3.074916995E8	0.0
3.074918285E8	0.0
3.074919565E8	0.0
3.07492084E8	0.0
3.07492211E8	0.0
3.07492338E8	0.0
3.074924645E8	0.0
3.074925885E8	0.0
3.074927095E8	0.0
3.074928275E8	0.0
3.074929365E8	0.0
3.074930385E8	0.0
3.074931395E8	0.0
3.07493239E8	0.0
3.07493338E8	0.0
3.07493436E8	0.0
3.07493525E8	0.0
3.074936035E8	0.0
3.07493678E8	0.0
3.074937455E8	0.0
3.07493806E8	0.0
