#Position (bp)	Coverage
384368.0	30.589725978393073
1153103.0	30.61393848335252
1921838.0	32.57797030185955
2690573.0	35.86036670634224
3459308.0	31.327513382374942
4228043.0	32.79010712404145
4996778.0	32.3816946021711
5765513.0	34.47799436736977
6534248.0	32.493203769829655
7302983.0	29.263466604226423
8071718.0	26.76168640688924
8840453.0	22.701680032781127
9609188.0	26.44160601507672
1.0377923E7	21.06246235698908
1.0801324E7	24.910423098108037
1.11856915E7	28.40671060480578
1.1915393E7	27.782361932265346
1.2684128E7	33.77420957807307
1.3452863E7	34.923852823144514
1.4221598E7	32.09118877116301
1.4990333E7	34.54831248739813
1.5759068E7	36.652492731565495
1.6527803E7	34.94413939784191
1.7296538E7	31.270956831678017
1.8065273E7	14.421316838702543
1.8834008E7	21.79631602567855
1.9602743E7	23.401910931595413
2.018777E7	18.085822001948575
2.05721375E7	12.388418032965358
2.1140213E7	13.962552765257207
2.1908948E7	19.108828139736058
2.2677683E7	29.63650152523301
2.3446418E7	34.52048105003675
2.4215153E7	32.56300675785544
2.4983888E7	37.820035512888055
2.5752623E7	37.22254483014303
2.6521358E7	35.243796626926056
2.7290093E7	28.73301202625092
2.8058828E7	22.891759839216373
2.86485735E7	25.605503023692897
2.9032941E7	28.512988192044784
2.9596298E7	34.312983017554814
3.0365033E7	36.710592076593365
3.1133768E7	35.809591081452
3.1902503E7	33.35620077139716
3.2671238E7	32.101898573630706
3.3439973E7	34.599919348019796
3.4208708E7	37.36571770506091
3.4977443E7	29.276727350777577
3.5659712E7	25.057132978518066
3.60440795E7	24.256586403904425
3.6514913E7	29.58936954867412
3.7283648E7	33.02696377815502
3.8052383E7	35.138302535984444
3.8821118E7	36.481390856406954
3.9589853E7	39.20820048521272
4.0358588E7	33.866882605839464
4.1127323E7	34.44972714914763
4.1896058E7	37.22109699701458
4.2664793E7	36.421694081835746
4.3049519E7	181.05020920502093
4.34338865E7	23.49530349549099
4.4202263E7	18.135157108756594
4.4970998E7	15.165642256434271
4.5739733E7	52.42458844725426
4.6508468E7	21.0629176504257
4.7277203E7	16.666305033594153
4.8045938E7	21.287476178396975
4.8668911E7	13.004884631745705
4.90532785E7	31.88023970582182
4.9583408E7	30.971946119273873
5.0352143E7	34.102926235959075
5.1120878E7	36.76119468997769
5.1889613E7	32.57009632708281
5.2658348E7	34.47673645664631
5.3427083E7	36.61297846462045
5.38687855E7	35.7202406906776
5.4253153E7	26.94203022635365
5.4964553E7	24.51726537753582
5.5733288E7	25.143697112789194
5.6502023E7	30.570296656194916
5.7270758E7	30.66618275478546
5.8039493E7	31.833963589533454
5.85039505E7	30.76738668997378
5.8888318E7	15.255528259565693
5.9576963E7	16.307406323375414
6.0345698E7	15.769133706673951
6.1114433E7	19.054082356078492
6.1883168E7	17.268761016475118
6.2651903E7	19.661987550976605
6.3087631E7	16.849018214386543
6.34719985E7	10.308750266510915
6.4189373E7	20.143746544648025
6.4958108E7	17.87768997118643
6.5726843E7	19.96141713334244
6.6495578E7	17.999189577682817
6.7140034E7	13.620221578424268
6.75244015E7	34.22143322685248
6.8033048E7	27.51042166676423
6.8801783E7	27.08908011213227
6.9570518E7	24.466044865916082
7.0339253E7	24.18982614294913
7.11040115E7	20.020227870796102
7.1488379E7	28.49025524959135
7.1876723E7	27.361440548433464
7.2645458E7	34.41769790630061
7.3414193E7	38.41250235776958
7.4182928E7	35.29180406772165
7.4951663E7	33.036320708696756
7.5358208E7	25.5033479878255
7.57425755E7	25.043346033849637
7.6489133E7	31.355140588109037
7.7257868E7	27.09364085152881
7.8026603E7	25.934410427520536
7.8795338E7	27.02600375942295
7.92080895E7	24.851007609921083
7.9592457E7	29.52776884321886
8.0332808E7	20.5884290425179
8.1101543E7	26.308765699493325
8.1870278E7	24.017455950360006
8.26063115E7	20.874771800515262
8.2990679E7	14.278733391434644
8.3407748E7	17.495066570404624
8.4176483E7	14.933221461231764
8.4945218E7	17.26352904446916
8.5713953E7	19.26968331089387
8.6362088E7	17.625526268399252
8.67464555E7	12.073105306799336
8.7251423E7	18.48316780164816
8.8020158E7	19.084325547815567
8.8788893E7	15.04291335765901
8.9557628E7	17.44648285820211
9.0098611E7	13.70892727731291
9.04829785E7	26.906444290280657
9.1095098E7	29.151387669352896
9.1863833E7	29.62107618360033
9.2632568E7	30.987237474552348
9.3401303E7	22.174883412359264
9.38242175E7	19.1153915998651
9.4208585E7	17.245841411946373
9.4938773E7	19.572802070934717
9.5707508E7	19.06595120555198
9.6476243E7	19.16176705886944
9.71220675E7	14.735040561163022
9.7506435E7	24.53670353631301
9.8013713E7	26.02984383435124
9.8782448E7	19.132072820933093
9.9551183E7	16.070733087474878
1.00269334E8	15.16804006189641
1.006537015E8	4.134044361853551
1.01088653E8	18.097838657014446
1.01857388E8	19.690019317450098
1.02626123E8	18.08020058927979
1.033545365E8	27.076598768769294
1.03738904E8	10.588804979973464
1.04163593E8	10.924578690966328
1.04932328E8	11.275661964135885
1.05701063E8	10.034576284415305
1.06347158E8	7.430944398276834
1.067315255E8	23.9972154272668
1.07238533E8	18.092644409321807
1.08007268E8	17.03314145967076
1.08776003E8	23.203581208088615
1.09309377E8	25.902967320217574
1.096937445E8	30.92493658677521
1.10313473E8	31.06690341925371
1.11082208E8	35.95994328344618
1.11850943E8	44.659443111085096
1.12235708E8	30.47295597484277
1.126200755E8	10.424340443263796
1.13388413E8	11.243506539965008
1.14157148E8	14.218536947062383
1.147696095E8	12.444325585065807
1.15153977E8	12.729138337594026
1.15694618E8	11.470332429250652
1.16463353E8	12.232985359063917
1.17232088E8	15.878669502494358
1.17668795E8	28.360263281078343
1.180531625E8	33.044428481935256
1.18769558E8	36.853330471488874
1.19538293E8	35.321679122194254
1.2014897E8	29.907593362187622
1.205333375E8	22.86355008920776
1.21075763E8	17.695895204459273
1.21844498E8	21.166439670367552
1.225916085E8	20.60684286119925
1.22975976E8	26.96684316400379
1.23381968E8	27.966079338133426
1.24150703E8	26.9902072885975
1.24919438E8	20.089129543991103
1.253769895E8	15.969173589855707
1.25761357E8	15.811209463226682
1.26456908E8	16.214379467566847
1.27225643E8	18.574666172348078
1.277254535E8	13.410873764541808
1.28109821E8	16.41698134606553
1.28763113E8	17.777196303017295
1.29531848E8	21.430478643485728
1.300272615E8	17.210556886335393
1.30411629E8	15.757805368403144
1.31069318E8	18.777725744242165
1.31838053E8	18.554642367005535
1.322676755E8	23.804629322726772
1.32652043E8	15.441888753732169
1.33375523E8	21.11062069503795
1.34030498E8	15.320844765943294
1.344148655E8	6.6433104781997185
1.34912993E8	17.732937878462668
1.35681728E8	18.53240323388424
1.361569665E8	12.862486381793971
1.36541334E8	13.755569487200018
1.37219198E8	14.902735012715695
1.37895604E8	15.110973381934231
1.382799715E8	9.96499474704589
1.38756668E8	13.301465394446721
1.39525403E8	11.772392306841759
1.400102465E8	13.415765954058681
1.40394614E8	11.17808211940125
1.41062873E8	20.18442246027565
1.417121025E8	12.10633084398668
1.4209647E8	21.24613093121237
1.42600343E8	19.825354641066166
1.43369078E8	19.622726947517677
1.437831155E8	12.946595888102461
1.44167483E8	18.079734139654214
1.44906548E8	13.770720729510169
1.45465214E8	6.939709750801068
1.458495815E8	17.085212477804912
1.46444018E8	18.6986126558567
1.47106683E8	18.229276224184552
1.474910505E8	13.317799566324126
1.47981488E8	11.42240303875848
1.48737048E8	9.862502609831825
1.491214155E8	17.000834914611005
1.49518958E8	22.9834052046544
1.50287693E8	27.039174748125166
1.50728883E8	28.7615997184214
1.511132505E8	18.487705506113663
1.51825163E8	20.684387988058305
1.52332369E8	15.77240848756701
1.527167365E8	35.029992849741326
1.53362633E8	31.37007941618373
1.5389724E8	26.241634190742115
1.542816075E8	8.215597878083782
1.54900103E8	8.20068554183171
1.55461321E8	7.926975043893005
1.558456885E8	30.11953237566079
1.56437573E8	28.95348331999974
1.57018682E8	28.087815737909896
1.574030495E8	11.608503085926257
1.57975043E8	24.402510618093363
1.585640605E8	35.332518934766675
1.58948428E8	21.071531709488504
1.59512513E8	28.51528420066733
1.6009777E8	30.964403316250973
1.604821375E8	7.008935676211862
1.61049983E8	11.00865447781095
1.616289075E8	19.98220572891235
1.62013275E8	30.047781866651214
1.62587453E8	16.037465446480258
1.631586895E8	11.33473984448999
1.63543057E8	22.818383430760235
1.64124923E8	21.233522605319127
1.64685819E8	15.388288576632101
1.650701865E8	17.88136730834925
1.65662393E8	19.104560088977347
1.66204869E8	22.63190151067147
1.665892365E8	6.561334576746118
1.67199863E8	17.099355434577586
1.67707403E8	4.818624287077067
1.680917705E8	26.68786921648577
1.68737333E8	19.828117621807255
1.69197014E8	13.262031375517006
1.695813815E8	17.23862820089693
1.70274803E8	12.893556297033438
1.706842435E8	9.664818729310413
1.71068611E8	13.474701115658604
1.717757825E8	8.418409380326954
1.7216015E8	20.746399747879586
1.72581008E8	24.42319915185337
1.732448375E8	29.403791928777437
1.73629205E8	18.863029107148815
1.74118478E8	15.79726693854189
1.7470787E8	9.126009330592197
1.750922375E8	13.941196478256748
1.75655948E8	19.151767514162877
1.761671155E8	24.196920347003154
1.76551483E8	18.758814679647084
1.77193418E8	21.202818916791873
1.775981795E8	61.1907668922232
1.77982547E8	34.596830538487005
1.786433205E8	35.89493261455526
1.79027688E8	15.953355982527764
1.79499623E8	10.699165512172595
1.80059845E8	22.98523779601887
1.804442125E8	20.58445516586496
1.81037093E8	20.561384612382682
1.814629515E8	7.8680075197030686
1.81847319E8	7.764014156700736
1.824697645E8	8.52867986078571
1.82854132E8	19.83090406828342
1.83343298E8	15.489670692761484
1.83845386E8	21.303791608088652
1.842297535E8	5.572759115984804
1.848263935E8	17.777783165097443
1.85210761E8	14.59317327055881
1.85649503E8	22.303864140438513
1.861815255E8	28.377989231654873
1.86565893E8	12.638354544014364
1.871516995E8	14.848761365133747
1.87536067E8	21.01865423051299
1.87955708E8	19.368436457296728
1.88487033E8	16.264294098633957
1.888714005E8	13.521606082304874
1.89437117E8	19.41387697167129
1.898214845E8	25.43959258664669
1.90261913E8	17.904177642490584
1.907655555E8	28.21586669461329
1.91149923E8	22.685407923649294
1.917006725E8	21.555928963757232
1.9208504E8	9.123928052233552
1.92568118E8	13.217233506995258
1.93014003E8	28.007087414150444
1.933983705E8	15.655476227350162
1.939421735E8	8.883049788869126
1.94326541E8	11.845335022289945
1.948700135E8	11.273564824316288
1.95254381E8	12.874579417565842
1.95643058E8	17.916967485544433
1.96173218E8	23.714618378860365
1.965575855E8	11.409259142827203
1.970859405E8	12.031632617848024
1.97470308E8	8.854679529536144
1.97949263E8	10.873234599699506
1.98379719E8	20.881488874665045
1.987640865E8	6.94272922646691
1.99284827E8	9.99851201486341
1.996691945E8	16.256976018543284
2.001689555E8	13.667858521763945
2.00553323E8	20.443883831816212
2.01024203E8	25.69940876895159
2.0143258E8	11.429330056852496
2.018169475E8	15.215223472213744
2.023091665E8	18.20905347297533
2.02693534E8	16.910529035886206
2.03168465E8	17.97703040807105
2.035528325E8	15.219342608201652
2.04022535E8	16.124707766941395
2.044069025E8	9.301012949039265
2.048603755E8	11.850872328287318
2.05244743E8	1.4875041652782406
2.05636613E8	20.485142474324704
2.060816995E8	20.847362440092887
2.06466067E8	18.995796365501462
2.069158215E8	19.64327232645552
2.07300189E8	22.943425558978014
2.07743072E8	18.205729018559595
2.081274395E8	17.033107045948356
2.08563085E8	14.305674662303227
2.089474525E8	23.422407522159656
2.09377998E8	20.3882674087795
2.097623655E8	8.83357610714635
2.101865875E8	7.445333175950201
2.10570955E8	6.389938416445772
2.10991954E8	17.733616221394538
2.113763215E8	8.238548287087273
2.117807295E8	17.169911041616043
2.12165097E8	9.427865012579161
2.12555228E8	11.101458890254769
2.12951007E8	8.07834202339745
2.133353745E8	26.17763355462843
2.137362725E8	25.281493808603535
2.1412064E8	12.592491277980953
2.145168735E8	8.409038384244372
2.14901241E8	31.317946537535608
2.15295174E8	31.298064751334216
2.156795415E8	17.49927461387368
2.160708055E8	158.54937799893372
2.16455173E8	17.091367657479864
2.16845987E8	7.668882989324978
2.172303545E8	21.83698946995346
2.176193275E8	23.084140399869284
2.18003695E8	13.940822374075646
2.183870575E8	8.213715940105855
2.18771425E8	12.538414497068862
2.191437085E8	12.915687865321852
2.19528076E8	14.04635686364194
2.19895419E8	9.58094252657323
2.202797865E8	14.283913134903603
2.20645687E8	11.391884320892137
2.21025053E8	14.118402937127122
2.21390679E8	10.765870238928322
2.217493495E8	14.94496690408263
2.22133717E8	8.048992621789338
2.22491112E8	11.244003226235971
2.228754795E8	17.53797402507326
2.232300165E8	15.295631699150459
2.23614384E8	7.344222670468506
2.239617555E8	11.782008311848232
2.24346123E8	23.311287375248497
2.2468963E8	10.752828073668038
2.250739975E8	10.188294488322306
2.254154375E8	7.9670267261843914
2.25799805E8	11.011032933161454
2.261404185E8	12.86574269995768
2.26524786E8	23.901749527355832
2.2685767E8	20.79125976411506
2.272420375E8	13.865328162939877
2.275674865E8	12.032564079175408
2.27901798E8	22.486898399573604
2.282642395E8	15.998022215119066
2.28575658E8	16.25557798077383
2.289600255E8	20.15783911223121
2.29270193E8	21.540599746209843
2.296545605E8	17.67237899647575
2.299644725E8	27.591902011410117
2.3034884E8	10.481858790659665
2.30655893E8	16.56427209154482
2.309973965E8	21.72308411001238
2.313463715E8	4.345464725643897
2.31650276E8	7.740953989898119
2.320346435E8	6.999549976890705
2.32330417E8	15.441252794344912
2.327147845E8	8.460917039840318
2.33008396E8	6.778835972359087
2.333832675E8	13.255209239343614
2.336859445E8	2.4799915754001685
2.33975938E8	17.73679088048913
2.343603055E8	19.20663810532396
2.346438945E8	30.435947228729294
2.35028262E8	17.657867025656188
2.353116695E8	10.739617059637629
2.35668032E8	27.213277210121632
2.359736405E8	14.567880735582932
2.36248209E8	26.27661231285247
2.366325765E8	17.16335520013933
2.36905892E8	17.012866066717585
2.372902595E8	24.393171151187836
2.375596255E8	24.037079473427596
2.378457775E8	12.587296060110976
2.38209635E8	20.03484175104744
2.384723095E8	8.997844447552277
2.38856677E8	7.400055022884517
2.391161115E8	11.852110003541972
2.394117615E8	16.756479283472068
2.39756603E8	26.779383999774566
2.40012063E8	20.903665832046418
2.403964305E8	9.02622400919012
2.40651522E8	6.96979968772103
2.40935513E8	8.9947104648828
2.41282414E8	10.36769562596823
2.415260005E8	11.069792612247747
2.41910368E8	25.00923670215523
2.42153892E8	2.553982674836256
2.423992835E8	9.16433494496451
2.427812845E8	15.62384152659452
2.430194555E8	13.444226019456625
2.43354977E8	26.96733967625298
2.436401495E8	13.389909102075912
2.43875304E8	17.616426518382145
2.442596715E8	18.386947828677314
2.44494215E8	17.097630500623552
2.447631205E8	22.722118483269583
2.451110035E8	11.312072370130432
2.45340206E8	6.111187307950994
2.45672164E8	23.948019750936567
2.45942791E8	7.663896812600769
2.46158155E8	11.276675390983373
2.46536439E8	22.9869664862455
2.46757852E8	13.095832990876962
2.469695205E8	10.301665977576185
2.47353888E8	11.704467719155957
2.47564574E8	14.271960756656792
2.47805319E8	8.007522451236943
2.48157783E8	11.090292259221222
2.48365893E8	18.784182981197908
2.486381075E8	18.99723435085473
2.489579875E8	14.951713284530953
2.49165224E8	14.095184758659494
2.49467076E8	18.474170388623026
2.4975636E8	18.940950488090117
2.499626485E8	18.645488111300526
2.502879155E8	19.033365757789312
2.5054851E8	7.900068527339024
2.507484705E8	12.183891807468408
2.510885645E8	15.94636959555096
2.51332072E8	3.8404463166453975
2.51527848E8	11.123664625996271
2.51873065E8	9.448740285316793
2.5210593E8	16.837958646760576
2.5229909E8	22.162019226086702
2.52643082E8	6.706291368941876
2.5287344E8	23.5679434310411
2.53058026E8	23.89455691506513
2.5338655E8	9.192565927075336
2.53626707E8	15.547718176690214
2.53810996E8	12.323483500784379
2.541215335E8	10.188646398523822
2.543774555E8	7.193945550589191
2.545591305E8	9.410644907042515
2.54848343E8	10.530398224599224
2.551248655E8	22.000409857600758
2.553049575E8	28.096147733025653
2.555674465E8	13.533491596827972
2.55866877E8	19.024142896409128
2.560427725E8	19.276588851657813
2.562705875E8	11.920450753173224
2.56600938E8	14.696236086935693
2.56774153E8	14.32231057764441
2.569624935E8	10.950945956965947
2.57304699E8	31.315614783539313
2.57500726E8	8.341065511088452
2.576711905E8	10.003587072741697
2.57986484E8	10.363779402742347
2.582258865E8	32.89777629788343
2.583930965E8	24.67048279938045
2.586566015E8	21.785558357370487
2.58942833E8	15.726296411211086
2.5910475E8	13.409163429100342
2.593058495E8	16.9551251210597
2.59625725E8	19.81066504828553
2.59808993E8	5.729578666666667
2.59968316E8	13.05145876491605
2.60263454E8	8.56206025023155
2.60511936E8	12.399060848710349
2.60669987E8	9.821298576752904
2.60895678E8	15.034876123146947
2.61207803E8	8.043611981540106
2.613664795E8	26.35895936860567
2.61520696E8	13.667858125739826
2.61824593E8	22.967962430152546
2.62058165E8	11.332612572309108
2.622109925E8	12.890369971115442
2.624361765E8	29.584108174602655
2.627407855E8	9.079716303646018
2.62899969E8	20.45065189488617
2.63050826E8	11.096448027437079
2.633441895E8	18.316680897617204
2.635851015E8	9.820623269306843
2.63733667E8	2.8367745802315785
2.639380475E8	18.22079907913826
2.64231582E8	9.58407598379176
2.64411569E8	13.195046811835956
2.645558915E8	37.09237197323752
2.648102425E8	20.579183531053733
2.65083559E8	8.024335372818065
2.65224529E8	18.207787465193775
2.653750005E8	10.226264711363408
2.65651351E8	17.15156121535454
2.65885247E8	7.188948471876658
2.66021552E8	14.869691525553305
2.66196816E8	19.51104780459115
2.664682985E8	13.354613908164772
2.66677402E8	19.016803927026825
2.668104465E8	7.260113466103264
2.670024795E8	14.694998190481934
2.672676815E8	18.39671871464132
2.67460016E8	6.735495151804165
2.67590504E8	11.012520590751306
2.67790844E8	7.93691003845961
2.680494615E8	10.612805327090488
2.68233489E8	9.6052629187755
2.683623315E8	12.582996911238755
2.685626535E8	17.58590501636286
2.688141505E8	13.137637909929515
2.68998196E8	17.72432244790829
2.691212125E8	20.19638222694725
2.69305491E8	12.75399882809091
2.69544969E8	11.647692417433483
2.69745058E8	17.99219671928578
2.698635095E8	27.03862861102228
2.700194335E8	17.475232263513515
2.7025476E8	27.62841614176427
2.704832035E8	17.904153626801296
2.706000615E8	29.620108593896273
2.707192135E8	7.479892101817926
2.70946674E8	8.648806198003511
2.711728175E8	11.857565736839298
2.713243835E8	17.706349815724817
2.714361945E8	28.02229890430168
2.71620605E8	12.262734896549254
2.718435565E8	14.404951473759885
2.720435135E8	12.553599016655953
2.721547675E8	6.843291845683661
2.722872195E8	19.61564505119454
2.725064275E8	12.821892749673017
2.727249785E8	8.625180830998554
2.72867561E8	8.700699845644323
2.729767215E8	15.664309462240752
2.731596875E8	8.938252309414949
2.733731465E8	8.086377706065539
2.73574548E8	9.50361939808122
2.736806165E8	18.366648411829136
2.737972355E8	14.430836716731495
2.74008185E8	10.335465610500872
2.7421821E8	9.219952548489811
2.74380672E8	22.910642979029337
2.744841805E8	26.54573550289396
2.746317545E8	20.295807994969987
2.74835029E8	14.11450896926162
2.750368585E8	25.966425496292754
2.751721665E8	10.279087060977005
2.752717585E8	10.346598997338615
2.754346305E8	29.621839501648957
2.75629477E8	12.651354778603038
2.75822252E8	23.70026254906548
2.75947145E8	3.5726223429257846
2.760430425E8	8.28094437084121
2.762057895E8	17.53348331066234
2.763968555E8	28.264655064086455
2.76587426E8	11.010418145769897
2.767135505E8	10.042834138486313
2.76808458E8	12.03751321301335
2.76967139E8	22.440629168929643
2.77156076E8	10.848523325559032
2.773432765E8	9.18957534349587
2.774748495E8	11.155485111469106
2.775673295E8	11.851057524910175
2.77713495E8	14.013415209690631
2.77897569E8	13.749375697070265
2.780813245E8	10.018769120224707
2.78227624E8	6.2146051628663
2.78318713E8	9.614000136453571
2.78445831E8	18.046437985974105
2.78624475E8	9.241112188593432
2.78799759E8	8.35272138712399
2.7896884E8	12.399198443247464
2.79055951E8	5.212224273637159
2.791480645E8	15.310234799006532
2.793219045E8	8.39931163090524
2.794951505E8	21.382904577766457
2.796670295E8	10.255470440325126
2.797860375E8	16.081112139211413
2.798713395E8	18.31215853587907
2.80007599E8	15.3908750244197
2.801762495E8	18.762109514194083
2.8034403E8	22.059408664860243
2.80507948E8	11.372724160468083
2.805915035E8	5.504801734820322
2.80677891E8	6.788057888755945
2.80844071E8	24.131973428249648
2.810100155E8	27.27329241232936
2.81175222E8	8.816850484610944
2.813072575E8	18.428979157035755
2.81389511E8	19.01112290580145
2.81503931E8	11.341640268800468
2.816671245E8	6.925954179688461
2.81829173E8	10.749407300571344
2.819906385E8	19.78684735596287
2.820985375E8	6.641998676859747
2.821788915E8	5.62551273849396
2.823119855E8	11.425332716265572
2.82471554E8	16.96535439993469
2.8263049E8	7.654443330748719
2.827887405E8	28.147247735478558
2.82881078E8	7.753031150904682
2.829592085E8	10.986165183537263
2.831008305E8	16.84291362134887
2.832545715E8	16.60917797701927
2.8340819E8	11.805109969194298
2.8356106E8	12.013535089390723
2.83650187E8	7.082050888436888
2.837259075E8	13.54232597460601
2.838639935E8	10.189172878478393
2.84014566E8	35.60169463343908
2.841642325E8	5.119576307593169
2.843131325E8	9.515138687308498
2.844097475E8	13.295703283340089
2.844837785E8	9.888872810064058
2.84609444E8	13.725444388014221
2.847568575E8	5.3097069696640204
2.84903889E8	9.679697231657261
2.850507725E8	5.874931906084872
2.85162443E8	15.09696018827221
2.85235427E8	9.784436480865823
2.8534268E8	11.361935692959047
2.85486983E8	12.195552398264418
2.85630282E8	13.25199454602664
2.85773144E8	17.972629616912737
2.859069595E8	8.685940026576583
2.859767315E8	5.103269046642046
2.86052856E8	9.069870010971684
2.861903485E8	16.690895324626158
2.86326707E8	26.688036997909265
2.86461012E8	13.294699476927002
2.865942015E8	10.139444744907157
2.866994605E8	73.91062152732911
2.867650045E8	94.61896160005959
2.868562865E8	9.598078624307421
2.86985097E8	13.772645722496213
2.87113018E8	21.99289463123687
2.872400565E8	14.425891802504134
2.8736678E8	18.113200534569064
2.874684495E8	10.923597200905283
2.875308515E8	17.617148699970787
2.876171135E8	16.089236127831015
2.877417145E8	17.01227929373997
2.87865989E8	10.180130537559803
2.87989856E8	15.241087369228906
2.881135245E8	15.377897565397566
2.88225463E8	22.025796162471966
2.882869705E8	4.639620978404584
2.883595355E8	12.52174126102581
2.884818635E8	20.03012698828304
2.88604014E8	21.20192488839743
2.88725668E8	9.715878999859763
2.88845977E8	15.131563298295573
2.889652565E8	15.040582726326743
2.890345995E8	4.738192808113923
2.89094055E8	17.203402791053335
2.892031115E8	8.379914760284358
2.893211245E8	10.614064551329047
2.8943711E8	21.78048993189092
2.89550763E8	18.835578007226754
2.896633655E8	7.1234542676426695
2.897663725E8	14.457590480063352
2.898226395E8	10.608025984911986
2.89887659E8	25.719092211877314
2.899984115E8	14.14968250809559
2.901089365E8	19.433219302056184
2.90218437E8	12.47932353347772
2.903262345E8	14.398963488654402
2.9043256E8	16.61371150330141
2.905335855E8	11.11415690745155
2.905862925E8	2.60645450470641
2.906432345E8	10.523046875
2.907479405E8	14.839821161873397
2.90851896E8	7.4930648856068585
2.90955247E8	14.874432164892536
2.91058116E8	16.10038538465291
2.91160204E8	10.939782260205938
2.912615545E8	10.391595723619085
2.91331315E8	8.762084101711643
2.9138107E8	11.28035207920143
2.91461273E8	12.591084237954869
2.91559725E8	0.6221707159485985
2.91657178E8	10.978911487797616
2.917545145E8	12.184653658737176
2.91851644E8	13.01744599680363
2.91948596E8	0.4749429936338592
2.920451375E8	5.401376814608377
2.9210626E8	17.901307465204557
2.921538905E8	22.809872795605667
2.922360205E8	16.739387883887254
2.923310645E8	9.005641630178511
2.924255295E8	15.738815187070122
2.925187585E8	11.826986253998443
2.92610929E8	5.194804204564021
2.92702327E8	9.157696915079514
2.92792108E8	17.09145205541317
2.928622145E8	8.249622400371791
2.929062585E8	16.452779454535477
2.92967363E8	9.034630318435688
2.930529085E8	3.2864827489218076
2.931380435E8	11.996491723764452
2.9322235E8	7.586858051176632
2.93305647E8	1.298722911616801
2.93388439E8	9.650584919127521
2.93470965E8	10.856974669563423
2.935531875E8	14.740817022936115
2.936254925E8	21.885366711426563
2.936664795E8	9.632763415387785
2.9371692E8	5.9606447098682835
2.937980535E8	14.661266768971833
2.938782955E8	15.172402108433735
2.93957456E8	24.48816774964713
2.940359865E8	2.2200841622035195
2.94113718E8	8.967719325571434
2.94190606E8	9.263432942801662
2.94267212E8	0.42797369212463554
2.9434356E8	13.083642756865267
2.94403587E8	19.52629057645368
2.944416325E8	21.282600607676567
2.944955125E8	8.104534738961142
2.9457076E8	17.352251663577324
2.9464554E8	9.978852368883347
2.947198625E8	4.986351486351486
2.947938495E8	0.3272259810554804
2.94867693E8	18.191524252239553
2.94941437E8	7.2005535881467
2.950150255E8	6.543701344656759
2.9508846E8	9.549071437330536
2.951596985E8	12.136457066759307
2.951959055E8	12.654954954954954
2.9523318E8	1.725494601159803
2.953042615E8	5.3981450157871
2.95375117E8	8.545663939406786
2.95445692E8	16.34555219300115
2.95515887E8	11.702429757024298
2.955858525E8	9.994880155597507
2.956554665E8	30.247157451229366
2.957244435E8	3.020626365622724
2.957929165E8	5.7521084690172195
2.958609135E8	0.9511654701763715
2.959283655E8	6.943799660744577
2.95962472E8	5.184707050645482
2.959959795E8	8.514740637498486
2.960623185E8	33.357612119394034
2.961285905E8	9.206682454382609
2.961944545E8	7.7665593585811035
2.96259386E8	7.1554312674780105
2.963231915E8	15.031288324266532
2.963866495E8	15.75465141990713
2.964495135E8	10.585862146313326
2.96511883E8	15.476983553951063
2.96574108E8	7.988120724346077
2.966360135E8	9.149936776578153
2.966975155E8	12.93491307609511
2.967299425E8	5.578619909502263
2.967605265E8	10.361448500832871
2.968197085E8	5.07630244352236
2.968803715E8	10.08301151929234
2.969406465E8	13.955433984922276
2.970003935E8	8.458513890288556
2.97059853E8	18.425203347872216
2.971191925E8	9.097777328071773
2.971783685E8	10.362414061706234
2.972373605E8	6.668912268793484
2.972962345E8	8.49325036553436
2.973550285E8	15.051590947762463
2.974136535E8	13.221169630642954
2.974716695E8	0.3267479844314707
2.975006415E8	0.0
2.975297915E8	6.016940664502314
2.975874835E8	12.132437887118101
2.97644944E8	13.667786578466359
2.977022745E8	12.312936940715884
2.977593955E8	20.823045628309895
2.97816386E8	10.31874286717584
2.97873337E8	18.130156110067254
2.97929694E8	11.778202162569261
2.979853355E8	22.022425967288708
2.98040566E8	7.032195832195832
2.980954345E8	6.576416265148197
2.98150189E8	7.067236873366595
2.982045775E8	6.719256381798002
2.98250394E8	44.801958853431984
2.98277297E8	16.005051438427895
2.98312184E8	1.0666218412058048
2.983655255E8	0.6621504647924429
2.98418571E8	6.58716878505732
2.98471025E8	13.69637598876037
2.985229515E8	13.426272786834701
2.98574718E8	11.578264490017235
2.98626245E8	34.08773704171934
2.986775555E8	9.413252353239855
2.987287515E8	19.478998163560348
2.9877965E8	20.10292228962083
2.98830158E8	4.38061700228152
2.98880377E8	10.247976335618493
2.9893041E8	8.681210401135251
2.989803155E8	20.69388083088915
2.9902156E8	7.134205618904955
2.99046443E8	6.152799765464673
2.990795815E8	15.426496282150257
2.991287095E8	9.796161846881756
2.991776335E8	7.934445036260089
2.99226409E8	9.5584053183413
2.992750675E8	0.5238575545491972
2.99323612E8	5.3054484734791485
2.993721015E8	13.575696306994017
2.99420364E8	5.371907189678494
2.994682855E8	12.994245417259563
2.995160355E8	15.270372233400403
2.99563736E8	12.747656692318984
2.99611366E8	18.21479472788043
2.99658856E8	31.456073741272753
2.99706222E8	10.650909705639963
2.99753043E8	8.416654072842677
2.997914265E8	4.553468208092486
2.998145535E8	2.6500695938251297
2.998454455E8	8.477097742398538
2.998912785E8	10.348056382419891
2.999369015E8	9.332740682207296
2.99982407E8	10.568455327481134
3.000278035E8	11.735222761358624
3.00072936E8	2.6893266555370063
3.001178095E8	8.408950961581366
3.001626E8	3.82948680712259
3.002072585E8	4.818528659275551
3.0025153E8	13.47063771740366
3.002951105E8	5.822378173059107
3.00338256E8	11.298504000927752
3.00381246E8	5.726840079318792
3.00424041E8	13.174441193680515
3.00466617E8	2.6952176679944375
3.00509036E8	29.29612600504586
3.005513965E8	14.724556842354053
3.005739685E8	3.8461538461538463
3.0059498E8	4.628849932378984
3.006355E8	8.349047812477599
3.00677186E8	261.03472941403146
3.00718655E8	7.405968563633291
3.007599975E8	14.122613162741107
3.008009635E8	17.668822545740703
3.00841504E8	31.582403444095306
3.00881871E8	8.766872535158866
3.009221625E8	20.48892365767645
3.00962411E8	3.4894981481941785
3.01002529E8	2.948456442944632
3.010424755E8	5.226784997994384
3.010823325E8	12.709888012855924
3.011221535E8	5.476215591721921
3.01161883E8	2.1022122442802007
3.012013185E8	7.990058121749771
3.01240271E8	27.28541510458412
3.01278813E8	5.832556565209467
3.013171725E8	6.1127323031948215
3.013402245E8	17.673896303901437
3.01359325E8	10.83948830938209
3.01393599E8	12.74598180340334
3.01431711E8	3.112275173953
3.014697935E8	5.967515756302521
3.015075635E8	6.071409503470369
3.01544826E8	10.207554296506137
3.015818905E8	7.867580401467731
3.01618727E8	15.065175230134667
3.01655231E8	3.833402016538916
3.01691575E8	14.698696574719612
3.01727817E8	33.344964774140074
3.017639465E8	14.463842058562555
3.018000005E8	4.769420708023527
3.018360275E8	7.9768119966675926
3.018718265E8	8.139625716533663
3.019074095E8	0.28450165832818036
3.0194275E8	15.121328661367974
3.01977819E8	27.46798915370344
3.020128525E8	7.780686229732816
3.02047874E8	2.5978406786438546
3.020828745E8	58.6566161760503
3.021066125E8	9.076645843344545
3.021240165E8	6.717140041214945
3.0215234E8	3.004748725418791
3.021865385E8	15.63527236440479
3.022202135E8	6.310655688442815
3.02253491E8	12.00186314872134
3.022863395E8	2.380320789636027
3.02318457E8	0.7462203363193463
3.023501625E8	4.364508165590581
3.02381257E8	5.55097571339849
3.024117055E8	13.383612724392819
3.024418645E8	5.90344505897248
3.024718665E8	5.747449149716572
3.02501802E8	12.633814129379873
3.0253152E8	12.83231263745559
3.02561013E8	12.08185246848561
3.025904035E8	31.411788756388415
3.026196635E8	17.59218375042852
3.02648696E8	13.505589202284133
3.026774925E8	4.624364067182382
3.0270614E8	2.5061020386753854
3.0273473E8	11.01882237693734
3.0276322E8	7.4802619995069906
3.02791553E8	98.59344157911494
3.02819683E8	8.117609231538708
3.02847463E8	1.5523958068845443
3.02871419E8	6.828393059037507
3.028851665E8	9.661493288590604
3.029023805E8	5.18485115119519
3.02929608E8	13.682806578608485
3.029566585E8	18.484213654260458
3.02983539E8	11.113454301576065
3.030103E8	20.161563542330324
3.03036936E8	9.05336793410809
3.030633795E8	7.843486196668948
3.03089659E8	21.495144891664445
3.031158375E8	11.166883813611282
3.03141897E8	7.58778772624217
3.0316784E8	3.6166338011831574
3.03193613E8	15.436319744578126
3.03219033E8	16.458560241682235
3.03244142E8	4.459877897929053
3.03269183E8	20.387874185684026
3.032941495E8	12.25429511881824
3.03318984E8	11.733408732883628
3.03343729E8	5.442040997857114
3.03368407E8	6.557283840311904
3.03392961E8	8.260363487849704
3.034173935E8	0.15902378999179656
3.034417695E8	10.153208600032825
3.03466092E8	26.333704115684093
3.03490315E8	1.2692673644148431
3.03514472E8	5.394142744708173
3.03538466E8	6.9740428565438
3.035622675E8	10.73160464724701
3.03585904E8	10.611387506909894
3.036094165E8	15.953717883273779
3.03632882E8	5.862357511847329
3.036474595E8	22.482030704815074
3.03659146E8	12.07669633240746
3.036795675E8	3.1349021636065855
3.03702759E8	9.415814675812088
3.037259045E8	2.591951536131545
3.03749014E8	12.881042018261283
3.037721115E8	13.797712899592828
3.03795153E8	12.649823890072618
3.038181055E8	5.320674000349223
3.03840977E8	19.407663674184366
3.038636995E8	19.84750110570544
3.038862345E8	9.429786286731968
3.03908542E8	9.288603024148047
3.03930611E8	15.778101260064595
3.039525865E8	17.406636926438456
3.03974351E8	12.028059923009137
3.039958025E8	4.394948926998407
3.040171415E8	5.0078740157480315
3.04038313E8	8.285476269814824
3.040591685E8	3.0781491499227203
3.04079863E8	10.953734590282814
3.04100481E8	17.983991046664396
3.04120937E8	23.693629978881194
3.041411265E8	13.552402837446298
3.04161089E8	16.417290400361683
3.041809935E8	11.892975580343684
3.04200889E8	89.02036301473176
3.042207195E8	8.80204329354643
3.042404435E8	18.21020532628583
3.04260093E8	5.24160423992254
3.042797115E8	20.340012236157847
3.04299283E8	8.146448870909929
3.043188045E8	16.967254278979194
3.0433822E8	0.1810840192576487
3.04357514E8	11.645840900835452
3.043766445E8	0.28773038441284887
3.04395624E8	22.174337076282356
3.044120845E8	0.549598623853211
3.044215395E8	1.3202904396934247
3.044334495E8	13.483617856006786
3.044520715E8	6.6454139919486455
3.04470397E8	13.550933274946631
3.04488589E8	3.202428926304168
3.0450666E8	0.6270594108836745
3.0452464E8	1.3910667484525734
3.04542522E8	1.609892883180977
3.04560353E8	3.146654702484437
3.045781455E8	5.133716345612257
3.045958945E8	11.196798917944093
3.04613409E8	10.131501301706683
3.04630615E8	6.761604484147837
3.046477165E8	21.88814710705083
3.04664782E8	27.032776311931986
3.046818275E8	2.0774829772247005
3.04698855E8	13.378576884658322
3.047157445E8	24.555250596658713
3.047322845E8	14.022855392156863
3.047485745E8	14.550984009840098
3.047647915E8	6.849882527513293
3.04780937E8	2.945399267853819
3.04797045E8	7.890179514255544
3.04813105E8	7.854877972660883
3.04829099E8	0.03738961608317154
3.04844809E8	6.018443020772666
3.04860144E8	1338.6835775777092
3.04875228E8	18.227543308139925
3.048899345E8	17.70163186281289
3.04904393E8	17.000138360428917
3.04918797E8	2.3625722845398176
3.04933121E8	10.332004197271774
3.049473325E8	24.077859569648925
3.049613855E8	12.256402918872514
3.049753525E8	4.766337059329321
3.04989176E8	7.474180118325908
3.050028535E8	7.628220140515222
3.050165075E8	27.100996775139254
3.05030149E8	1.0856367768898012
3.05043766E8	9.448105921294594
3.05057328E8	16.378668046418802
3.050707775E8	5.457142857142857
3.050840815E8	15.775343707508688
3.050973185E8	0.27969174977334543
3.0511055E8	8.394647312315717
3.051237565E8	15.702942514788411
3.051369355E8	24.507895535985423
3.05150043E8	9.050295177489842
3.05163013E8	3.3988524463053422
3.05175888E8	22.419046137088618
3.05185055E8	0.08575077540594782
3.051914585E8	2.2704067704067703
3.052015075E8	7.921938615721892
3.05214187E8	1.1250496544053388
3.052267085E8	74.77544958253051
3.05239162E8	4.510320456188258
3.052514665E8	3.6494489225201514
3.052635855E8	0.04428807947019867
3.05275651E8	1.1672890216579537
3.052876965E8	22.937624584717607
3.052997075E8	4.0643465197796695
3.05311672E8	3.4654725035573786
3.053236175E8	5.995227729403885
3.053355615E8	8.881195579370395
3.05347491E8	15.000251783466219
3.0535937E8	26.05716456978806
3.053711045E8	0.09126096679855496
3.053827095E8	4.9636567679558015
3.05394203E8	15.74436551784618
3.05405586E8	28.17829798468714
3.05416915E8	0.26879150066401064
3.054282015E8	1.2561624401489626
3.054393975E8	21.028162677703797
3.05450508E8	5.154227064013685
3.054616145E8	5.615793264901855
3.05472713E8	3.717789198449193
3.054837595E8	33.6246137065988
3.05494683E8	3.628400184416782
3.055054885E8	9.926899498420955
3.055161465E8	7.073838862559242
3.05526661E8	1.5799217482584216
3.05537127E8	313.4262891036066
3.055475015E8	2.376165501165501
3.055577785E8	13.67381555858842
3.05567969E8	17.370245974513484
3.05578E8	6.434550759633766
3.05587934E8	2.9949642461476484
3.055978485E8	23.204747474747474
3.056077465E8	32.5443613581245
3.05617534E8	20.656576092571548
3.05627204E8	1.6705310009315806
3.0563683E8	1.1734959858200396
3.056464125E8	0.4418216001671193
3.05655943E8	10.420048487403816
3.05665429E8	0.981549815498155
3.056749135E8	2.854070012652889
3.05684391E8	8.151303980572273
3.056938605E8	27.96768060836502
3.05703288E8	1.763396186214978
3.0571261E8	15.1401101868856
3.057218545E8	8.263756499133448
3.057310705E8	14.855326086956522
3.057402675E8	3.4231020230585165
3.057494535E8	1.4682937459141425
3.057585785E8	9.28505291005291
3.05767648E8	21.030109187162235
3.05776642E8	13.816276202219482
3.057855425E8	21.732995495495494
3.05794349E8	0.17164777281575633
3.05803082E8	11.735600595442573
3.058116615E8	7.899833847614526
3.058200515E8	3.9998802968637777
3.058282875E8	8.214338507021434
3.058363865E8	12.005940594059405
3.058444065E8	7.7866834170854275
3.058523285E8	4.495814307458143
3.058601015E8	7.806316888540851
3.058677105E8	0.20169401799894124
3.058752425E8	21.167954182205648
3.05882709E8	3.524983164983165
3.058900985E8	9.441392439488714
3.05897348E8	4.995101469559132
3.059044835E8	0.08012910468706147
3.059115865E8	2.1087570621468927
3.059186575E8	6.718493344661569
3.059257075E8	10.131997726626883
3.059327345E8	13.939139110604334
3.059397415E8	3.839668476707631
3.05946737E8	74.34863434863435
3.05953382E8	29.580911545180246
3.059568435E8	14.838658146964857
3.059606085E8	16.796494785631516
3.059675075E8	0.3720626631853786
3.05974393E8	0.20866656972517086
3.059812595E8	4.893961493582264
3.0598811E8	0.9260774287801314
3.05994947E8	2.500951823107336
3.060017745E8	38.28669791971872
3.06008546E8	5.455858270061039
3.06015243E8	0.43926913284409164
3.06021916E8	1.2591093117408907
3.06028584E8	20.44502774861257
3.060351805E8	0.4707324547961998
3.060416715E8	14.915272614622056
3.06048088E8	1.6659871412890073
3.06054431E8	35.24853384054525
3.06060702E8	8.648483876143109
3.06066934E8	43.5966939496068
3.060731045E8	0.7468085106382979
3.06079204E8	0.5051732632616193
3.060852755E8	4.644367360422861
3.06091306E8	0.1278508406858665
3.060973105E8	14.506331222925692
3.06103308E8	7.410145169364259
3.06109298E8	19.476198429931518
3.06115231E8	3.5290015308725975
3.06121083E8	0.40532188841201716
3.061268995E8	33.06663223140496
3.061326905E8	1.6750952545895392
3.061384525E8	23.519304347826086
3.06144196E8	0.02143977688687467
3.06149915E8	10.312576740922646
3.061556135E8	14.253511235955056
3.061612865E8	10.46920353982301
3.061668935E8	26.58411214953271
3.061724375E8	84.01357711803041
3.06177958E8	0.017219503353271704
3.06183465E8	1.8078952155721302
3.0618895E8	85.80321578658871
3.061944175E8	0.8538996704503845
3.061998695E8	9.329658213891951
3.062052965E8	0.027161862527716185
3.062107035E8	32.32302850796002
3.062160895E8	17.554189944134077
3.06221455E8	6.462786793508673
3.062267975E8	0.6542073628850489
3.062321055E8	0.05309901738473167
3.062373925E8	0.024233244982961
3.062426715E8	1.7833586050037908
3.06247945E8	9.866249288560045
3.062532015E8	3.4898893552079358
3.062584425E8	14.17824427480916
3.06263673E8	9.492242865351466
3.062688905E8	59.8759110088224
3.06274102E8	2.376847763486274
3.06279276E8	45.90756956606344
3.062844135E8	2.2501947040498442
3.062895485E8	0.48753408648227503
3.06294667E8	0.05055849500293945
3.06299761E8	16.229105211406097
3.063048415E8	3.4058313632781716
3.063099165E8	17.70674024438313
3.063149815E8	0.023140822784810125
3.063200175E8	0.2190988835725678
3.063250325E8	14.694455524531312
3.06330018E8	0.4698406294129514
3.063349735E8	0.016754138070246265
3.063399235E8	0.9452082490901739
3.06344861E8	1.2298640697910326
3.063497735E8	8.399714052287582
3.06354609E8	39.581361256544504
3.06359362E8	6.6979496935108855
3.06364072E8	3.2399232245681384
3.06368756E8	1.3349006197905535
3.063734225E8	19.496562097120755
3.063780725E8	0.7578562204046492
3.06382707E8	6.840147090633788
3.063873235E8	0.9902386117136659
3.06391931E8	9.432356134636265
3.063965295E8	8.624782229965156
3.06401082E8	8.335475293596277
3.064055785E8	16.437723214285715
3.06410055E8	0.30985915492957744
3.0641452E8	2.6881310298407
3.0641896E8	1.115306353153968
3.064233765E8	4.022902494331066
3.06427766E8	12.597390707255665
3.064321085E8	298.29564411492123
3.06436424E8	0.5582850521436848
3.06440737E8	0.5098585015077708
3.064450465E8	0.16945218198700093
3.06449342E8	0.5421433574597245
3.06453625E8	0.00887228578099463
3.06457902E8	9.7237180988059
3.064621725E8	4.909133489461358
3.06466441E8	9.882118584485587
3.06470704E8	17.359708851843155
3.064749595E8	8.047036688617121
3.064792095E8	0.663135593220339
3.06483446E8	5.231242603550296
3.064876545E8	53.5474713740458
3.064918455E8	0.9646778042959427
3.0649603E8	22.078487676477625
3.065001735E8	0.37000973709834467
3.06504273E8	56.43827914935223
3.065083565E8	0.06943081452404318
3.06512427E8	6.747847478474784
3.06516488E8	7.910278530934188
3.065205265E8	32.285323383084574
3.065245425E8	5.379860418743768
3.06528524E8	0.010630220197418374
3.06532471E8	4.31016992137966
3.065364115E8	34.038090401218895
3.065403375E8	0.010219724067450179
3.0654423E8	50.7768018599845
3.06548097E8	0.2078695314522392
3.0655195E8	0.23341139734582358
3.065557735E8	2.3543638275499474
3.06559577E8	5.34262424401788
3.065633635E8	0.5127320954907162
3.065671335E8	5.817771883289125
3.065709005E8	8.19500531349628
3.065746505E8	15.765256959314776
3.065783835E8	51.684182305630024
3.06582112E8	12.58760397102227
3.06585833E8	0.24683714670255721
3.06589543E8	3.9730094466936574
3.065932395E8	17.740509761388285
3.065969265E8	15.746066196418882
3.06600612E8	6.907734056987788
3.066042955E8	24.19364475828354
3.06607968E8	3.8088998088998087
3.0661163E8	16.213602840753893
3.066152875E8	1.4523809523809523
3.06618939E8	0.5349410797478761
3.066225875E8	0.07428728070175439
3.066262295E8	27.866061606160617
3.066298605E8	3.277164920022063
3.066334545E8	0.03790005614823133
3.06637011E8	0.16136299633905943
3.0664056E8	1.6191147448548069
3.066440915E8	20.302616609783847
3.066476025E8	6.888476896748431
3.066511055E8	17.055142857142858
3.06654603E8	78.04520743919886
3.066580945E8	8.056479357798166
3.066615705E8	0.16454965357967669
3.06665033E8	0.09188095926032938
3.06668493E8	0.07227522405319456
3.066719485E8	10.615295480880649
3.066753845E8	13.14970760233918
3.06678798E8	0.8464925154094511
3.066821985E8	0.22333529758397172
3.06685591E8	0.011206133883810086
3.066889815E8	15.029498525073747
3.066923705E8	17.070247933884296
3.066957585E8	2.2898465171192446
3.066991455E8	66.37625516834022
3.067025305E8	3.3294917257683214
3.06705914E8	23.786875554241796
3.067092965E8	0.2250147841513897
3.06712672E8	0.5384387058474325
3.06716041E8	10.124072425051944
3.067194095E8	10.162410926365796
3.067227775E8	19.85896674584323
3.067248635E8	0.20522388059701493
3.06726541E8	0.297922383379067
3.067294915E8	0.35880597014925375
3.067328405E8	7.986559139784946
3.067361665E8	1.0926150121065374
3.06739469E8	0.22053923053620114
3.06742768E8	0.02305125872004853
3.06746065E8	4.941158629056718
3.067493595E8	16.528857837181047
3.067526505E8	8.760182370820669
3.06755933E8	0.12732824427480915
3.067591995E8	4.070595457335789
3.067624565E8	32.57248157248157
3.067657115E8	3.4431468961278426
3.06768965E8	0.09130033814940056
3.06772208E8	39.89297865759357
3.067754395E8	0.12910216718266254
3.067786575E8	13.948222083593263
3.067818625E8	4.537453183520599
3.067850465E8	12.31890012642225
3.0678821E8	0.6629781852671515
3.067913705E8	42.12286257124762
3.067945245E8	0.9974603174603175
3.06797666E8	23.140759655282476
3.0680079E8	0.006099518459069021
3.06803903E8	2.025072324011572
3.068070135E8	0.011897106109324759
3.068101235E8	27.909324758842445
3.06813233E8	58.98809906722419
3.068163365E8	5.470303421562298
3.068194285E8	0.0
3.06822513E8	27.37755433019786
3.068255925E8	9.324122236671002
3.068286625E8	2.704308093994778
3.068317255E8	15.30731548007838
3.068347845E8	0.87467277486911
3.068378385E8	0.1107470511140236
3.0684088E8	0.46882217090069284
3.06843903E8	29.371807628524046
3.068469175E8	25.19309887193099
3.068499285E8	9.840757978723405
3.068529315E8	42.09472981987992
3.06855925E8	0.42924054867848777
3.06858904E8	13.66453351296733
3.06861871E8	0.0
3.06864829E8	51.886479159606914
3.068677785E8	0.007123473541383989
3.06870722E8	1.4926845865940797
3.068736605E8	26.287270251872023
3.06876586E8	9.20425677995194
3.06879498E8	0.9972518035039505
3.068824045E8	0.0
3.068853035E8	7.048687845303867
3.06888198E8	0.06774974075354304
3.0689109E8	0.0
3.068939665E8	1.0775681341719077
3.06896809E8	0.6967764789231314
3.068996235E8	0.4953670705630791
3.069024245E8	30.740701001430615
3.06905212E8	0.5843828715365239
3.069079905E8	6.529877609791217
3.069107675E8	2.0028818443804033
3.06913543E8	6.183783783783784
3.06916313E8	0.14249547920433997
3.06919067E8	17.573095151294204
3.069218095E8	37.98285922684172
3.069245455E8	13.046886446886447
3.06927266E8	13.748801180376246
3.06929975E8	9.75138529737717
3.069326695E8	0.014914243102162566
3.069353465E8	20.125
3.06938016E8	0.26584176977877766
3.06940674E8	105.88221970554926
3.06943317E8	2.6040955631399316
3.069459505E8	0.2741444866920152
3.069485655E8	18.14423076923077
3.06951153E8	0.19145631067961166
3.069537225E8	26.09321372854914
3.069562725E8	0.17862776025236593
3.069587885E8	0.0
3.069612825E8	24.529293739967898
3.069637735E8	4.961847389558233
3.0696626E8	22.198952879581153
3.06968739E8	29.835959595959597
3.06971213E8	0.044884755357864944
3.06973672E8	0.0
3.069761095E8	0.09876543209876543
3.06978536E8	0.5943045810978126
3.0698095E8	0.0
3.06983354E8	1.2592592592592593
3.06985755E8	1.188411838265944
3.06988152E8	1.01419624217119
3.06990543E8	32.79011311269376
3.069929255E8	0.520605550883095
3.069953025E8	1.2571548821548821
3.069976725E8	14.480118443316412
3.070000295E8	1.7582978723404254
3.07002367E8	0.04688172043010753
3.07004687E8	0.0
3.070070005E8	0.6306228373702422
3.070093035E8	0.07149084568439407
3.070115925E8	0.03852889667250438
3.07013868E8	34.30127922364358
3.07016134E8	148.68565121412803
3.07018396E8	7.607348384240814
3.07020655E8	0.0
3.070229135E8	0.10673162090345438
3.0702516E8	14.579418344519016
3.07027389E8	0.844804318488529
3.0702961E8	12.073907165389816
3.070318285E8	18.868349864743013
3.070340435E8	0.6306509945750453
3.070362525E8	12.720308250226655
3.07038456E8	3.7028623353021355
3.07040653E8	0.034655722754217966
3.0704284E8	0.896377808344796
3.070450185E8	23.295036764705884
3.07047178E8	3.1441903873075128
3.0704932E8	0.03549743110695937
3.07051452E8	19.108337258596325
3.070535745E8	0.22525918944392084
3.07055696E8	3.033946251768034
3.07057816E8	23.7215667767815
3.07059934E8	0.23948984411903637
3.0706204E8	0.018138424821002388
3.070641345E8	0.14995224450811842
3.07066228E8	5.589584328714763
3.070683165E8	0.13339731285988485
3.070704E8	0.2899663946231397
3.07072481E8	198.12457912457913
3.07074558E8	0.0
3.070766325E8	0.0
3.070787045E8	6.822222222222222
3.07080772E8	1.4745762711864407
3.070828335E8	6.647230320699708
3.07084889E8	0.0
3.07086942E8	0.9547004383828543
3.07088987E8	0.0
3.070910185E8	7.740375123395854
3.07093044E8	10.926419753086419
3.07095069E8	28.119012345679014
3.07097091E8	1.8732045567112432
3.07099108E8	1.1444168734491316
3.071011185E8	2.5084745762711864
3.07103122E8	0.08245877061469266
3.071051185E8	2.8830321285140563
3.071071095E8	11.509547738693467
3.071090915E8	31.479229989868287
3.07111059E8	0.0
3.071130195E8	0.1719387755102041
3.07114979E8	0.06891271056661562
3.07116933E8	42.28424833247819
3.071188785E8	1.388259526261586
3.071208195E8	1.81340206185567
3.07122752E8	0.0
3.071246735E8	4.262773722627737
3.071265845E8	0.6412815126050421
3.07128479E8	0.0
3.07130355E8	0.22388859132297803
3.07132213E8	1.6219578150351541
3.071340475E8	0.0
3.07135863E8	8.683600220872446
3.071376725E8	12.798119469026549
3.07139478E8	3.2756516916250695
3.07141279E8	0.021122846025569762
3.071430775E8	0.228587319243604
3.07144871E8	0.6238121855785355
3.071466595E8	0.10850111856823266
3.07148442E8	6.377602701181767
3.07150216E8	0.41106719367588934
3.071519825E8	0.2792281498297389
3.071537425E8	0.2815699658703072
3.071554995E8	2.896924829157175
3.071572545E8	0.16020524515393386
3.07159008E8	0.04449515116942385
3.071607605E8	1.269406392694064
3.071625115E8	0.7234285714285714
3.07164259E8	0.10315186246418338
3.07165998E8	0.0
3.071677295E8	0.0
3.07169459E8	0.47541931752458066
3.07171187E8	47.36305732484077
3.07172911E8	17.357350377687393
3.071746285E8	4.767211201866978
3.071763405E8	20.164327485380117
3.0717805E8	0.022235225277940317
3.07179757E8	6.541935483870968
3.0718146E8	0.5261610817166372
3.07183154E8	0.7605216360403082
3.071848325E8	0.0
3.071864995E8	161.56730769230768
3.07188158E8	28.526315789473685
3.07189806E8	2.638466220328667
3.07191447E8	9.053081147040878
3.071930855E8	0.21001221001221002
3.07194713E8	87.47680890538034
3.07196327E8	4.317194289261328
3.071979365E8	10.407338308457712
3.07199539E8	3.3656856606136505
3.07201133E8	0.0
3.072027235E8	0.0
3.072043025E8	0.7767857142857143
3.07205867E8	0.6265214606021781
3.07207427E8	0.024374599101988453
3.07208982E8	0.48226950354609927
3.072105315E8	0.0
3.07212076E8	10.247890979883193
3.072136115E8	0.02483660130718954
3.072151395E8	9.872870249017039
3.072166655E8	3.397116644823067
3.07218189E8	0.8435239973701513
3.07219709E8	0.0
3.07221218E8	0.02268178785857238
3.072227155E8	0.05614973262032086
3.072242065E8	0.5625841184387618
3.07225692E8	0.13265993265993267
3.072271765E8	8.651617250673855
3.07228659E8	10.381498987170831
3.072301395E8	0.06959459459459459
3.072316155E8	0.06385869565217392
3.072330835E8	0.6045081967213115
3.0723454E8	15.545893719806763
3.072359815E8	25.871687587168758
3.072374155E8	0.026499302649930265
3.07238849E8	8.145847871598047
3.072402775E8	1.1362359550561798
3.072416995E8	15.991549295774648
3.072431125E8	6.529871977240398
3.072445175E8	0.038461538461538464
3.07245921E8	0.04632929436920884
3.07247322E8	0.0
3.072487205E8	3.59656652360515
3.072501165E8	0.7804878048780488
3.072515085E8	5.59136690647482
3.072528945E8	0.4732272069464544
3.07254274E8	0.6688453159041394
3.072556495E8	10.021106259097525
3.072570195E8	20.126647144948755
3.07258382E8	9.710816777041943
3.07259739E8	0.0
3.072610935E8	0.07016248153618906
3.072624475E8	2.6329394387001477
3.072637995E8	9.828888888888889
3.07265146E8	0.3425167535368578
3.072664865E8	7.146487294469357
3.072678185E8	0.4683257918552036
3.072691435E8	0.055891238670694864
3.072704615E8	1.3597560975609757
3.07271773E8	19.12738367658276
3.072730825E8	4.624617737003058
3.072743855E8	0.0
3.072756825E8	4.450617283950617
3.072769735E8	0.030326594090202177
3.07278257E8	0.0663544106167057
3.07279535E8	0.3254901960784314
3.07280808E8	0.06451612903225806
3.07282078E8	1.9897557131599686
3.07283345E8	2.4347826086956523
3.072846035E8	4.014376996805112
3.072858485E8	0.3473344103392569
3.072870805E8	13.673735725938009
3.07288306E8	0.6285714285714286
3.072895305E8	0.0
3.0729075E8	0.302880658436214
3.072919625E8	0.02727272727272727
3.0729317E8	0.7800829875518672
3.072943745E8	0.0340531561461794
3.07295576E8	0.03753127606338615
3.07296769E8	3.194608256107835
3.072979505E8	0.2755102040816326
3.072991265E8	0.06292517006802721
3.073002965E8	0.0
3.0730146E8	0.18400687876182287
3.0730262E8	10.384615384615385
3.073037765E8	0.0
3.073049325E8	0.46972318339100344
3.073060875E8	0.8050259965337955
3.07307234E8	0.18525021949078138
3.073083675E8	0.0274822695035461
3.0730949E8	0.3196060877350045
3.07310606E8	20.04663677130045
3.073117205E8	0.0
3.07312834E8	27.2911051212938
3.07313946E8	0.034203420342034205
3.07315057E8	0.12061206120612061
3.073161665E8	0.7635379061371841
3.07317273E8	0.2343891402714932
3.073183765E8	4.218693284936479
3.073194775E8	0.740909090909091
3.073205775E8	6.7681818181818185
3.07321677E8	0.0
3.073227755E8	0.03642987249544627
3.073238735E8	157.37158469945356
3.07324967E8	3.9247015610651976
3.07326045E8	0.25773195876288657
3.07327112E8	2.2380506091846297
3.07328175E8	0.08309726156751653
3.07329233E8	24.602649006622517
3.073302885E8	8.96584440227704
3.0733134E8	15.895138226882745
3.07332388E8	0.38968481375358166
3.073334315E8	0.8115384615384615
3.073344645E8	0.3732943469785575
3.073354855E8	3.766732283464567
3.073365005E8	5.1380670611439845
3.07337512E8	0.0
3.07338521E8	0.0
3.07339524E8	8.920762286860581
3.073405195E8	0.0
3.073415095E8	0.0
3.073424955E8	0.038539553752535496
3.07343481E8	0.0
3.07344466E8	0.18375634517766498
3.07345449E8	1.582059123343527
3.0734643E8	0.0
3.073474095E8	0.03885480572597137
3.073483845E8	0.1440329218106996
3.073493565E8	0.0
3.07350326E8	1.5615305067218201
3.073512895E8	0.0
3.07352248E8	0.09822361546499478
3.07353193E8	12.141479099678456
3.07354126E8	0.7266881028938906
3.073550565E8	0.23060344827586207
3.073559835E8	0.17602591792656588
3.073569075E8	0.0
3.073578275E8	0.032679738562091505
3.073587445E8	0.0
3.07359658E8	0.13721185510428102
3.07360568E8	1.108910891089109
3.07361477E8	0.03850385038503851
3.073623815E8	0.15
3.0736328E8	0.0
3.073641745E8	0.042600896860986545
3.073650655E8	1.0853932584269663
3.07365955E8	0.0
3.073668425E8	0.0
3.07367728E8	0.27005649717514124
3.07368608E8	0.0
3.073694805E8	0.3954022988505747
3.0737035E8	23.76179516685846
3.073712185E8	0.05069124423963134
3.07372084E8	3.0938586326767092
3.073729445E8	0.0
3.07373801E8	7.939181286549708
3.07374652E8	0.0
3.07375497E8	62.084223013048636
3.07376337E8	3.5268817204301075
3.07377173E8	0.9760479041916168
3.073780065E8	3.8665865384615383
3.07378836E8	0.13905683192261184
3.073796625E8	0.05205811138014528
3.07380485E8	20.805860805860807
3.073812975E8	19.351116625310173
3.073821025E8	2.0472636815920398
3.073829055E8	0.24937655860349128
3.07383704E8	0.0
3.073844975E8	1.8308080808080809
3.073852875E8	0.06091370558375635
3.07386072E8	10.162612035851472
3.07386853E8	0.0
3.073876335E8	0.0
3.07388411E8	1.206451612903226
3.073891845E8	0.0
3.073899525E8	1.786649214659686
3.073907155E8	1.3884514435695539
3.073914765E8	0.05
3.073922355E8	0.11081794195250659
3.07392992E8	0.0
3.073937465E8	0.10610079575596817
3.073944975E8	0.0
3.073952445E8	0.23190348525469168
3.073959905E8	0.0
3.073967355E8	0.0
3.073974755E8	0.0
3.073982085E8	116.2068493150685
3.07398938E8	0.05212620027434842
3.07399665E8	0.16827586206896553
3.074003845E8	0.04481792717086835
3.074010975E8	0.05898876404494382
3.07401809E8	0.38396624472573837
3.074025195E8	0.1295774647887324
3.074032295E8	0.14929577464788732
3.074039365E8	0.16477272727272727
3.0740464E8	0.0
3.0740534E8	0.0
3.074060365E8	0.09482758620689655
3.07406728E8	7.711790393013101
3.07407414E8	0.1678832116788321
3.07408095E8	0.0
3.07408771E8	0.0962962962962963
3.074094455E8	0.0
3.07410119E8	0.18722139673105498
3.07410791E8	0.0
3.074114535E8	0.0
3.074121015E8	1.235202492211838
3.07412743E8	21.48829953198128
3.07413383E8	0.15805946791862285
3.07414021E8	0.0
3.07414658E8	0.9984301412872841
3.07415294E8	0.0
3.074159275E8	0.0
3.074165575E8	0.16878980891719744
3.07417184E8	0.0
3.074178075E8	0.0
3.074184285E8	0.06129032258064516
3.07419046E8	0.3024390243902439
3.074196585E8	0.04918032786885246
3.07420267E8	1.5502471169686984
3.07420871E8	0.0632279534109817
3.07421472E8	0.0
3.074220725E8	0.3466666666666667
3.07422671E8	0.0
3.074232665E8	0.12626262626262627
3.074238595E8	0.05067567567567568
3.074244515E8	0.0
3.07425042E8	7.517826825127335
3.074256305E8	0.6173469387755102
3.074262165E8	0.3835616438356164
3.074268005E8	0.7688356164383562
3.074273815E8	0.22837370242214533
3.074279595E8	0.0
3.07428537E8	0.0658578856152513
3.07429113E8	0.6434782608695652
3.074296855E8	0.0
3.07430254E8	0.47266313932980597
3.07430819E8	0.17406749555950266
3.074313815E8	0.0
3.074319415E8	0.0
3.07432497E8	0.8245931283905967
3.074330485E8	0.0
3.074335975E8	0.2664233576642336
3.074341455E8	45.41423357664234
3.07434693E8	0.08775137111517367
3.0743524E8	0.07312614259597806
3.074357865E8	1.3113553113553114
3.074363325E8	0.32234432234432236
3.07436878E8	0.1908256880733945
3.07437422E8	0.0
3.07437964E8	0.07948243992606285
3.07438504E8	3.773654916512059
3.074390425E8	558.1895910780669
3.07439579E8	0.0
3.074401125E8	0.0
3.07440644E8	0.4256120527306968
3.07441174E8	4.429111531190927
3.074417025E8	0.0
3.07442227E8	0.6506717850287908
3.07442747E8	0.0
3.07443264E8	675.0718446601942
3.074437785E8	0.1264591439688716
3.0744429E8	0.07662082514734773
3.07444798E8	1.1794871794871795
3.074453045E8	0.0
3.0744581E8	0.07524752475247524
3.074463125E8	0.248
3.07446812E8	272.9138276553106
3.074473085E8	0.0
3.074478015E8	0.2967479674796748
3.074482925E8	0.0
3.074487815E8	0.0
3.07449269E8	2.722792607802875
3.074497555E8	0.14814814814814814
3.07450239E8	0.0
3.0745072E8	0.0
3.07451198E8	0.0
3.074516695E8	0.21153846153846154
3.074521375E8	0.0
3.074526035E8	0.0
3.07453067E8	0.572354211663067
3.07453528E8	0.0
3.07453982E8	0.1915367483296214
3.074544305E8	0.0
3.074548775E8	0.0
3.07455321E8	0.8798185941043084
3.074557615E8	0.0
3.07456201E8	0.0
3.07456637E8	0.08775981524249422
3.0745707E8	0.0
3.07457503E8	0.22401847575057737
3.07457932E8	0.0
3.07458353E8	4.026378896882494
3.0745877E8	0.0
3.07459185E8	0.0
3.074595975E8	0.1650485436893204
3.07460009E8	0.0
3.07460419E8	0.3056234718826406
3.074608275E8	0.5637254901960784
3.07461234E8	0.4691358024691358
3.07461637E8	0.20448877805486285
3.07462037E8	0.0
3.07462436E8	0.0
3.074628295E8	0.18814432989690721
3.074632175E8	0.20618556701030927
3.07463604E8	3.3584415584415583
3.074639885E8	0.4817708333333333
3.074643725E8	0.0
3.07464756E8	1.947780678851175
3.074651385E8	6.678010471204188
3.0746552E8	0.0
3.074659E8	0.0
3.074662785E8	0.0
3.07466655E8	32.06933333333333
3.07467028E8	0.6765498652291105
3.07467397E8	0.8174386920980926
3.07467764E8	0.6457765667574932
3.074681295E8	0.0
3.074684925E8	0.0
3.074688535E8	6.7444444444444445
3.074692125E8	2.282122905027933
3.07469565E8	61.44380403458213
3.0746991E8	0.0
3.07470252E8	0.2785923753665689
3.074705915E8	0.0
3.07470929E8	0.1394658753709199
3.07471266E8	0.0
3.07471601E8	0.0
3.07471933E8	5.302114803625377
3.074722625E8	0.0
3.0747259E8	0.0
3.07472917E8	0.11009174311926606
3.074732435E8	0.0
3.07473569E8	0.0
3.07473894E8	0.0
3.07474218E8	0.0
3.07474541E8	0.7956656346749226
3.07474863E8	0.0
3.074751825E8	0.0
3.074754995E8	0.0
3.074758155E8	0.0
3.0747613E8	0.0
3.074764425E8	0.0
3.074767535E8	0.0
3.07477063E8	0.32038834951456313
3.07477372E8	0.0
3.074776785E8	1.2730263157894737
3.074779805E8	0.0
3.0747828E8	0.0
3.074785785E8	0.47315436241610737
3.07478873E8	0.0
3.074791635E8	12.331034482758621
3.074794525E8	0.0
3.07479739E8	0.0
3.07480024E8	0.0
3.074803065E8	0.0
3.074805865E8	0.1357142857142857
3.07480866E8	0.0
3.07481141E8	0.0
3.07481412E8	0.0
3.074816825E8	5.114814814814815
3.0748195E8	0.0
3.07482213E8	0.3793103448275862
3.074824735E8	0.0
3.074827325E8	0.0
3.074829885E8	0.0
3.074832415E8	6.0476190476190474
3.074834925E8	0.224
3.07483741E8	0.0
3.07483986E8	0.21810699588477367
3.07484227E8	0.0
3.07484466E8	0.0
3.07484705E8	0.0
3.07484943E8	0.0
3.074851795E8	0.0
3.074854115E8	0.0
3.07485639E8	0.19383259911894274
3.074858655E8	1.9513274336283186
3.074860915E8	0.0
3.074863175E8	0.0
3.07486542E8	0.0
3.07486762E8	0.0
3.074869785E8	0.0
3.074871945E8	0.0
3.07487409E8	0.0
3.07487621E8	0.0
3.0748783E8	0.16908212560386474
3.074880335E8	0.0
3.07488232E8	0.0
3.07488428E8	0.0
3.074886225E8	1.3969072164948453
3.0748881E8	0.0
3.07488991E8	0.0
3.07489172E8	0.0
3.07489351E8	0.0
3.074895275E8	0.0
3.07489703E8	0.0
3.07489878E8	0.38285714285714284
3.07490053E8	0.0
3.074902265E8	0.0
3.07490395E8	0.0
3.074905575E8	0.0
3.074907135E8	0.0
3.07490864E8	0.0
3.07491012E8	2.7551020408163267
3.074911565E8	0.0
3.07491297E8	0.0
3.074914355E8	0.0
3.074915695E8	0.0
3.074916995E8	0.0
3.074918285E8	0.0
3.074919565E8	0.59375
3.07492084E8	0.0
3.07492211E8	0.0
3.07492338E8	0.0
3.074924645E8	0.0
3.074925885E8	0.0
3.074927095E8	0.0
3.074928275E8	0.0
3.074929365E8	0.0
3.074930385E8	0.0
3.074931395E8	0.0
3.07493239E8	0.35353535353535354
3.07493338E8	0.0
3.07493436E8	0.0
3.07493525E8	0.0
3.074936035E8	0.0
3.07493678E8	0.0
3.074937455E8	0.0
3.07493806E8	0.0
