#Position (bp)	insert size
384368.0	1214.6734754805655
1153103.0	1194.1478124371872
1921838.0	623.1550305259024
2690573.0	527.1092655157678
3459308.0	578.2871054367723
4228043.0	480.18618671868074
4996778.0	416.3014257532281
5765513.0	351.07257529298107
6534248.0	367.1044096144931
7302983.0	356.0699899345246
8071718.0	357.6796101786681
8840453.0	349.13464948575484
9609188.0	366.6818889927449
1.0377923E7	340.95115862516394
1.0801324E7	340.0534625044851
1.11856915E7	561.0173790673196
1.1915393E7	662.3855955736726
1.2684128E7	420.62637060697386
1.3452863E7	543.715799262679
1.4221598E7	373.07100165622523
1.4990333E7	531.8455542676678
1.5759068E7	412.45946669395914
1.6527803E7	426.7316661425663
1.7296538E7	350.1267737030161
1.8065273E7	427.7822967999501
1.8834008E7	385.9722237189504
1.9602743E7	407.8936223593758
2.018777E7	343.56488309069135
2.05721375E7	983.43290693459
2.1140213E7	1081.19412689186
2.1908948E7	1308.3269466846923
2.2677683E7	704.7811492546062
2.3446418E7	479.7071301606466
2.4215153E7	397.2441606228669
2.4983888E7	487.1062670715517
2.5752623E7	405.85967417709924
2.6521358E7	361.9837063356939
2.7290093E7	375.0434132809221
2.8058828E7	343.16290479606477
2.86485735E7	340.34790882564386
2.9032941E7	398.0536801085862
2.9596298E7	411.2770045270994
3.0365033E7	545.8973861007823
3.1133768E7	504.3538360378936
3.1902503E7	404.3913495111732
3.2671238E7	396.19704911491584
3.3439973E7	363.8859128737199
3.4208708E7	343.1306761200644
3.4977443E7	345.6425502439416
3.5659712E7	339.6944798108403
3.60440795E7	1209.828376161837
3.6514913E7	561.5445392169518
3.7283648E7	575.5953665362916
3.8052383E7	470.9935620192149
3.8821118E7	426.16804565816955
3.9589853E7	494.87036380817386
4.0358588E7	447.0004470464842
4.1127323E7	357.0727188121325
4.1896058E7	338.9818022039553
4.2664793E7	341.6407409469423
4.3049519E7	125.4249547920434
4.34338865E7	763.742302787393
4.4202263E7	1311.0516474826466
4.4970998E7	897.7227899956878
4.5739733E7	692.3829601761792
4.6508468E7	1546.402506450424
4.7277203E7	609.1412645171297
4.8045938E7	424.7724980299448
4.8668911E7	330.6406498884995
4.90532785E7	342.93260293763547
4.9583408E7	400.30522190028785
5.0352143E7	403.3948959660297
5.1120878E7	365.9213345288094
5.1889613E7	352.1344403168778
5.2658348E7	348.6478822047723
5.3427083E7	337.11050956926437
5.38687855E7	339.3237511525736
5.4253153E7	2868.305078899715
5.4964553E7	4468.672524462294
5.5733288E7	1471.7616481738853
5.6502023E7	751.7186157208475
5.7270758E7	477.8835451032843
5.8039493E7	356.65190225796476
5.85039505E7	338.3524156791249
5.8888318E7	852.2336605095705
5.9576963E7	965.7848233440283
6.0345698E7	952.5102565589776
6.1114433E7	377.2869608376829
6.1883168E7	439.0863986162101
6.2651903E7	409.75117977790586
6.3087631E7	326.8729055986923
6.34719985E7	718.6019791705274
6.4189373E7	563.7767763702535
6.4958108E7	715.0816070962693
6.5726843E7	415.8423508734716
6.6495578E7	342.9692935509767
6.7140034E7	348.21986842105264
6.75244015E7	364.1108953500577
6.8033048E7	461.3160073890057
6.8801783E7	426.07390629044784
6.9570518E7	360.0851657269263
7.0339253E7	342.037509349748
7.11040115E7	344.90191003753483
7.1488379E7	349.3614573346117
7.1876723E7	403.4739248295002
7.2645458E7	373.99861626729665
7.3414193E7	358.94274800550414
7.4182928E7	346.3750636508484
7.4951663E7	347.7404144620811
7.5358208E7	336.42776546443685
7.57425755E7	1125.636696085906
7.6489133E7	764.256220367912
7.7257868E7	599.2828682170542
7.8026603E7	474.6688611452222
7.8795338E7	381.5491353813605
7.92080895E7	345.7154873824839
7.9592457E7	1041.9089507659698
8.0332808E7	1124.918393820143
8.1101543E7	440.81551765817636
8.1870278E7	458.58491530373834
8.26063115E7	388.0962202032353
8.2990679E7	1142.6897163120568
8.3407748E7	435.5485237173282
8.4176483E7	524.7095510884283
8.4945218E7	420.07178398815785
8.5713953E7	366.0823387314654
8.6362088E7	337.21919499962195
8.67464555E7	358.4422901875114
8.7251423E7	428.2483854942871
8.8020158E7	505.2527248602028
8.8788893E7	481.23008540691467
8.9557628E7	541.1374204889364
9.0098611E7	325.61209465381245
9.04829785E7	1416.3166128911232
9.1095098E7	479.6059964135811
9.1863833E7	825.4848121542075
9.2632568E7	365.8896257922502
9.3401303E7	391.0276534354439
9.38242175E7	339.0734844830359
9.4208585E7	828.6411307950121
9.4938773E7	625.856699906513
9.5707508E7	720.8493304296951
9.6476243E7	347.4619792989586
9.71220675E7	392.7884342783505
9.7506435E7	1189.0312552867535
9.8013713E7	599.7843950520897
9.8782448E7	597.5908556141114
9.9551183E7	407.8600458334178
1.00269334E8	373.46921250209886
1.006537015E8	1462.0996441281138
1.01088653E8	485.24014031741706
1.01857388E8	468.1234803803563
1.02626123E8	355.1507349314393
1.033545365E8	343.5404638644051
1.03738904E8	360.8642228739003
1.04163593E8	702.393590567461
1.04932328E8	840.1503247929967
1.05701063E8	421.01272842985725
1.06347158E8	436.6344046299717
1.067315255E8	1430.4965922920892
1.07238533E8	701.1410546044815
1.08007268E8	389.39811165093045
1.08776003E8	357.830695159837
1.09309377E8	348.0763748350198
1.096937445E8	392.1083343707208
1.10313473E8	349.5554431138847
1.11082208E8	340.7234658495283
1.11850943E8	344.3478791894859
1.12235708E8	45.083333333333336
1.126200755E8	504.4878661087866
1.13388413E8	410.83798244391807
1.14157148E8	368.0351971388695
1.147696095E8	348.9403209407188
1.15153977E8	346.726609963548
1.15694618E8	407.22613065326635
1.16463353E8	403.5736048190372
1.17232088E8	345.82550587528624
1.17668795E8	343.77381136750813
1.180531625E8	344.0333383784875
1.18769558E8	338.79150952291155
1.19538293E8	339.8449949011481
1.2014897E8	345.1140441396758
1.205333375E8	536.8677073729056
1.21075763E8	470.1739307053029
1.21844498E8	365.04486867356
1.225916085E8	340.3240381390446
1.22975976E8	342.43440062475594
1.23381968E8	376.3671879926846
1.24150703E8	374.01767338538434
1.24919438E8	348.0941202573774
1.253769895E8	329.76462899658156
1.25761357E8	761.1420770403896
1.26456908E8	331.6758806769939
1.27225643E8	349.41107620179395
1.277254535E8	344.6112954186414
1.28109821E8	713.8205220571936
1.28763113E8	462.65759521625387
1.29531848E8	340.5157409121328
1.300272615E8	344.4151520948919
1.30411629E8	667.4415780216099
1.31069318E8	421.8733426206671
1.31838053E8	360.3586368434943
1.322676755E8	330.8029437609842
1.32652043E8	404.8441126569393
1.33375523E8	342.73904932886376
1.34030498E8	335.0465332581736
1.344148655E8	317.26623049823854
1.34912993E8	365.47730289812597
1.35681728E8	387.36859630721074
1.361569665E8	330.16544535039736
1.36541334E8	449.2916031876245
1.37219198E8	353.36292193541647
1.37895604E8	333.5668096166342
1.382799715E8	915.9645468340461
1.38756668E8	375.9171194357068
1.39525403E8	344.3518385600707
1.400102465E8	333.86542944235254
1.40394614E8	475.6534725969321
1.41062873E8	382.7511428318636
1.417121025E8	369.5788491787687
1.4209647E8	434.0244069031465
1.42600343E8	394.13834778899474
1.43369078E8	364.16208386978116
1.437831155E8	341.62537599124965
1.44167483E8	560.6817254989992
1.44906548E8	361.18235024928345
1.45465214E8	299.68221472606723
1.458495815E8	495.37711032587356
1.46444018E8	452.83216199736853
1.47106683E8	332.8462806511436
1.474910505E8	323.74579193694063
1.47981488E8	346.5169594958985
1.48737048E8	356.1735340189335
1.491214155E8	891.2722799343903
1.49518958E8	452.03767036530377
1.50287693E8	371.845077214905
1.50728883E8	333.8797298183487
1.511132505E8	428.1822274122766
1.51825163E8	340.50742201090105
1.52332369E8	342.5760140240585
1.527167365E8	343.18925831202046
1.53362633E8	348.22750403952233
1.5389724E8	342.877544510816
1.542816075E8	428.476197153474
1.54900103E8	437.84105571847505
1.55461321E8	309.3249441851025
1.558456885E8	368.5006753228043
1.56437573E8	356.2015825397145
1.57018682E8	341.0385732400704
1.574030495E8	438.77624686859485
1.57975043E8	392.92479371316307
1.585640605E8	356.3075643510023
1.58948428E8	349.32264043768123
1.59512513E8	376.3564747646242
1.6009777E8	335.6719135802469
1.604821375E8	438.67662953567884
1.61049983E8	324.20822517135775
1.616289075E8	340.90378644913864
1.62013275E8	350.90257755302287
1.62587453E8	458.18248503579673
1.631586895E8	353.2017207849608
1.63543057E8	338.5909574737696
1.64124923E8	339.2158141998801
1.64685819E8	341.61563918706776
1.650701865E8	362.9990972401341
1.65662393E8	354.35530407058417
1.66204869E8	344.56681034482756
1.665892365E8	311.03050471436495
1.67199863E8	339.044701594533
1.67707403E8	293.5744137450662
1.680917705E8	341.6141184020536
1.68737333E8	368.94121775214734
1.69197014E8	341.7061229399735
1.695813815E8	345.62136092984423
1.70274803E8	326.97484355132264
1.706842435E8	325.07180980106745
1.71068611E8	372.07330880271724
1.717757825E8	335.37048741947245
1.7216015E8	355.25166938714943
1.72581008E8	441.62030294030296
1.732448375E8	395.83728437957404
1.73629205E8	650.2087080826732
1.74118478E8	466.2522676937891
1.7470787E8	324.12835349815884
1.750922375E8	339.4693005616629
1.75655948E8	452.79684231171547
1.761671155E8	375.1313952420318
1.76551483E8	372.6505166255124
1.77193418E8	340.2920552405707
1.775981795E8	325.6171939101103
1.77982547E8	340.81002474698647
1.786433205E8	340.50247878680347
1.79027688E8	341.8740011775591
1.79499623E8	341.0183569149086
1.80059845E8	339.0680896598333
1.804442125E8	330.9580841654382
1.81037093E8	342.84856604440256
1.814629515E8	322.4406779661017
1.81847319E8	473.32455310461586
1.824697645E8	334.2561094819159
1.82854132E8	336.9158939674921
1.83343298E8	589.6180174627632
1.83845386E8	334.54887183493406
1.842297535E8	495.4668024817113
1.848263935E8	363.83792183792184
1.85210761E8	319.006791427709
1.85649503E8	340.8808609579486
1.861815255E8	340.67928029691785
1.86565893E8	345.5213881491345
1.871516995E8	346.8115969224995
1.87536067E8	330.07248922241735
1.87955708E8	402.8669177752845
1.88487033E8	327.4773556777875
1.888714005E8	350.74585738223794
1.89437117E8	366.0662595863773
1.898214845E8	2507.1538954279767
1.90261913E8	348.83104441615865
1.907655555E8	341.02319465983413
1.91149923E8	355.38176335920485
1.917006725E8	339.9592385133601
1.9208504E8	454.50620509470934
1.92568118E8	344.26948759564107
1.93014003E8	341.7614372537234
1.933983705E8	379.92239626928136
1.939421735E8	336.2215283373623
1.94326541E8	413.6219512195122
1.948700135E8	326.32869000775486
1.95254381E8	405.72076372315036
1.95643058E8	357.4384664948454
1.96173218E8	332.9652832627271
1.965575855E8	338.96228612380185
1.970859405E8	332.3836385836386
1.97470308E8	306.68215984046634
1.97949263E8	375.5624113689165
1.98379719E8	330.735167206041
1.987640865E8	324.6116840501582
1.99284827E8	331.95208633093523
1.996691945E8	534.333497090167
2.001689555E8	381.46212168682246
2.00553323E8	1482.4226625207896
2.01024203E8	483.3701330514156
2.0143258E8	319.70777891504605
2.018169475E8	356.4676021369511
2.023091665E8	332.08780583093227
2.02693534E8	376.4831887982944
2.03168465E8	340.1366942786734
2.035528325E8	480.83713103448275
2.04022535E8	356.85950697308976
2.044069025E8	379.98408679927667
2.048603755E8	354.8820844947259
2.05244743E8	395.4485981308411
2.05636613E8	352.6741986101771
2.060816995E8	316.59492912757037
2.06466067E8	346.99237044870824
2.069158215E8	356.4783884216703
2.07300189E8	420.1911177237893
2.07743072E8	423.42202786836646
2.081274395E8	363.8961001788909
2.08563085E8	336.6197167514937
2.089474525E8	392.7309306930693
2.09377998E8	339.6962494904199
2.097623655E8	353.27686864219373
2.101865875E8	333.22376601611074
2.10570955E8	327.7157429445767
2.10991954E8	342.7237288135593
2.113763215E8	315.62941919191917
2.117807295E8	338.4802137339964
2.12165097E8	983.36820083682
2.12555228E8	334.8392519559084
2.12951007E8	336.9401041666667
2.133353745E8	354.37391213443794
2.137362725E8	332.2674819152601
2.1412064E8	325.78889925636895
2.145168735E8	309.6348497156783
2.14901241E8	352.28890768611836
2.15295174E8	336.31944845509673
2.156795415E8	353.77856721157957
2.160708055E8	342.7614644540582
2.16455173E8	358.7701702442635
2.16845987E8	308.17475447718084
2.172303545E8	342.13129280405076
2.176193275E8	339.5289881968673
2.18003695E8	354.4120567575954
2.183870575E8	472.0344194584672
2.18771425E8	344.2547210969149
2.191437085E8	327.8345490126312
2.19528076E8	344.53269625256416
2.19895419E8	327.1681296421337
2.202797865E8	356.79677101306385
2.20645687E8	322.22001137009664
2.21025053E8	343.9822440927026
2.21390679E8	365.9020501138952
2.217493495E8	334.1846651764925
2.22133717E8	324.07871720116617
2.22491112E8	343.7798153248016
2.228754795E8	441.8261073904359
2.232300165E8	338.2066928628297
2.23614384E8	435.02228702353676
2.239617555E8	366.5924305049032
2.24346123E8	335.10029882767606
2.2468963E8	340.3304138931985
2.250739975E8	560.1170373732789
2.254154375E8	363.872889218779
2.25799805E8	456.9466454427544
2.261404185E8	330.0703147984701
2.26524786E8	342.10534836875695
2.2685767E8	340.4295918367347
2.272420375E8	385.95518052691205
2.275674865E8	340.6732771442737
2.27901798E8	336.0781579716261
2.282642395E8	371.47022832413074
2.28575658E8	356.32102530289296
2.289600255E8	392.76071883401727
2.29270193E8	349.6957959641256
2.296545605E8	343.52504911591353
2.299644725E8	418.9036765863643
2.3034884E8	331.80931979011217
2.30655893E8	300.38059380378655
2.309973965E8	378.1302398295767
2.313463715E8	273.4479695431472
2.31650276E8	318.76984964389345
2.320346435E8	313.07677711283026
2.32330417E8	331.87841571998774
2.327147845E8	341.84337962626336
2.33008396E8	301.6919711785898
2.333832675E8	349.4768193400037
2.336859445E8	267.8538461538462
2.33975938E8	343.988672524341
2.343603055E8	354.54396013517385
2.346438945E8	339.51845528455283
2.35028262E8	400.4147304093195
2.353116695E8	348.8337817638266
2.35668032E8	335.8443119050417
2.359736405E8	447.7590894720202
2.36248209E8	341.0314278510194
2.366325765E8	333.7133871049561
2.36905892E8	355.6395312336507
2.372902595E8	332.755432244082
2.375596255E8	337.9819756554307
2.378457775E8	328.37025143232495
2.38209635E8	359.43921263611344
2.384723095E8	327.7852134014371
2.38856677E8	321.97442211454444
2.391161115E8	324.42864983534577
2.394117615E8	344.5442379389016
2.39756603E8	342.25808756967933
2.40012063E8	340.5907321899736
2.403964305E8	328.46814218645204
2.40651522E8	329.79500978473584
2.40935513E8	326.50891716206456
2.41282414E8	532.3673195599678
2.415260005E8	321.11112045760433
2.41910368E8	354.6336056009335
2.42153892E8	274.1904761904762
2.423992835E8	397.47202017832007
2.427812845E8	396.8098674997307
2.430194555E8	351.69006510048115
2.43354977E8	347.9321126148947
2.436401495E8	321.48860478043355
2.43875304E8	366.53814396612563
2.442596715E8	336.0504554557788
2.44494215E8	332.62147922998986
2.447631205E8	339.5533650431526
2.451110035E8	343.4380943324458
2.45340206E8	306.9931277860327
2.45672164E8	356.95254394861394
2.45942791E8	432.02988953866145
2.46158155E8	325.43724034597835
2.46536439E8	339.61474481898205
2.46757852E8	333.93197278911566
2.469695205E8	322.5381765666206
2.47353888E8	340.61739680349547
2.47564574E8	318.7367458866545
2.47805319E8	331.2804534792807
2.48157783E8	333.8789929418613
2.48365893E8	326.2049695541151
2.486381075E8	339.0665814582528
2.489579875E8	337.9280286097452
2.49165224E8	329.39235355351565
2.49467076E8	394.6564762945758
2.4975636E8	341.85298052623756
2.499626485E8	345.76784997994383
2.502879155E8	338.45345132743364
2.5054851E8	334.53570494376146
2.507484705E8	354.4179070473876
2.510885645E8	340.9102489656674
2.51332072E8	317.3391768292683
2.51527848E8	315.5700553451791
2.51873065E8	352.24638303967913
2.5210593E8	333.37699412258604
2.5229909E8	342.11668635059897
2.52643082E8	320.70113777176977
2.5287344E8	346.23081563706563
2.53058026E8	341.7751075802714
2.5338655E8	310.4081458494957
2.53626707E8	330.5647857889237
2.53810996E8	304.2838804869052
2.541215335E8	343.0114471452798
2.543774555E8	377.2298474945534
2.545591305E8	315.2435897435897
2.54848343E8	342.26522509315254
2.551248655E8	380.09841127266606
2.553049575E8	337.61781048937416
2.555674465E8	339.1224994844298
2.55866877E8	353.82534263768264
2.560427725E8	318.7853689977441
2.562705875E8	332.9545157650971
2.56600938E8	334.7714209401709
2.56774153E8	332.5915279878971
2.569624935E8	368.4212403951701
2.57304699E8	344.91895118136165
2.57500726E8	336.6666666666667
2.576711905E8	323.1398093080336
2.57986484E8	366.25484089370343
2.582258865E8	340.01934950653896
2.583930965E8	340.76458283812696
2.586566015E8	337.67784797759396
2.58942833E8	456.3184847884907
2.5910475E8	328.1119436875568
2.593058495E8	340.1701956806559
2.59625725E8	395.1048318515655
2.59808993E8	296.6384839650146
2.59968316E8	314.03465568862276
2.60263454E8	349.23209033115097
2.60511936E8	345.47601781829485
2.60669987E8	340.2699322563835
2.60895678E8	328.6148218196297
2.61207803E8	355.2761982128351
2.613664795E8	338.52713178294573
2.61520696E8	332.81938028169014
2.61824593E8	338.12601493991554
2.62058165E8	396.18953440461473
2.622109925E8	329.27017262143715
2.624361765E8	341.90952688599543
2.627407855E8	338.08169510385756
2.62899969E8	341.0017108639863
2.63050826E8	347.484869625883
2.633441895E8	339.9293539204692
2.635851015E8	337.0622700254741
2.63733667E8	352.2169811320755
2.639380475E8	351.46486435568954
2.64231582E8	308.7382223917604
2.64411569E8	349.36122733612274
2.645558915E8	348.15324038966344
2.648102425E8	327.2077581553173
2.65083559E8	324.98160493827163
2.65224529E8	323.56809116809114
2.653750005E8	363.9771882830727
2.65651351E8	333.657110706248
2.65885247E8	363.57242364707986
2.66021552E8	340.740350877193
2.66196816E8	345.8174546493358
2.664682985E8	328.44820832728857
2.66677402E8	358.26927403305353
2.668104465E8	312.85512073272275
2.670024795E8	324.8320515113575
2.672676815E8	337.9987956643918
2.67460016E8	372.130376344086
2.67590504E8	305.9627708269759
2.67790844E8	330.7399302633161
2.680494615E8	319.55588644034145
2.68233489E8	355.3149553571429
2.683623315E8	344.29302615193023
2.685626535E8	345.5289359391965
2.688141505E8	340.41240025421934
2.68998196E8	334.3445009242144
2.691212125E8	337.1088260497001
2.69305491E8	318.26668436891487
2.69544969E8	335.5464603760007
2.69745058E8	366.1364829396326
2.698635095E8	334.3991356149983
2.700194335E8	329.3636260301222
2.7025476E8	361.5278793063224
2.704832035E8	346.24063034881664
2.706000615E8	345.51956074124917
2.707192135E8	327.9642630241423
2.70946674E8	337.5914767606541
2.711728175E8	335.6228733459357
2.713243835E8	333.0466381015161
2.714361945E8	298.8511304744006
2.71620605E8	342.2697102570716
2.718435565E8	339.77231980176373
2.720435135E8	334.88961404298414
2.721547675E8	324.47822580645163
2.722872195E8	320.77423462620044
2.725064275E8	312.7580522444839
2.727249785E8	360.5648961382964
2.72867561E8	352.6190289741582
2.729767215E8	326.3620974401321
2.731596875E8	326.81241084165475
2.733731465E8	337.9113067891781
2.73574548E8	315.90541818673154
2.736806165E8	294.71260997067446
2.737972355E8	331.2740268821381
2.74008185E8	312.61301156860304
2.7421821E8	303.104497531029
2.74380672E8	374.1718736912639
2.744841805E8	344.2409638554217
2.746317545E8	330.2764308776049
2.74835029E8	336.04777126620496
2.750368585E8	334.78684719535784
2.751721665E8	322.81281790437436
2.752717585E8	396.4610924055369
2.754346305E8	336.1699662188703
2.75629477E8	339.57613976083707
2.75822252E8	336.47028102462076
2.75947145E8	309.1627260083449
2.760430425E8	300.95865237366
2.762057895E8	319.67970537757435
2.763968555E8	346.6981591423568
2.76587426E8	323.9756036217304
2.767135505E8	330.7572984749455
2.76808458E8	324.5746166950596
2.76967139E8	356.6572752449936
2.77156076E8	337.5920392202638
2.773432765E8	328.339583020849
2.774748495E8	385.1328169822146
2.775673295E8	316.1279955415196
2.77713495E8	340.5373372532549
2.77897569E8	334.8180564493886
2.780813245E8	349.8809327846365
2.78227624E8	318.2354352296093
2.78318713E8	312.09927611168564
2.78445831E8	342.3305108664973
2.78624475E8	314.2180065308661
2.78799759E8	328.4053915714042
2.7896884E8	342.8183578180162
2.79055951E8	350.14912280701753
2.791480645E8	346.8352101779421
2.793219045E8	308.8083666030203
2.794951505E8	341.8111824609198
2.796670295E8	341.5503500269252
2.797860375E8	397.7319378798109
2.798713395E8	336.06008428657435
2.80007599E8	334.0294575061751
2.801762495E8	327.342110836569
2.8034403E8	332.55902365940443
2.80507948E8	326.2570200573066
2.805915035E8	351.2867647058824
2.80677891E8	327.06275033377835
2.80844071E8	322.1063005582773
2.810100155E8	306.3961779114323
2.81175222E8	344.86576482830384
2.813072575E8	340.43366228070175
2.81389511E8	312.6763433104941
2.81503931E8	318.5713887339654
2.816671245E8	310.6353618832958
2.81829173E8	342.1429804372842
2.819906385E8	342.70435917893667
2.820985375E8	308.1266308518803
2.821788915E8	314.08458920758386
2.823119855E8	326.6310369833212
2.82471554E8	333.3744859645986
2.8263049E8	336.1945945945946
2.827887405E8	329.654128959276
2.82881078E8	344.8399209486166
2.829592085E8	335.9017515923567
2.831008305E8	343.0930928208847
2.832545715E8	329.30353080803087
2.8340819E8	343.8969387755102
2.8356106E8	334.6267648123567
2.83650187E8	287.617816091954
2.837259075E8	325.7363258026159
2.838639935E8	329.5873380350992
2.84014566E8	354.6426660914582
2.841642325E8	303.3398285268901
2.843131325E8	316.69778206364515
2.844097475E8	320.1947661947662
2.844837785E8	323.3758602435151
2.84609444E8	332.11650012186203
2.847568575E8	318.2845202273487
2.84903889E8	333.16407982261643
2.850507725E8	310.44828700711054
2.85162443E8	322.2661779575329
2.85235427E8	307.0300395256917
2.8534268E8	319.492
2.85486983E8	334.7266116627045
2.85630282E8	324.21549878692736
2.85773144E8	347.8440172824266
2.859069595E8	315.94491315136474
2.859767315E8	356.4139194139194
2.86052856E8	332.969148089172
2.861903485E8	333.01049127408453
2.86326707E8	341.7955541833899
2.86461012E8	332.12331747110807
2.865942015E8	339.77113866967306
2.866994605E8	358.9898473162286
2.867650045E8	358.7464608054245
2.868562865E8	319.8808456117873
2.86985097E8	332.99857954545456
2.87113018E8	333.5243791766356
2.872400565E8	337.4585170893054
2.8736678E8	341.47714547490585
2.874684495E8	363.76693851944793
2.875308515E8	342.4202592704251
2.876171135E8	336.64156044804946
2.877417145E8	334.1316742081448
2.87865989E8	346.93230644507497
2.87989856E8	324.9439892545332
2.881135245E8	327.69522261130567
2.88225463E8	277.5891868880375
2.882869705E8	306.8937198067633
2.883595355E8	324.6093080220453
2.884818635E8	337.65810087886894
2.88604014E8	327.7753451156247
2.88725668E8	341.7341586235837
2.88845977E8	340.5339897491233
2.889652565E8	326.3420533718943
2.890345995E8	295.26785714285717
2.89094055E8	301.5309824408649
2.892031115E8	329.8421851289833
2.893211245E8	314.6770324300311
2.8943711E8	324.5989284707209
2.89550763E8	338.9125351807751
2.896633655E8	323.7839046199702
2.897663725E8	332.20962260776247
2.898226395E8	338.10688836104515
2.89887659E8	335.7700324619853
2.899984115E8	326.71060394348706
2.901089365E8	321.1863328116849
2.90218437E8	329.3418219461698
2.903262345E8	330.2731241914618
2.9043256E8	326.4254310912202
2.905335855E8	294.9604271356784
2.905862925E8	301.8510638297872
2.906432345E8	334.2859368046284
2.907479405E8	331.42601491300746
2.90851896E8	319.8694070571117
2.90955247E8	332.65093323761664
2.91058116E8	335.97677261613694
2.91160204E8	324.88332959389726
2.912615545E8	307.4331145885916
2.91331315E8	322.0572363041701
2.9138107E8	314.50949244478886
2.91461273E8	319.71954210956665
2.91559725E8	343.4139344262295
2.91657178E8	319.0252537756871
2.917545145E8	319.1568047337278
2.91851644E8	282.71579337159784
2.91948596E8	339.85
2.920451375E8	313.3018597997139
2.9210626E8	337.649975210709
2.921538905E8	334.47851123595507
2.922360205E8	319.4347696879643
2.923310645E8	307.6817746568784
2.924255295E8	318.22407407407405
2.925187585E8	336.45295454545453
2.92610929E8	316.1746680286006
2.92702327E8	326.4950463406839
2.92792108E8	318.5121127879269
2.928622145E8	337.64647026125624
2.929062585E8	336.39711497666525
2.92967363E8	324.2407234175242
2.930529085E8	336.92115384615386
2.931380435E8	348.5163018164881
2.9322235E8	320.9520859149112
2.93305647E8	353.8775055679287
2.93388439E8	318.59240687679085
2.93470965E8	342.6947581812916
2.935531875E8	353.0260509177028
2.936254925E8	353.4124940391035
2.936664795E8	342.78138528138527
2.9371692E8	325.9470688673876
2.937980535E8	341.6079635499208
2.938782955E8	341.72638248847926
2.93957456E8	338.12991532304835
2.940359865E8	253.79804560260587
2.94113718E8	328.26981392143347
2.94190606E8	338.13804116394607
2.94267212E8	287.320987654321
2.9434356E8	355.7266986612781
2.94403587E8	323.94261330194234
2.944416325E8	337.45951257861634
2.944955125E8	313.14202247191014
2.9457076E8	324.4965099191771
2.9464554E8	319.67437523312196
2.947198625E8	326.5874831763123
2.947938495E8	264.35714285714283
2.94867693E8	322.65429517337515
2.94941437E8	335.0991620111732
2.950150255E8	333.34515765765764
2.9508846E8	317.8890851289297
2.951596985E8	328.822358346095
2.951959055E8	326.2191780821918
2.9523318E8	291.98743718592965
2.953042615E8	348.8012752391073
2.95375117E8	321.49616780960065
2.95445692E8	329.38126118067976
2.95515887E8	333.45017182130584
2.955858525E8	331.6754653130288
2.956554665E8	336.3337473185051
2.957244435E8	335.57699619771864
2.957929165E8	322.6606182795699
2.958609135E8	342.6072607260726
2.959283655E8	326.3098758131283
2.95962472E8	405.60869565217394
2.959959795E8	324.2226738934056
2.960623185E8	291.43442060926634
2.961285905E8	328.49405267629567
2.961944545E8	325.25472689075633
2.96259386E8	307.2795454545454
2.963231915E8	335.0509570615623
2.963866495E8	324.99320412786307
2.964495135E8	317.64250095895665
2.96511883E8	335.52677279305357
2.96574108E8	356.62786672436175
2.966360135E8	330.42904564315353
2.966975155E8	315.73067253299814
2.967299425E8	1790.6707317073171
2.967605265E8	313.1410926365796
2.968197085E8	284.7350579839429
2.968803715E8	335.81478143307794
2.969406465E8	323.417578980294
2.970003935E8	302.4515406162465
2.97059853E8	342.98475085910655
2.971191925E8	334.4943379790941
2.971783685E8	335.7532065457762
2.972373605E8	307.7470760233918
2.972962345E8	337.23716730038024
2.973550285E8	318.55623659209317
2.974136535E8	339.1770764119601
2.974716695E8	387.0375
2.975006415E8	0.0
2.975297915E8	248.95356835769562
2.975874835E8	326.73641404805915
2.97644944E8	337.24620327102804
2.977022745E8	338.48156424581003
2.977593955E8	325.4017931609675
2.97816386E8	318.8781127129751
2.97873337E8	372.85831766917295
2.97929694E8	324.39668799397816
2.979853355E8	303.8776615614494
2.98040566E8	298.239921976593
2.980954345E8	372.73951565268754
2.98150189E8	334.8848101265823
2.982045775E8	296.73749093546047
2.98250394E8	269.50603674540685
2.98277297E8	342.47318908748827
2.98312184E8	360.1434108527132
2.983655255E8	367.8775510204082
2.98418571E8	315.63956043956046
2.98471025E8	335.4052820345615
2.985229515E8	340.04674457429047
2.98574718E8	337.0855855855856
2.98626245E8	338.59634864546524
2.986775555E8	349.34151329243355
2.987287515E8	328.96582466567605
2.9877965E8	321.93830570902395
2.98830158E8	331.99888392857144
2.98880377E8	343.619804400978
2.9893041E8	341.55472779369626
2.989803155E8	338.46216633576
2.9902156E8	322.38
2.99046443E8	296.6967741935484
2.990795815E8	335.869826435247
2.991287095E8	310.53817405232246
2.991776335E8	322.6341287057122
2.99226409E8	321.5959595959596
2.992750675E8	339.7787610619469
2.99323612E8	290.4652406417112
2.993721015E8	350.91614906832297
2.99420364E8	311.86247334754796
2.994682855E8	336.4363124560169
2.995160355E8	337.53674328261576
2.99563736E8	320.28173766343315
2.99611366E8	278.05910735826296
2.99658856E8	337.21657331609936
2.99706222E8	320.3040614709111
2.99753043E8	335.23929299796055
2.997914265E8	337.4527162977867
2.998145535E8	327.26612903225805
2.998454455E8	310.37481146304674
2.998912785E8	317.0661691542289
2.999369015E8	342.3308755760369
2.99982407E8	332.5422575155984
3.000278035E8	325.8071815051648
3.00072936E8	293.3105882352941
3.001178095E8	347.99378531073444
3.001626E8	332.4837872892348
3.002072585E8	310.51195652173914
3.0025153E8	346.1202164669501
3.002951105E8	299.820197044335
3.00338256E8	307.8327016783974
3.00381246E8	307.36626506024095
3.00424041E8	329.1346998535871
3.00466617E8	300.2273781902552
3.00509036E8	345.71995909323334
3.005513965E8	313.36820241691845
3.005739685E8	326.7
3.0059498E8	307.9325842696629
3.006355E8	343.79376657824935
3.00677186E8	357.56190889191754
3.00718655E8	321.3014842300557
3.007599975E8	322.5859738065061
3.008009635E8	333.1556322560402
3.00841504E8	350.1620010836193
3.00881871E8	328.45949720670393
3.009221625E8	314.572775486152
3.00962411E8	296.24801587301585
3.01002529E8	335.0127659574468
3.010424755E8	340.0193401592719
3.010823325E8	332.7934888241011
3.011221535E8	338.5409622886866
3.01161883E8	351.3
3.012013185E8	332.58885298869143
3.01240271E8	334.6212782850337
3.01278813E8	331.69373072970194
3.013171725E8	318.2274325908558
3.013402245E8	333.2867647058824
3.01359325E8	324.2209211553474
3.01393599E8	340.61576846307383
3.01431711E8	348.5008695652174
3.014697935E8	331.24609843937577
3.015075635E8	345.9072052401747
3.01544826E8	295.1091035441279
3.015818905E8	356.7788944723618
3.01618727E8	348.1622418879056
3.01655231E8	320.2175226586103
3.01691575E8	329.19409660107334
3.01727817E8	346.30321735877294
3.017639465E8	365.2190082644628
3.018000005E8	328.6356707317073
3.018360275E8	312.9260226283725
3.018718265E8	311.2994699646643
3.019074095E8	360.7
3.0194275E8	350.28538602941177
3.01977819E8	330.4253461128861
3.020128525E8	309.7484536082474
3.02047874E8	346.3562945368171
3.020828745E8	348.00915178571427
3.021066125E8	346.25539568345323
3.021240165E8	325.15395284327326
3.0215234E8	313.30075187969925
3.021865385E8	335.4806730331969
3.022202135E8	328.646017699115
3.02253491E8	343.4385441527446
3.022863395E8	324.2759643916914
3.02318457E8	325.24038461538464
3.023501625E8	318.61503067484665
3.02381257E8	305.82616179001724
3.024117055E8	326.2994616419919
3.024418645E8	314.0048154093098
3.024718665E8	337.4479578392622
3.02501802E8	337.44153577661433
3.0253152E8	340.5613707165109
3.02561013E8	336.024246395806
3.025904035E8	349.2296242069302
3.026196635E8	332.38505747126436
3.02648696E8	338.18430884184306
3.026774925E8	290.3901918976546
3.0270614E8	322.77852348993287
3.0273473E8	292.56360946745565
3.0276322E8	327.8861788617886
3.02791553E8	349.41763807380016
3.02819683E8	327.1142520612485
3.02847463E8	309.36842105263156
3.02871419E8	279.8918918918919
3.028851665E8	320.5258620689655
3.029023805E8	316.279843444227
3.02929608E8	330.8395451674037
3.029566585E8	337.4989517819707
3.02983539E8	324.7951256664128
3.030103E8	317.7324074074074
3.03036936E8	334.0869140625
3.030633795E8	306.20623145400594
3.03089659E8	335.9480840543881
3.031158375E8	300.0655577299413
3.03141897E8	319.65367965367966
3.0316784E8	351.85129310344826
3.03193613E8	332.1104060913706
3.03219033E8	331.8789878987899
3.03244142E8	330.0121359223301
3.03269183E8	339.9272813688213
3.032941495E8	315.22846441947564
3.03318984E8	328.6341463414634
3.03343729E8	357.75745526838966
3.03368407E8	302.11346153846154
3.03392961E8	321.74131274131275
3.034173935E8	409.5
3.034417695E8	342.6618635926993
3.03466092E8	341.0
3.03490315E8	207.06666666666666
3.03514472E8	309.1380042462845
3.03538466E8	338.21080368906456
3.035622675E8	326.88991769547323
3.03585904E8	348.3753375337534
3.036094165E8	340.88046272493574
3.03632882E8	320.8764805414552
3.036474595E8	342.7011952191235
3.03659146E8	321.1509433962264
3.036795675E8	289.20392156862744
3.03702759E8	346.42279792746115
3.037259045E8	287.6307692307692
3.03749014E8	342.32151690024733
3.037721115E8	311.27646129541864
3.03795153E8	342.19779286926996
3.038181055E8	355.538062283737
3.03840977E8	344.8760460251046
3.038636995E8	321.6342134213421
3.038862345E8	331.82111801242235
3.03908542E8	340.5881627620222
3.03930611E8	304.00690607734805
3.039525865E8	344.19196661450184
3.03974351E8	352.6683366733467
3.039958025E8	337.5571095571096
3.040171415E8	351.92841163310965
3.04038313E8	328.20542082738945
3.040591685E8	339.5688405797101
3.04079863E8	339.07399347116433
3.04100481E8	339.5961904761905
3.04120937E8	344.75314723590583
3.041411265E8	301.1138755980861
3.04161089E8	338.01054852320675
3.041809935E8	327.68482905982904
3.04200889E8	352.12110453648916
3.042207195E8	323.18865030674846
3.042404435E8	328.5970464135021
3.04260093E8	335.25761772853184
3.042797115E8	323.85319289005923
3.04299283E8	377.71223021582733
3.043188045E8	343.8385650224215
3.0433822E8	317.8
3.04357514E8	321.5583815028902
3.043766445E8	137.05882352941177
3.04395624E8	340.06358111266945
3.044120845E8	294.1333333333333
3.044215395E8	203.8
3.044334495E8	336.4512471655329
3.044520715E8	334.997722095672
3.04470397E8	344.8842412451362
3.04488589E8	337.6342412451362
3.0450666E8	367.95652173913044
3.0452464E8	89.54285714285714
3.04542522E8	301.3205128205128
3.04560353E8	348.5450450450451
3.045781455E8	353.2921686746988
3.045958945E8	344.36205128205125
3.04613409E8	266.483771251932
3.04630615E8	314.17286652078775
3.046477165E8	349.6007662835249
3.04664782E8	351.1288993525603
3.046818275E8	314.2692307692308
3.04698855E8	339.46153846153845
3.047157445E8	333.25180722891565
3.047322845E8	334.8811475409836
3.047485745E8	355.25576519916143
3.047647915E8	322.74545454545455
3.04780937E8	377.2282157676349
3.04797045E8	314.60537190082647
3.04813105E8	331.5414364640884
3.04829099E8	107.0909090909091
3.04844809E8	341.95936794582394
3.04860144E8	350.5508145676953
3.04875228E8	337.8204255319149
3.048899345E8	333.30172413793105
3.04904393E8	321.24156692056584
3.04918797E8	334.76666666666665
3.04933121E8	330.28205128205127
3.049473325E8	336.8502350570853
3.049613855E8	357.0594451783355
3.049753525E8	345.88363636363636
3.04989176E8	327.06017191977077
3.050028535E8	324.45244215938305
3.050165075E8	337.1183310533516
3.05030149E8	289.9555555555556
3.05043766E8	330.73148148148147
3.05057328E8	353.6632860040568
3.050707775E8	318.9075342465753
3.050840815E8	355.0594439117929
3.050973185E8	236.05555555555554
3.0511055E8	350.1475
3.051237565E8	359.0911736178468
3.051369355E8	336.74278544542034
3.05150043E8	333.609375
3.05163013E8	346.5811518324607
3.05175888E8	347.2748936170213
3.05185055E8	19.0
3.051914585E8	329.5
3.052015075E8	341.15962441314554
3.05214187E8	321.6623376623377
3.052267085E8	343.0023346303502
3.05239162E8	327.07894736842104
3.052514665E8	295.55625
3.052635855E8	19.0
3.05275651E8	236.35087719298247
3.052876965E8	330.7086834733893
3.052997075E8	282.725
3.05311672E8	316.84276729559747
3.053236175E8	296.56198347107437
3.053355615E8	330.40521327014216
3.05347491E8	329.07119741100325
3.0535937E8	349.9973404255319
3.053711045E8	62.285714285714285
3.053827095E8	297.5576923076923
3.05394203E8	342.42918454935625
3.05405586E8	435.0088062622309
3.05416915E8	368.9166666666667
3.054282015E8	253.3090909090909
3.054393975E8	341.1035474592522
3.05450508E8	323.82591093117406
3.054616145E8	322.6425702811245
3.05472713E8	354.5581395348837
3.054837595E8	347.0553864881315
3.05494683E8	296.3741496598639
3.055054885E8	328.54891304347825
3.055161465E8	351.1736334405145
3.05526661E8	298.7096774193548
3.05537127E8	350.98492734031765
3.055475015E8	330.4782608695652
3.055577785E8	336.7884297520661
3.05567969E8	336.46495327102804
3.05578E8	323.5580357142857
3.05587934E8	305.75396825396825
3.055978485E8	330.98857868020303
3.056077465E8	313.9851804123711
3.05617534E8	347.879177377892
3.05627204E8	358.8939393939394
3.0563683E8	239.20833333333334
3.056464125E8	236.0
3.05655943E8	310.43360433604335
3.05665429E8	323.6136363636364
3.056749135E8	301.87394957983196
3.05684391E8	305.85818181818183
3.056938605E8	352.6187384044527
3.05703288E8	309.25925925925924
3.0571261E8	302.7002012072435
3.057218545E8	310.4691011235955
3.057310705E8	311.7509505703422
3.057402675E8	287.2352941176471
3.057494535E8	345.33870967741933
3.057585785E8	319.41059602649005
3.05767648E8	355.8565310492505
3.05776642E8	333.5104761904762
3.057855425E8	333.1655172413793
3.05794349E8	93.18181818181819
3.05803082E8	292.81639344262294
3.058116615E8	356.1619718309859
3.058200515E8	339.84353741496597
3.058282875E8	304.5251141552511
3.058363865E8	328.9571788413098
3.058444065E8	318.15808823529414
3.058523285E8	317.5646258503401
3.058601015E8	328.15625
3.058677105E8	0.0
3.058752425E8	334.7670196671709
3.05882709E8	361.41284403669727
3.058900985E8	311.6231343283582
3.05897348E8	371.38235294117646
3.059044835E8	27.0
3.059115865E8	348.35
3.059186575E8	262.2133333333333
3.059257075E8	278.63605442176873
3.059327345E8	307.3551136363636
3.059397415E8	316.6949152542373
3.05946737E8	354.691101890272
3.05953382E8	325.85912240184757
3.059568435E8	287.55555555555554
3.059606085E8	339.84317032040474
3.059675075E8	156.69230769230768
3.05974393E8	256.14285714285717
3.059812595E8	342.77536231884056
3.0598811E8	464.7368421052632
3.05994947E8	330.1232876712329
3.060017745E8	340.9200359389039
3.06008546E8	352.3525641025641
3.06015243E8	168.85714285714286
3.06021916E8	382.15555555555557
3.06028584E8	326.9188712522046
3.060351805E8	355.06666666666666
3.060416715E8	375.55121951219513
3.06048088E8	350.55555555555554
3.06054431E8	334.4820065430753
3.06060702E8	315.5625
3.06066934E8	344.7090909090909
3.060731045E8	226.1875
3.06079204E8	412.6666666666667
3.060852755E8	320.1404958677686
3.06091306E8	36.22222222222222
3.060973105E8	319.5128205128205
3.06103308E8	296.75
3.06109298E8	330.9282786885246
3.06115231E8	345.0609756097561
3.06121083E8	344.2
3.061268995E8	322.9280575539568
3.061326905E8	292.15384615384613
3.061384525E8	346.3181818181818
3.06144196E8	19.5
3.06149915E8	338.5814977973568
3.061556135E8	349.5072463768116
3.061612865E8	332.33469387755105
3.061668935E8	352.5634028892456
3.061724375E8	319.1611570247934
3.06177958E8	0.0
3.06183465E8	342.30232558139534
3.0618895E8	342.603128054741
3.061944175E8	288.0
3.061998695E8	318.24590163934425
3.062052965E8	21.0
3.062107035E8	358.95767195767195
3.062160895E8	302.74107142857144
3.06221455E8	323.9051094890511
3.062267975E8	259.0
3.062321055E8	19.0
3.062373925E8	0.0
3.062426715E8	371.12820512820514
3.06247945E8	354.4868421052632
3.062532015E8	255.1
3.062584425E8	339.8204334365325
3.06263673E8	311.9593908629442
3.062688905E8	347.3541055718475
3.06274102E8	305.63461538461536
3.06279276E8	332.2228033472803
3.062844135E8	318.67391304347825
3.062895485E8	144.66666666666666
3.06294667E8	19.5
3.06299761E8	339.1223021582734
3.063048415E8	320.06666666666666
3.063099165E8	310.8958333333333
3.063149815E8	0.0
3.063200175E8	262.6
3.063250325E8	337.6666666666667
3.06330018E8	290.77777777777777
3.063349735E8	0.0
3.063399235E8	344.9047619047619
3.06344861E8	273.53333333333336
3.063497735E8	306.3565217391304
3.06354609E8	360.63088057901086
3.06359362E8	361.82307692307694
3.06364072E8	250.11764705882354
3.06368756E8	269.8709677419355
3.063734225E8	334.21008403361344
3.063780725E8	198.42857142857142
3.06382707E8	318.8061224489796
3.063873235E8	279.75
3.06391931E8	331.7282051282051
3.063965295E8	323.79754601226995
3.06401082E8	344.19736842105266
3.064055785E8	361.82521489971344
3.06410055E8	329.0
3.0641452E8	315.43636363636364
3.0641896E8	384.7307692307692
3.064233765E8	276.01428571428573
3.06427766E8	344.4925373134328
3.064321085E8	353.04641131815043
3.06436424E8	416.8888888888889
3.06440737E8	176.25
3.064450465E8	340.5
3.06449342E8	227.875
3.06453625E8	19.0
3.06457902E8	345.0542168674699
3.064621725E8	300.25925925925924
3.06466441E8	300.76875
3.06470704E8	354.8348909657321
3.064749595E8	367.12080536912754
3.064792095E8	84.53571428571429
3.06483446E8	321.7260273972603
3.064876545E8	368.92985971943887
3.064918455E8	334.5
3.0649603E8	394.6372315035799
3.065001735E8	261.2
3.06504273E8	310.98568281938327
3.065083565E8	0.0
3.06512427E8	302.0857142857143
3.06516488E8	318.2586206896552
3.065205265E8	360.52710280373833
3.065245425E8	390.5
3.06528524E8	21.0
3.06532471E8	390.125
3.065364115E8	349.03979238754323
3.065403375E8	20.0
3.0654423E8	358.21393643031786
3.06548097E8	187.5
3.0655195E8	325.0
3.065557735E8	257.57575757575756
3.06559577E8	234.6727272727273
3.065633635E8	272.875
3.065671335E8	228.6140350877193
3.065709005E8	342.9674796747967
3.065746505E8	269.47391304347826
3.065783835E8	422.021164021164
3.06582112E8	365.9178743961353
3.06585833E8	136.375
3.06589543E8	288.13513513513516
3.065932395E8	297.03308823529414
3.065969265E8	357.596
3.06600612E8	384.2330097087379
3.066042955E8	344.8556430446194
3.06607968E8	291.0217391304348
3.0661163E8	345.02369668246445
3.066152875E8	511.9
3.06618939E8	256.5
3.066225875E8	19.0
3.066262295E8	340.6458333333333
3.066298605E8	326.37254901960785
3.066334545E8	0.0
3.06637011E8	62.666666666666664
3.0664056E8	176.23529411764707
3.066440915E8	367.8391167192429
3.066476025E8	337.7070707070707
3.066511055E8	267.6666666666667
3.06654603E8	348.8112874779541
3.066580945E8	278.67021276595744
3.066615705E8	136.0
3.06665033E8	19.5
3.06668493E8	20.0
3.066719485E8	335.5
3.066753845E8	359.5527638190955
3.06678798E8	31.666666666666668
3.066821985E8	279.0
3.06685591E8	19.0
3.066889815E8	341.57013574660635
3.066923705E8	294.1290322580645
3.066957585E8	341.96
3.066991455E8	336.7127882599581
3.067025305E8	339.9824561403509
3.06705914E8	316.2177650429799
3.067092965E8	19.0
3.06712672E8	378.0
3.06716041E8	325.6260162601626
3.067194095E8	343.83846153846156
3.067227775E8	347.3678929765886
3.067248635E8	0.0
3.06726541E8	367.0
3.067294915E8	259.0
3.067328405E8	363.2049180327869
3.067361665E8	321.07142857142856
3.06739469E8	56.5
3.06742768E8	19.0
3.06746065E8	286.98039215686276
3.067493595E8	322.61038961038963
3.067526505E8	384.3983739837398
3.06755933E8	338.0
3.067591995E8	375.96923076923076
3.067624565E8	339.6279569892473
3.067657115E8	372.1607142857143
3.06768965E8	94.5
3.06772208E8	342.43453510436433
3.067754395E8	0.0
3.067786575E8	325.86021505376345
3.067818625E8	291.34090909090907
3.067850465E8	339.625
3.0678821E8	107.83333333333333
3.067913705E8	336.35263157894735
3.067945245E8	390.92857142857144
3.06797666E8	335.80232558139534
3.0680079E8	0.0
3.06803903E8	332.6818181818182
3.068070135E8	0.0
3.068101235E8	354.1522988505747
3.06813233E8	325.93501805054154
3.068163365E8	320.7142857142857
3.068194285E8	0.0
3.06822513E8	377.0169014084507
3.068255925E8	311.275
3.068286625E8	343.0
3.068317255E8	333.42
3.068347845E8	367.1666666666667
3.068378385E8	22.0
3.0684088E8	159.0
3.06843903E8	324.95443037974684
3.068469175E8	296.390243902439
3.068499285E8	398.3709677419355
3.068529315E8	320.87619047619046
3.06855925E8	172.8
3.06858904E8	308.7464788732394
3.06861871E8	0.0
3.06864829E8	249.7396449704142
3.068677785E8	0.0
3.06870722E8	299.72222222222223
3.068736605E8	292.1121495327103
3.06876586E8	284.8181818181818
3.06879498E8	343.9166666666667
3.068824045E8	0.0
3.068853035E8	331.5612244897959
3.06888198E8	0.0
3.0689109E8	0.0
3.068939665E8	264.5
3.06896809E8	310.2
3.068996235E8	125.28571428571429
3.069024245E8	344.7780898876405
3.06905212E8	217.0
3.069079905E8	328.68
3.069107675E8	345.62068965517244
3.06913543E8	292.77941176470586
3.06916313E8	0.0
3.06919067E8	357.24528301886795
3.069218095E8	363.8744855967078
3.069245455E8	330.0817610062893
3.06927266E8	364.8641975308642
3.06929975E8	355.2244897959184
3.069326695E8	20.0
3.069353465E8	347.52916666666664
3.06938016E8	19.6
3.06940674E8	336.5213343677269
3.06943317E8	334.1923076923077
3.069459505E8	37.375
3.069485655E8	319.9901960784314
3.06951153E8	19.75
3.069537225E8	366.3854166666667
3.069562725E8	19.0
3.069587885E8	0.0
3.069612825E8	318.2340425531915
3.069637735E8	341.55357142857144
3.0696626E8	352.72314049586777
3.06968739E8	318.81853281853284
3.06971213E8	20.0
3.06973672E8	0.0
3.069761095E8	296.0
3.06978536E8	415.2
3.0698095E8	0.0
3.06983354E8	0.0
3.06985755E8	379.0833333333333
3.06988152E8	312.1818181818182
3.06990543E8	334.53508771929825
3.069929255E8	277.85714285714283
3.069953025E8	238.08333333333334
3.069976725E8	317.31468531468533
3.070000295E8	311.57894736842104
3.07002367E8	0.0
3.07004687E8	0.0
3.070070005E8	71.0
3.070093035E8	0.0
3.070115925E8	22.0
3.07013868E8	342.41642228739005
3.07016134E8	369.0278388278388
3.07018396E8	229.15277777777777
3.07020655E8	0.0
3.070229135E8	0.0
3.0702516E8	337.72222222222223
3.07027389E8	436.8888888888889
3.0702961E8	346.4144144144144
3.070318285E8	318.6256983240223
3.070340435E8	153.5
3.070362525E8	310.1061946902655
3.07038456E8	341.2857142857143
3.07040653E8	19.0
3.0704284E8	292.375
3.070450185E8	301.6792452830189
3.07047178E8	320.88
3.0704932E8	19.0
3.07051452E8	347.5329341317365
3.070535745E8	0.0
3.07055696E8	281.60869565217394
3.07057816E8	332.3399014778325
3.07059934E8	0.0
3.0706204E8	19.0
3.070641345E8	20.0
3.07066228E8	364.5813953488372
3.070683165E8	0.0
3.070704E8	317.0
3.07072481E8	369.5318331503842
3.07074558E8	0.0
3.070766325E8	0.0
3.070787045E8	312.75
3.07080772E8	278.0
3.070828335E8	291.58730158730157
3.07084889E8	0.0
3.07086942E8	307.2857142857143
3.07088987E8	0.0
3.070910185E8	152.57142857142858
3.07093044E8	341.2022471910112
3.07095069E8	313.8181818181818
3.07097091E8	279.1875
3.07099108E8	152.66666666666666
3.071011185E8	212.07692307692307
3.07103122E8	235.0
3.071051185E8	321.05555555555554
3.071071095E8	296.0238095238095
3.071090915E8	312.56040268456377
3.07111059E8	0.0
3.071130195E8	97.0
3.07114979E8	563.0
3.07116933E8	335.4617563739377
3.071188785E8	172.6
3.071208195E8	349.0
3.07122752E8	0.0
3.071246735E8	369.2121212121212
3.071265845E8	239.0
3.07128479E8	0.0
3.07130355E8	0.0
3.07132213E8	96.55555555555556
3.071340475E8	0.0
3.07135863E8	352.06849315068496
3.071376725E8	346.41052631578947
3.07139478E8	284.3181818181818
3.07141279E8	19.0
3.071430775E8	0.0
3.07144871E8	385.0
3.071466595E8	300.0
3.07148442E8	274.1190476190476
3.07150216E8	110.0
3.071519825E8	0.0
3.071537425E8	19.0
3.071554995E8	323.72222222222223
3.071572545E8	19.0
3.07159008E8	19.5
3.071607605E8	64.0
3.071625115E8	125.33333333333333
3.07164259E8	19.0
3.07165998E8	0.0
3.071677295E8	0.0
3.07169459E8	119.8
3.07171187E8	255.94814814814814
3.07172911E8	216.6578947368421
3.071746285E8	232.26923076923077
3.071763405E8	326.0495867768595
3.0717805E8	19.0
3.07179757E8	225.6888888888889
3.0718146E8	174.75
3.07183154E8	300.3333333333333
3.071848325E8	0.0
3.071864995E8	313.15945716709075
3.07188158E8	353.4909090909091
3.07189806E8	276.75
3.07191447E8	341.5344827586207
3.071930855E8	465.0
3.07194713E8	339.68304278922346
3.07196327E8	246.41379310344828
3.071979365E8	319.5
3.07199539E8	276.06666666666666
3.07201133E8	0.0
3.072027235E8	0.0
3.072043025E8	136.66666666666666
3.07205867E8	439.3333333333333
3.07207427E8	19.0
3.07208982E8	246.33333333333334
3.072105315E8	0.0
3.07212076E8	368.672131147541
3.072136115E8	19.0
3.072151395E8	265.8867924528302
3.072166655E8	379.0
3.07218189E8	399.0
3.07219709E8	0.0
3.07221218E8	0.0
3.072227155E8	0.0
3.072242065E8	143.6
3.07225692E8	0.0
3.072271765E8	309.37735849056605
3.07228659E8	320.80434782608694
3.072301395E8	0.0
3.072316155E8	0.0
3.072330835E8	178.25
3.0723454E8	423.027397260274
3.072359815E8	267.7474226804124
3.072374155E8	19.0
3.07238849E8	334.74468085106383
3.072402775E8	332.0
3.072416995E8	316.4567901234568
3.072431125E8	325.6808510638298
3.072445175E8	0.0
3.07245921E8	0.0
3.07247322E8	0.0
3.072487205E8	348.3333333333333
3.072501165E8	217.33333333333334
3.072515085E8	278.0
3.072528945E8	244.0
3.07254274E8	109.5
3.072556495E8	292.05263157894734
3.072570195E8	370.90983606557376
3.07258382E8	364.9791666666667
3.07259739E8	0.0
3.072610935E8	0.0
3.072624475E8	303.46153846153845
3.072637995E8	332.13461538461536
3.07265146E8	232.0
3.072664865E8	331.6756756756757
3.072678185E8	466.5
3.072691435E8	0.0
3.072704615E8	185.4
3.07271773E8	313.9673913043478
3.072730825E8	284.7916666666667
3.072743855E8	0.0
3.072756825E8	305.69565217391306
3.072769735E8	0.0
3.07278257E8	20.5
3.07279535E8	20.0
3.07280808E8	0.0
3.07282078E8	342.8888888888889
3.07283345E8	280.38461538461536
3.072846035E8	178.58333333333334
3.072858485E8	159.0
3.072870805E8	362.6388888888889
3.07288306E8	0.0
3.072895305E8	0.0
3.0729075E8	67.0
3.072919625E8	0.0
3.0729317E8	402.0
3.072943745E8	20.0
3.07295576E8	0.0
3.07296769E8	170.15384615384616
3.072979505E8	94.0
3.072991265E8	0.0
3.073002965E8	0.0
3.0730146E8	0.0
3.0730262E8	271.06
3.073037765E8	0.0
3.073049325E8	0.0
3.073060875E8	214.0
3.07307234E8	20.0
3.073083675E8	0.0
3.0730949E8	0.0
3.07310606E8	325.9010989010989
3.073117205E8	0.0
3.07312834E8	338.5596330275229
3.07313946E8	0.0
3.07315057E8	19.0
3.073161665E8	112.75
3.07317273E8	221.5
3.073183765E8	315.05882352941177
3.073194775E8	123.66666666666667
3.073205775E8	341.63157894736844
3.07321677E8	0.0
3.073227755E8	20.0
3.073238735E8	314.798353909465
3.07324967E8	322.5833333333333
3.07326045E8	19.0
3.07327112E8	354.3333333333333
3.07328175E8	0.0
3.07329233E8	233.19327731092437
3.073302885E8	267.0571428571429
3.0733134E8	330.6842105263158
3.07332388E8	208.5
3.073334315E8	319.5
3.073344645E8	0.0
3.073354855E8	215.06666666666666
3.073365005E8	304.3125
3.07337512E8	0.0
3.07338521E8	0.0
3.07339524E8	261.3703703703704
3.073405195E8	0.0
3.073415095E8	0.0
3.073424955E8	0.0
3.07343481E8	0.0
3.07344466E8	0.0
3.07345449E8	269.6666666666667
3.0734643E8	0.0
3.073474095E8	19.0
3.073483845E8	19.5
3.073493565E8	0.0
3.07350326E8	186.75
3.073512895E8	0.0
3.07352248E8	19.0
3.07353193E8	434.80555555555554
3.07354126E8	0.0
3.073550565E8	0.0
3.073559835E8	20.0
3.073569075E8	0.0
3.073578275E8	0.0
3.073587445E8	0.0
3.07359658E8	0.0
3.07360568E8	463.6666666666667
3.07361477E8	0.0
3.073623815E8	0.0
3.0736328E8	0.0
3.073641745E8	19.0
3.073650655E8	269.0
3.07365955E8	0.0
3.073668425E8	0.0
3.07367728E8	0.0
3.07368608E8	0.0
3.073694805E8	120.0
3.0737035E8	344.4888888888889
3.073712185E8	22.0
3.07372084E8	343.1111111111111
3.073729445E8	0.0
3.07373801E8	220.55555555555554
3.07374652E8	0.0
3.07375497E8	267.90526315789475
3.07376337E8	335.8
3.07377173E8	247.0
3.073780065E8	153.28571428571428
3.07378836E8	0.0
3.073796625E8	23.0
3.07380485E8	294.0612244897959
3.073812975E8	223.96923076923076
3.073821025E8	422.6666666666667
3.073829055E8	20.0
3.07383704E8	0.0
3.073844975E8	170.0
3.073852875E8	0.0
3.07386072E8	253.1851851851852
3.07386853E8	0.0
3.073876335E8	0.0
3.07388411E8	156.0
3.073891845E8	0.0
3.073899525E8	365.8
3.073907155E8	305.5
3.073914765E8	19.0
3.073922355E8	0.0
3.07392992E8	0.0
3.073937465E8	20.0
3.073944975E8	0.0
3.073952445E8	0.0
3.073959905E8	0.0
3.073967355E8	0.0
3.073974755E8	0.0
3.073982085E8	297.10705596107056
3.07398938E8	19.0
3.07399665E8	126.0
3.074003845E8	0.0
3.074010975E8	21.0
3.07401809E8	421.0
3.074025195E8	0.0
3.074032295E8	0.0
3.074039365E8	0.0
3.0740464E8	0.0
3.0740534E8	0.0
3.074060365E8	0.0
3.07406728E8	281.8
3.07407414E8	366.0
3.07408095E8	0.0
3.07408771E8	0.0
3.074094455E8	0.0
3.07410119E8	0.0
3.07410791E8	0.0
3.074114535E8	0.0
3.074121015E8	199.5
3.07412743E8	355.89830508474574
3.07413383E8	0.0
3.07414021E8	0.0
3.07414658E8	0.0
3.07415294E8	0.0
3.074159275E8	0.0
3.074165575E8	0.0
3.07417184E8	0.0
3.074178075E8	0.0
3.074184285E8	19.0
3.07419046E8	0.0
3.074196585E8	0.0
3.07420267E8	259.6666666666667
3.07420871E8	19.0
3.07421472E8	0.0
3.074220725E8	460.0
3.07422671E8	0.0
3.074232665E8	0.0
3.074238595E8	0.0
3.074244515E8	0.0
3.07425042E8	194.55
3.074256305E8	51.0
3.074262165E8	0.0
3.074268005E8	95.0
3.074273815E8	136.0
3.074279595E8	0.0
3.07428537E8	19.0
3.07429113E8	0.0
3.074296855E8	0.0
3.07430254E8	0.0
3.07430819E8	0.0
3.074313815E8	0.0
3.074319415E8	0.0
3.07432497E8	0.0
3.074330485E8	0.0
3.074335975E8	0.0
3.074341455E8	186.55357142857142
3.07434693E8	0.0
3.0743524E8	20.0
3.074357865E8	95.5
3.074363325E8	0.0
3.07436878E8	0.0
3.07437422E8	0.0
3.07437964E8	0.0
3.07438504E8	195.5
3.074390425E8	153.5146316851665
3.07439579E8	0.0
3.074401125E8	0.0
3.07440644E8	104.0
3.07441174E8	111.75
3.074417025E8	0.0
3.07442227E8	0.0
3.07442747E8	0.0
3.07443264E8	192.58813263525306
3.074437785E8	0.0
3.0744429E8	19.0
3.07444798E8	77.5
3.074453045E8	0.0
3.0744581E8	19.0
3.074463125E8	0.0
3.07446812E8	193.67539267015707
3.074473085E8	0.0
3.074478015E8	147.0
3.074482925E8	0.0
3.074487815E8	0.0
3.07449269E8	140.33333333333334
3.074497555E8	20.0
3.07450239E8	0.0
3.0745072E8	0.0
3.07451198E8	0.0
3.074516695E8	19.5
3.074521375E8	0.0
3.074526035E8	0.0
3.07453067E8	365.0
3.07453528E8	0.0
3.07453982E8	0.0
3.074544305E8	0.0
3.074548775E8	0.0
3.07455321E8	94.0
3.074557615E8	0.0
3.07456201E8	0.0
3.07456637E8	19.0
3.0745707E8	0.0
3.07457503E8	183.0
3.07457932E8	0.0
3.07458353E8	255.0
3.0745877E8	0.0
3.07459185E8	0.0
3.074595975E8	0.0
3.07460009E8	0.0
3.07460419E8	0.0
3.074608275E8	0.0
3.07461234E8	0.0
3.07461637E8	0.0
3.07462037E8	0.0
3.07462436E8	0.0
3.074628295E8	0.0
3.074632175E8	0.0
3.07463604E8	155.0
3.074639885E8	0.0
3.074643725E8	0.0
3.07464756E8	177.0
3.074651385E8	275.5
3.0746552E8	0.0
3.074659E8	0.0
3.074662785E8	0.0
3.07466655E8	214.67391304347825
3.07467028E8	0.0
3.07467397E8	120.0
3.07467764E8	0.0
3.074681295E8	0.0
3.074684925E8	0.0
3.074688535E8	188.8
3.074692125E8	143.5
3.07469565E8	121.63636363636364
3.0746991E8	0.0
3.07470252E8	0.0
3.074705915E8	0.0
3.07470929E8	0.0
3.07471266E8	0.0
3.07471601E8	0.0
3.07471933E8	214.66666666666666
3.074722625E8	0.0
3.0747259E8	0.0
3.07472917E8	0.0
3.074732435E8	0.0
3.07473569E8	0.0
3.07473894E8	0.0
3.07474218E8	0.0
3.07474541E8	0.0
3.07474863E8	0.0
3.074751825E8	0.0
3.074754995E8	0.0
3.074758155E8	0.0
3.0747613E8	0.0
3.074764425E8	0.0
3.074767535E8	0.0
3.07477063E8	0.0
3.07477372E8	0.0
3.074776785E8	0.0
3.074779805E8	0.0
3.0747828E8	0.0
3.074785785E8	0.0
3.07478873E8	0.0
3.074791635E8	138.4
3.074794525E8	0.0
3.07479739E8	0.0
3.07480024E8	0.0
3.074803065E8	0.0
3.074805865E8	19.0
3.07480866E8	0.0
3.07481141E8	0.0
3.07481412E8	0.0
3.074816825E8	154.33333333333334
3.0748195E8	0.0
3.07482213E8	19.0
3.074824735E8	0.0
3.074827325E8	0.0
3.074829885E8	0.0
3.074832415E8	92.875
3.074834925E8	0.0
3.07483741E8	0.0
3.07483986E8	0.0
3.07484227E8	0.0
3.07484466E8	0.0
3.07484705E8	0.0
3.07484943E8	0.0
3.074851795E8	0.0
3.074854115E8	0.0
3.07485639E8	0.0
3.074858655E8	0.0
3.074860915E8	0.0
3.074863175E8	0.0
3.07486542E8	0.0
3.07486762E8	0.0
3.074869785E8	0.0
3.074871945E8	0.0
3.07487409E8	0.0
3.07487621E8	0.0
3.0748783E8	0.0
3.074880335E8	0.0
3.07488232E8	0.0
3.07488428E8	0.0
3.074886225E8	0.0
3.0748881E8	0.0
3.07488991E8	0.0
3.07489172E8	0.0
3.07489351E8	0.0
3.074895275E8	0.0
3.07489703E8	0.0
3.07489878E8	0.0
3.07490053E8	0.0
3.074902265E8	0.0
3.07490395E8	0.0
3.074905575E8	0.0
3.074907135E8	0.0
3.07490864E8	0.0
3.07491012E8	85.0
3.074911565E8	0.0
3.07491297E8	0.0
3.074914355E8	0.0
3.074915695E8	0.0
3.074916995E8	0.0
3.074918285E8	0.0
3.074919565E8	19.0
3.07492084E8	0.0
3.07492211E8	0.0
3.07492338E8	0.0
3.074924645E8	0.0
3.074925885E8	0.0
3.074927095E8	0.0
3.074928275E8	0.0
3.074929365E8	0.0
3.074930385E8	0.0
3.074931395E8	0.0
3.07493239E8	0.0
3.07493338E8	0.0
3.07493436E8	0.0
3.07493525E8	0.0
3.074936035E8	0.0
3.07493678E8	0.0
3.074937455E8	0.0
3.07493806E8	0.0
