#Insert size (bp)	insert size
2.0	1150.0
3.0	1037.0
4.0	1067.0
5.0	1139.0
6.0	1099.0
7.0	1097.0
8.0	1126.0
9.0	1119.0
10.0	1100.0
11.0	1179.0
12.0	1233.0
13.0	1239.0
14.0	1268.0
15.0	1255.0
16.0	1312.0
17.0	1403.0
18.0	1367.0
19.0	87722.0
20.0	46901.0
21.0	21211.0
22.0	11250.0
23.0	6316.0
24.0	4311.0
25.0	4170.0
26.0	3557.0
27.0	3401.0
28.0	3170.0
29.0	3024.0
30.0	3067.0
31.0	3108.0
32.0	3070.0
33.0	3074.0
34.0	3016.0
35.0	3533.0
36.0	3277.0
37.0	3430.0
38.0	3361.0
39.0	3304.0
40.0	3655.0
41.0	3551.0
42.0	3424.0
43.0	3499.0
44.0	3764.0
45.0	3600.0
46.0	3626.0
47.0	3952.0
48.0	3905.0
49.0	3863.0
50.0	4000.0
51.0	4097.0
52.0	4061.0
53.0	4246.0
54.0	4123.0
55.0	4275.0
56.0	4452.0
57.0	4900.0
58.0	4490.0
59.0	4521.0
60.0	4773.0
61.0	4748.0
62.0	5043.0
63.0	5310.0
64.0	5517.0
65.0	5759.0
66.0	5805.0
67.0	6443.0
68.0	6010.0
69.0	6087.0
70.0	6332.0
71.0	6279.0
72.0	6309.0
73.0	6750.0
74.0	6747.0
75.0	6963.0
76.0	6657.0
77.0	6967.0
78.0	6962.0
79.0	7085.0
80.0	7303.0
81.0	7306.0
82.0	7384.0
83.0	7711.0
84.0	7859.0
85.0	7862.0
86.0	8052.0
87.0	8207.0
88.0	8305.0
89.0	8623.0
90.0	8364.0
91.0	8524.0
92.0	9137.0
93.0	8932.0
94.0	9269.0
95.0	9127.0
96.0	9547.0
97.0	9598.0
98.0	9855.0
99.0	10128.0
100.0	10197.0
101.0	10466.0
102.0	10729.0
103.0	10732.0
104.0	11243.0
105.0	11211.0
106.0	11488.0
107.0	12006.0
108.0	11985.0
109.0	12418.0
110.0	12859.0
111.0	12969.0
112.0	13435.0
113.0	14128.0
114.0	14827.0
115.0	15876.0
116.0	16999.0
117.0	19517.0
118.0	41436.0
119.0	43610.0
120.0	45195.0
121.0	46027.0
122.0	46860.0
123.0	48179.0
124.0	49115.0
125.0	50331.0
126.0	51035.0
127.0	52519.0
128.0	53662.0
129.0	54844.0
130.0	56027.0
131.0	57729.0
132.0	59176.0
133.0	59818.0
134.0	60904.0
135.0	62128.0
136.0	62998.0
137.0	64259.0
138.0	65013.0
139.0	66654.0
140.0	68075.0
141.0	69092.0
142.0	70615.0
143.0	71987.0
144.0	72762.0
145.0	73557.0
146.0	74280.0
147.0	75106.0
148.0	75009.0
149.0	76730.0
150.0	77342.0
151.0	78563.0
152.0	78818.0
153.0	80278.0
154.0	80308.0
155.0	80936.0
156.0	80860.0
157.0	81592.0
158.0	81831.0
159.0	81815.0
160.0	82489.0
161.0	82519.0
162.0	83863.0
163.0	83514.0
164.0	83094.0
165.0	84044.0
166.0	84116.0
167.0	84681.0
168.0	85313.0
169.0	85666.0
170.0	85956.0
171.0	86463.0
172.0	86720.0
173.0	86583.0
174.0	85929.0
175.0	85919.0
176.0	85852.0
177.0	85419.0
178.0	85605.0
179.0	85942.0
180.0	85002.0
181.0	84834.0
182.0	84501.0
183.0	84375.0
184.0	83699.0
185.0	84428.0
186.0	83624.0
187.0	83612.0
188.0	83214.0
189.0	82575.0
190.0	82488.0
191.0	82232.0
192.0	80976.0
193.0	80636.0
194.0	80694.0
195.0	79899.0
196.0	79467.0
197.0	79631.0
198.0	78861.0
199.0	78573.0
200.0	78046.0
201.0	77381.0
202.0	77593.0
203.0	76601.0
204.0	75997.0
205.0	76522.0
206.0	75269.0
207.0	74867.0
208.0	74306.0
209.0	74174.0
210.0	72930.0
211.0	72682.0
212.0	72278.0
213.0	72076.0
214.0	71520.0
215.0	71192.0
216.0	70364.0
217.0	70172.0
218.0	69621.0
219.0	69157.0
220.0	68888.0
221.0	68120.0
222.0	67953.0
223.0	67305.0
224.0	66707.0
225.0	66541.0
226.0	65736.0
227.0	66217.0
228.0	65182.0
229.0	64865.0
230.0	64516.0
231.0	63700.0
232.0	63480.0
233.0	62350.0
234.0	62222.0
235.0	61702.0
236.0	61803.0
237.0	61118.0
238.0	60103.0
239.0	60012.0
240.0	59866.0
241.0	59420.0
242.0	58934.0
243.0	58052.0
244.0	57984.0
245.0	58065.0
246.0	57482.0
247.0	57169.0
248.0	57094.0
249.0	56424.0
250.0	55832.0
251.0	55346.0
252.0	55733.0
253.0	54813.0
254.0	54135.0
255.0	54375.0
256.0	53520.0
257.0	53349.0
258.0	52968.0
259.0	52677.0
260.0	52214.0
261.0	52597.0
262.0	52146.0
263.0	51330.0
264.0	51549.0
265.0	51482.0
266.0	50746.0
267.0	50536.0
268.0	50014.0
269.0	50175.0
270.0	49614.0
271.0	49451.0
272.0	49276.0
273.0	49078.0
274.0	48629.0
275.0	48565.0
276.0	48350.0
277.0	48039.0
278.0	47606.0
279.0	47573.0
280.0	46793.0
281.0	46687.0
282.0	46953.0
283.0	46426.0
284.0	46302.0
285.0	45561.0
286.0	45913.0
287.0	45608.0
288.0	45406.0
289.0	45047.0
290.0	45128.0
291.0	44545.0
292.0	44565.0
293.0	44393.0
294.0	44031.0
295.0	43874.0
296.0	43326.0
297.0	43215.0
298.0	42927.0
299.0	43260.0
300.0	42825.0
301.0	42565.0
302.0	42441.0
303.0	42307.0
304.0	42465.0
305.0	41611.0
306.0	42001.0
307.0	40896.0
308.0	41451.0
309.0	40987.0
310.0	41145.0
311.0	40816.0
312.0	40469.0
313.0	40211.0
314.0	40352.0
315.0	40340.0
316.0	40337.0
317.0	40077.0
318.0	39878.0
319.0	39373.0
320.0	39634.0
321.0	39359.0
322.0	39082.0
323.0	38717.0
324.0	39144.0
325.0	38421.0
326.0	38557.0
327.0	38575.0
328.0	38094.0
329.0	37805.0
330.0	37899.0
331.0	38059.0
332.0	37826.0
333.0	37943.0
334.0	37172.0
335.0	37181.0
336.0	37193.0
337.0	37485.0
338.0	36898.0
339.0	37048.0
340.0	36540.0
341.0	36918.0
342.0	36280.0
343.0	36142.0
344.0	36136.0
345.0	35988.0
346.0	36033.0
347.0	36031.0
348.0	35832.0
349.0	35689.0
350.0	35721.0
351.0	35745.0
352.0	35434.0
353.0	34922.0
354.0	34957.0
355.0	35047.0
356.0	34805.0
357.0	34854.0
358.0	34843.0
359.0	34484.0
360.0	34635.0
361.0	34751.0
362.0	34139.0
363.0	34374.0
364.0	34429.0
365.0	34594.0
366.0	34224.0
367.0	33814.0
368.0	34044.0
369.0	33922.0
370.0	33666.0
371.0	34422.0
372.0	33860.0
373.0	34242.0
374.0	34536.0
375.0	34356.0
376.0	34310.0
377.0	34101.0
378.0	33939.0
379.0	34411.0
380.0	34138.0
381.0	34666.0
382.0	34459.0
383.0	34746.0
384.0	34759.0
385.0	34980.0
386.0	34871.0
387.0	34648.0
388.0	35182.0
389.0	35788.0
390.0	35171.0
391.0	35439.0
392.0	35479.0
393.0	35800.0
394.0	36002.0
395.0	36009.0
396.0	36457.0
397.0	36400.0
398.0	37143.0
399.0	37092.0
400.0	37514.0
401.0	37374.0
402.0	38034.0
403.0	37558.0
404.0	38276.0
405.0	38674.0
406.0	39061.0
407.0	39101.0
408.0	39564.0
409.0	39820.0
410.0	40135.0
411.0	40734.0
412.0	40933.0
413.0	41830.0
414.0	41742.0
415.0	42438.0
416.0	42806.0
417.0	42830.0
418.0	43344.0
419.0	43837.0
420.0	44110.0
421.0	44263.0
422.0	45153.0
423.0	45562.0
424.0	45889.0
425.0	46453.0
426.0	46553.0
427.0	46682.0
428.0	47599.0
429.0	47970.0
430.0	48636.0
431.0	48808.0
432.0	48703.0
433.0	48968.0
434.0	49542.0
435.0	49889.0
436.0	50226.0
437.0	51072.0
438.0	51346.0
439.0	51500.0
440.0	51810.0
441.0	51475.0
442.0	52341.0
443.0	52290.0
444.0	52390.0
445.0	52930.0
446.0	53069.0
447.0	53690.0
448.0	53765.0
449.0	54513.0
450.0	55156.0
451.0	54699.0
452.0	55197.0
453.0	54855.0
454.0	54874.0
455.0	55765.0
456.0	55517.0
457.0	56061.0
458.0	56718.0
459.0	56538.0
460.0	56446.0
461.0	57823.0
462.0	57391.0
463.0	57208.0
464.0	58076.0
465.0	58414.0
466.0	59040.0
467.0	58676.0
468.0	59044.0
469.0	59560.0
470.0	60285.0
471.0	60620.0
472.0	60054.0
473.0	60852.0
474.0	61293.0
475.0	61512.0
476.0	62551.0
477.0	62411.0
478.0	62497.0
479.0	62806.0
480.0	62796.0
481.0	63680.0
482.0	64137.0
483.0	63877.0
484.0	64946.0
485.0	65057.0
486.0	65933.0
487.0	66260.0
488.0	66033.0
489.0	66392.0
490.0	66592.0
491.0	66866.0
492.0	66454.0
493.0	67588.0
494.0	67650.0
495.0	68044.0
496.0	68180.0
497.0	68202.0
498.0	68876.0
499.0	69047.0
500.0	69080.0
501.0	69670.0
502.0	69126.0
503.0	70180.0
504.0	69839.0
505.0	70497.0
506.0	70813.0
507.0	70702.0
508.0	70767.0
509.0	71128.0
510.0	70538.0
511.0	70644.0
512.0	70789.0
513.0	70527.0
514.0	70249.0
515.0	69601.0
516.0	69334.0
517.0	69617.0
518.0	69091.0
519.0	68760.0
520.0	68847.0
521.0	68781.0
522.0	68995.0
523.0	68617.0
524.0	69150.0
525.0	68725.0
526.0	68286.0
527.0	68591.0
528.0	67873.0
529.0	67389.0
530.0	66599.0
531.0	66395.0
532.0	66328.0
533.0	65976.0
534.0	65006.0
535.0	64291.0
536.0	64044.0
537.0	63421.0
538.0	62688.0
539.0	62746.0
540.0	61587.0
541.0	60617.0
542.0	59984.0
543.0	59230.0
544.0	58826.0
545.0	57609.0
546.0	56269.0
547.0	55750.0
548.0	55008.0
549.0	53537.0
550.0	52666.0
551.0	52656.0
552.0	51386.0
553.0	50079.0
554.0	48663.0
555.0	48213.0
556.0	47323.0
557.0	45672.0
558.0	44671.0
559.0	43611.0
560.0	42357.0
561.0	41830.0
562.0	40718.0
563.0	39230.0
564.0	38001.0
565.0	36951.0
566.0	36027.0
567.0	34943.0
568.0	33625.0
569.0	32436.0
570.0	31505.0
571.0	30732.0
572.0	29744.0
573.0	28287.0
574.0	27850.0
575.0	26749.0
576.0	25792.0
577.0	24688.0
578.0	23638.0
579.0	22728.0
580.0	21966.0
581.0	20935.0
582.0	20094.0
583.0	19374.0
584.0	18422.0
585.0	17745.0
586.0	16976.0
587.0	16270.0
588.0	15588.0
589.0	14460.0
590.0	14304.0
591.0	13677.0
592.0	12969.0
593.0	12346.0
594.0	11732.0
595.0	11133.0
596.0	10372.0
597.0	9921.0
598.0	9424.0
599.0	9026.0
600.0	8523.0
601.0	8159.0
602.0	7833.0
603.0	7220.0
604.0	7086.0
605.0	6573.0
606.0	6297.0
607.0	6005.0
608.0	5870.0
609.0	5309.0
610.0	5284.0
611.0	4967.0
612.0	4635.0
613.0	4575.0
614.0	4274.0
615.0	4199.0
616.0	3990.0
617.0	3716.0
618.0	3743.0
619.0	3513.0
620.0	3312.0
621.0	3105.0
622.0	2887.0
623.0	2893.0
624.0	2815.0
625.0	2619.0
626.0	2577.0
627.0	2445.0
628.0	2476.0
629.0	2435.0
630.0	2445.0
631.0	2389.0
632.0	2363.0
633.0	2241.0
634.0	2318.0
635.0	2282.0
636.0	2180.0
637.0	2209.0
638.0	2247.0
639.0	2192.0
640.0	2108.0
641.0	2203.0
642.0	2187.0
643.0	2071.0
644.0	2057.0
645.0	2102.0
646.0	2027.0
647.0	1988.0
648.0	1968.0
649.0	2044.0
650.0	1957.0
651.0	1937.0
652.0	1937.0
653.0	2024.0
654.0	1867.0
655.0	2032.0
656.0	1927.0
657.0	1781.0
658.0	1840.0
659.0	1841.0
660.0	1813.0
661.0	1777.0
662.0	1798.0
663.0	1768.0
664.0	1786.0
665.0	1735.0
666.0	1694.0
667.0	1785.0
668.0	1729.0
669.0	1655.0
670.0	1750.0
671.0	1707.0
672.0	1706.0
673.0	1730.0
674.0	1692.0
675.0	1669.0
676.0	1597.0
677.0	1538.0
678.0	1641.0
679.0	1650.0
680.0	1665.0
681.0	1578.0
682.0	1607.0
683.0	1528.0
684.0	1517.0
685.0	1567.0
686.0	1524.0
687.0	1492.0
688.0	1526.0
689.0	1595.0
690.0	1528.0
691.0	1547.0
692.0	1549.0
693.0	1582.0
694.0	1477.0
695.0	1406.0
696.0	1543.0
697.0	1459.0
698.0	1445.0
699.0	1418.0
700.0	1445.0
701.0	1384.0
702.0	1393.0
703.0	1335.0
704.0	1279.0
705.0	1377.0
706.0	1276.0
707.0	1304.0
708.0	1200.0
709.0	1231.0
710.0	1229.0
711.0	1226.0
712.0	1200.0
713.0	1272.0
714.0	1299.0
715.0	1207.0
716.0	1175.0
717.0	1176.0
718.0	1141.0
719.0	1221.0
720.0	1142.0
721.0	1129.0
722.0	1153.0
723.0	1122.0
724.0	1169.0
725.0	1115.0
726.0	1131.0
727.0	1157.0
728.0	1143.0
729.0	1109.0
730.0	1147.0
731.0	1163.0
732.0	1084.0
733.0	1125.0
734.0	1091.0
735.0	1066.0
736.0	1146.0
737.0	1178.0
738.0	1065.0
739.0	1023.0
740.0	1089.0
741.0	1032.0
742.0	1089.0
743.0	1107.0
744.0	1048.0
745.0	1023.0
746.0	1036.0
747.0	1095.0
748.0	1067.0
749.0	1043.0
750.0	1022.0
751.0	1099.0
752.0	1057.0
753.0	1053.0
754.0	1042.0
755.0	1070.0
756.0	1038.0
757.0	1008.0
758.0	1034.0
759.0	975.0
760.0	1008.0
761.0	1025.0
762.0	968.0
763.0	957.0
764.0	1020.0
765.0	1042.0
766.0	1044.0
767.0	1007.0
768.0	1003.0
769.0	925.0
770.0	971.0
771.0	982.0
772.0	902.0
773.0	913.0
774.0	914.0
775.0	883.0
776.0	892.0
777.0	869.0
778.0	811.0
779.0	866.0
780.0	839.0
781.0	838.0
782.0	838.0
783.0	820.0
784.0	850.0
785.0	809.0
786.0	821.0
787.0	831.0
788.0	777.0
789.0	869.0
790.0	807.0
791.0	816.0
792.0	797.0
793.0	841.0
794.0	803.0
795.0	808.0
796.0	791.0
797.0	861.0
798.0	764.0
799.0	772.0
800.0	846.0
801.0	773.0
802.0	809.0
803.0	811.0
804.0	789.0
805.0	794.0
806.0	769.0
807.0	781.0
808.0	766.0
809.0	835.0
810.0	801.0
811.0	785.0
812.0	758.0
813.0	754.0
814.0	804.0
815.0	744.0
816.0	736.0
817.0	760.0
818.0	811.0
819.0	759.0
820.0	772.0
821.0	761.0
822.0	752.0
823.0	754.0
824.0	743.0
825.0	755.0
826.0	754.0
827.0	763.0
828.0	773.0
829.0	796.0
830.0	737.0
831.0	732.0
832.0	700.0
833.0	715.0
834.0	693.0
835.0	683.0
836.0	653.0
837.0	662.0
838.0	653.0
839.0	619.0
840.0	618.0
841.0	579.0
842.0	653.0
843.0	622.0
844.0	606.0
845.0	631.0
846.0	616.0
847.0	660.0
848.0	634.0
849.0	587.0
850.0	605.0
851.0	599.0
852.0	614.0
853.0	619.0
854.0	640.0
855.0	639.0
856.0	622.0
857.0	582.0
858.0	653.0
859.0	604.0
860.0	608.0
861.0	630.0
862.0	600.0
863.0	614.0
864.0	595.0
865.0	592.0
866.0	602.0
867.0	628.0
868.0	603.0
869.0	583.0
870.0	586.0
871.0	646.0
872.0	588.0
873.0	619.0
874.0	633.0
875.0	550.0
876.0	602.0
877.0	603.0
878.0	554.0
879.0	585.0
880.0	602.0
881.0	605.0
882.0	587.0
883.0	579.0
884.0	582.0
885.0	566.0
886.0	545.0
887.0	582.0
888.0	542.0
889.0	555.0
890.0	593.0
891.0	534.0
892.0	533.0
893.0	515.0
894.0	513.0
895.0	502.0
896.0	493.0
897.0	506.0
898.0	460.0
899.0	499.0
900.0	498.0
901.0	481.0
902.0	503.0
903.0	486.0
904.0	521.0
905.0	497.0
906.0	517.0
907.0	511.0
908.0	489.0
909.0	476.0
910.0	539.0
911.0	506.0
912.0	526.0
913.0	478.0
914.0	501.0
915.0	464.0
916.0	500.0
917.0	497.0
918.0	495.0
919.0	513.0
920.0	498.0
921.0	460.0
922.0	487.0
923.0	450.0
924.0	461.0
925.0	455.0
926.0	468.0
927.0	442.0
928.0	492.0
929.0	440.0
930.0	437.0
931.0	502.0
932.0	459.0
933.0	502.0
934.0	468.0
935.0	466.0
936.0	437.0
937.0	504.0
938.0	470.0
939.0	445.0
940.0	457.0
941.0	454.0
942.0	399.0
943.0	425.0
944.0	424.0
945.0	399.0
946.0	390.0
947.0	397.0
948.0	417.0
949.0	410.0
950.0	393.0
951.0	420.0
952.0	422.0
953.0	420.0
954.0	444.0
955.0	430.0
956.0	375.0
957.0	378.0
958.0	387.0
959.0	418.0
960.0	385.0
961.0	428.0
962.0	350.0
963.0	396.0
964.0	391.0
965.0	391.0
966.0	400.0
