#Position (bp)	mapping quality
384368.0	53.67661897039101
1153103.0	58.2646854938339
1921838.0	58.88772023092638
2690573.0	59.02174684993379
3459308.0	59.74958982759139
4228043.0	58.953839232054804
4996778.0	59.13219441880353
5765513.0	59.820789127376806
6534248.0	58.5173330934486
7302983.0	57.45516095390212
8071718.0	58.88593124510728
8840453.0	52.990786906580816
9609188.0	56.490520888208096
1.0377923E7	54.37010368186868
1.0801324E7	48.12113240108151
1.11856915E7	56.50142989619669
1.1915393E7	58.823016645289094
1.2684128E7	59.460649690293074
1.3452863E7	59.38344600559284
1.4221598E7	59.11708749465942
1.4990333E7	59.2941151376149
1.5759068E7	58.68047094174365
1.6527803E7	57.8819957708775
1.7296538E7	57.56125640254354
1.8065273E7	50.6893472958337
1.8834008E7	52.65154562438293
1.9602743E7	54.55622570437982
2.018777E7	47.80963213387812
2.05721375E7	45.93403699670211
2.1140213E7	47.755398493856106
2.1908948E7	53.78269608652365
2.2677683E7	58.28639305512589
2.3446418E7	58.07830063734917
2.4215153E7	59.50205891798376
2.4983888E7	58.31173076866853
2.5752623E7	57.882778604929086
2.6521358E7	59.188197492058876
2.7290093E7	55.16140765930136
2.8058828E7	53.80542510761494
2.86485735E7	57.33450058159579
2.9032941E7	56.317727715870134
2.9596298E7	58.38334918454077
3.0365033E7	58.41939745896605
3.1133768E7	59.526987419321486
3.1902503E7	59.83666960077613
3.2671238E7	58.65496933627087
3.3439973E7	58.31419869540644
3.4208708E7	57.78187122521722
3.4977443E7	58.414243151117844
3.5659712E7	56.117776304891485
3.60440795E7	53.503214740365316
3.6514913E7	57.52690634256416
3.7283648E7	57.208350409309425
3.8052383E7	58.918014642579976
3.8821118E7	57.76459659394445
3.9589853E7	51.450317271825924
4.0358588E7	59.302759268049535
4.1127323E7	57.52609285356019
4.1896058E7	59.339533417490415
4.2664793E7	58.723174250912486
4.3049519E7	26.526827051219833
4.34338865E7	50.25182722838515
4.4202263E7	45.07861134642601
4.4970998E7	36.00340030673268
4.5739733E7	18.242233716725323
4.6508468E7	35.356798150076195
4.7277203E7	39.42585747143375
4.8045938E7	37.53237308386214
4.8668911E7	31.16018629491044
4.90532785E7	46.8719316150295
4.9583408E7	59.006696565729435
5.0352143E7	59.37506364883307
5.1120878E7	59.40167133192216
5.1889613E7	59.38990656237677
5.2658348E7	59.5700338000973
5.3427083E7	58.69717247529088
5.38687855E7	59.79276813702991
5.4253153E7	52.176088602330324
5.4964553E7	49.6261114601152
5.5733288E7	47.15498602088899
5.6502023E7	55.29866631955285
5.7270758E7	55.15016657215644
5.8039493E7	56.0358820380059
5.85039505E7	56.217090610999286
5.8888318E7	46.84363572871018
5.9576963E7	47.38861425036259
6.0345698E7	49.122268367721105
6.1114433E7	42.826222901593034
6.1883168E7	49.25933188756907
6.2651903E7	45.55174630155308
6.3087631E7	42.594669472389974
6.34719985E7	30.444181659396786
6.4189373E7	46.471150232902986
6.4958108E7	49.02379444796214
6.5726843E7	51.406392228368254
6.6495578E7	51.45095759386676
6.7140034E7	47.7470439352507
6.75244015E7	52.44725288975055
6.8033048E7	56.66004700914838
6.8801783E7	57.959673985095506
6.9570518E7	57.51384431174019
7.0339253E7	57.28660563491318
7.11040115E7	56.25191666301732
7.1488379E7	3.292078399526884
7.1876723E7	56.50612490994807
7.2645458E7	58.938526172468464
7.3414193E7	59.01752414191659
7.4182928E7	59.57774157764943
7.4951663E7	59.3677783222167
7.5358208E7	55.72683104063734
7.57425755E7	45.10230352972033
7.6489133E7	51.65475219378327
7.7257868E7	50.8102823481851
7.8026603E7	50.50892337238144
7.8795338E7	52.83955648473334
7.92080895E7	42.83859274055781
7.9592457E7	48.145051393494406
8.0332808E7	39.3048549299724
8.1101543E7	47.88348287413628
8.1870278E7	47.52855759167536
8.26063115E7	32.18457923857922
8.2990679E7	49.90088363287474
8.3407748E7	45.948722774139775
8.4176483E7	45.8507004108996
8.4945218E7	47.47419859379934
8.5713953E7	47.22259951881015
8.6362088E7	46.434884097602065
8.67464555E7	32.663973244808695
8.7251423E7	47.059787912412276
8.8020158E7	49.82789337369653
8.8788893E7	44.62848929446125
8.9557628E7	37.59916981577757
9.0098611E7	30.282457561734685
9.04829785E7	50.715226420250076
9.1095098E7	55.479526135388205
9.1863833E7	53.4045919332154
9.2632568E7	52.15869556803177
9.3401303E7	50.275655645061136
9.38242175E7	19.73176302621597
9.4208585E7	25.22148845428432
9.4938773E7	44.66387280113686
9.5707508E7	48.102787305487794
9.6476243E7	48.37074073266971
9.71220675E7	36.72982361558016
9.7506435E7	40.09349468477629
9.8013713E7	45.664997472270436
9.8782448E7	47.673807040138854
9.9551183E7	37.04226083007835
1.00269334E8	43.26340968801808
1.006537015E8	24.744183266265456
1.01088653E8	49.62452795849931
1.01857388E8	53.234604553114885
1.02626123E8	54.01363023201217
1.033545365E8	54.51885298154047
1.03738904E8	23.542746157980964
1.04163593E8	32.542984811099075
1.04932328E8	28.91042843120832
1.05701063E8	44.00659961913058
1.06347158E8	36.823686263823134
1.067315255E8	45.61162051818567
1.07238533E8	51.07298053147407
1.08007268E8	46.17303572972357
1.08776003E8	46.084185844297416
1.09309377E8	53.3479114560535
1.096937445E8	54.700182894224156
1.10313473E8	56.65919515173969
1.11082208E8	59.5494019660995
1.11850943E8	47.07002579601102
1.12235708E8	0.7394947576983406
1.126200755E8	42.57261031111013
1.13388413E8	40.9352158909173
1.14157148E8	45.94831791699523
1.147696095E8	43.455641337111885
1.15153977E8	42.516522749791754
1.15694618E8	43.95288425051312
1.16463353E8	45.6443704776857
1.17232088E8	50.6140858358206
1.17668795E8	47.191570856704764
1.180531625E8	57.89683294042008
1.18769558E8	59.16232960689463
1.19538293E8	58.02144833955984
1.2014897E8	58.898283449972645
1.205333375E8	49.47073593842658
1.21075763E8	48.87697742058745
1.21844498E8	52.54855589103889
1.225916085E8	32.08449023597095
1.22975976E8	44.69395064173631
1.23381968E8	55.69146736907833
1.24150703E8	54.07993742335824
1.24919438E8	50.384548828136005
1.253769895E8	47.70441982804649
1.25761357E8	43.1754938201034
1.26456908E8	46.3456476325159
1.27225643E8	47.116857375686635
1.277254535E8	42.24046508458417
1.28109821E8	40.81201439615613
1.28763113E8	52.20760930467125
1.29531848E8	50.91167419624642
1.300272615E8	40.32899906261291
1.30411629E8	44.04473098925991
1.31069318E8	35.70424649093061
1.31838053E8	46.09499689524449
1.322676755E8	45.434724632488255
1.32652043E8	48.96326064694467
1.33375523E8	50.9183919522188
1.34030498E8	48.95322298188189
1.344148655E8	34.558668753795935
1.34912993E8	46.77917037426102
1.35681728E8	47.094155290135326
1.361569665E8	43.28677468949639
1.36541334E8	27.245921597122173
1.37219198E8	39.06382330559361
1.37895604E8	41.70328593836464
1.382799715E8	35.98570198835291
1.38756668E8	44.17833752000674
1.39525403E8	42.43938043171986
1.400102465E8	44.34911727885605
1.40394614E8	42.877371715333496
1.41062873E8	53.428967486939044
1.417121025E8	49.32795764986635
1.4209647E8	40.801709668989666
1.42600343E8	45.42572079921031
1.43369078E8	46.208882497119426
1.437831155E8	9.177746595839121
1.44167483E8	38.069162452527834
1.44906548E8	30.904062191368155
1.45465214E8	24.343212649669596
1.458495815E8	47.09424047738226
1.46444018E8	44.69805384312172
1.47106683E8	43.494917765291156
1.474910505E8	48.670503511562565
1.47981488E8	38.54877294224069
1.48737048E8	35.120919738850176
1.491214155E8	32.80760851124624
1.49518958E8	45.491089898047036
1.50287693E8	50.300603003180996
1.50728883E8	51.23825923664234
1.511132505E8	51.48320183012112
1.51825163E8	49.93122672406751
1.52332369E8	45.378124130626766
1.527167365E8	58.357648794245485
1.53362633E8	58.825547978339706
1.5389724E8	52.871567876465114
1.542816075E8	28.743176181562635
1.54900103E8	27.748090386116836
1.55461321E8	31.209138452067727
1.558456885E8	55.26408836994616
1.56437573E8	57.54641071104123
1.57018682E8	52.94811048202881
1.574030495E8	14.724393117351841
1.57975043E8	27.66247287178081
1.585640605E8	49.46952771477568
1.58948428E8	57.34279440062552
1.59512513E8	56.16835094249056
1.6009777E8	51.16218638489807
1.604821375E8	26.883698533148312
1.61049983E8	41.54827598349376
1.616289075E8	49.591938169776405
1.62013275E8	53.03015797023679
1.62587453E8	38.78903142061754
1.631586895E8	30.609905569182736
1.63543057E8	54.86339602402833
1.64124923E8	54.89788997725412
1.64685819E8	40.58993146072028
1.650701865E8	44.52642558595303
1.65662393E8	47.757458357233084
1.66204869E8	47.336235459559525
1.665892365E8	30.314252159392574
1.67199863E8	47.25217474524098
1.67707403E8	26.259853889156595
1.680917705E8	56.00053079028361
1.68737333E8	50.1432109077683
1.69197014E8	47.42080676004445
1.695813815E8	45.93545289148139
1.70274803E8	41.22991894047133
1.706842435E8	40.765204724214485
1.71068611E8	49.110036981145484
1.717757825E8	45.95010365123468
1.7216015E8	37.4418975584723
1.72581008E8	54.887390540425955
1.732448375E8	54.95002033833126
1.73629205E8	47.01336973184481
1.74118478E8	39.93258078615853
1.7470787E8	37.26999974078802
1.750922375E8	40.53174574923528
1.75655948E8	41.802998498774066
1.761671155E8	28.54832824588081
1.76551483E8	45.901881361295835
1.77193418E8	50.95950439493013
1.775981795E8	20.039618983359972
1.77982547E8	58.4531864815005
1.786433205E8	57.73203337721202
1.79027688E8	46.68833865248671
1.79499623E8	47.910835406427594
1.80059845E8	51.79215882010585
1.804442125E8	48.98718723690926
1.81037093E8	51.3755361168388
1.814629515E8	31.63293934933673
1.81847319E8	28.129862799942
1.824697645E8	30.368431372096726
1.82854132E8	53.59446726547204
1.83343298E8	37.00630353160357
1.83845386E8	47.13635928646079
1.842297535E8	25.428922860952806
1.848263935E8	39.53448018117651
1.85210761E8	40.93538345789805
1.85649503E8	54.22805362794921
1.861815255E8	56.74291242895246
1.86565893E8	38.957383977739426
1.871516995E8	39.80744899286955
1.87536067E8	47.98699624967039
1.87955708E8	47.73805964660951
1.88487033E8	43.73149182481507
1.888714005E8	32.71462194538629
1.89437117E8	49.02994037060409
1.898214845E8	45.2018070789647
1.90261913E8	47.56844620522818
1.907655555E8	49.67379568393208
1.91149923E8	43.39547201267632
1.917006725E8	46.52736649754239
1.9208504E8	46.0735587132305
1.92568118E8	46.26248569221154
1.93014003E8	53.9853348315598
1.933983705E8	28.64317138998813
1.939421735E8	33.273325532999465
1.94326541E8	41.086203204577984
1.948700135E8	38.59182513408168
1.95254381E8	41.85384712434439
1.95643058E8	49.68443732121335
1.96173218E8	41.42895736943238
1.965575855E8	38.60301844550479
1.970859405E8	38.97015080768782
1.97470308E8	28.834833357610723
1.97949263E8	38.2575243137756
1.98379719E8	20.9635472489769
1.987640865E8	28.790580646727097
1.99284827E8	31.23781212255258
1.996691945E8	28.58246270009484
2.001689555E8	30.336529977597863
2.00553323E8	38.97004299603398
2.01024203E8	39.50136801235673
2.0143258E8	31.783860064683644
2.018169475E8	31.541031775452073
2.023091665E8	37.320758005617506
2.02693534E8	40.56262484577057
2.03168465E8	45.88152927124255
2.035528325E8	29.095014699760537
2.04022535E8	38.69866340408485
2.044069025E8	35.8914757512645
2.048603755E8	37.55002531246509
2.05244743E8	2.6877240143369177
2.05636613E8	48.26184821528246
2.060816995E8	33.137905849991036
2.06466067E8	51.32527109394481
2.069158215E8	32.12481962525652
2.07300189E8	48.669145569580195
2.07743072E8	41.36290811321894
2.081274395E8	39.57037352728085
2.08563085E8	38.069974188828255
2.089474525E8	30.400921299861565
2.09377998E8	49.76946678545033
2.097623655E8	33.61561842723414
2.101865875E8	24.926618690628818
2.10570955E8	33.357796164518156
2.10991954E8	47.18825186724651
2.113763215E8	24.010273416828365
2.117807295E8	42.34093391730021
2.12165097E8	36.77155739590522
2.12555228E8	39.60710387059882
2.12951007E8	42.13584492222246
2.133353745E8	27.583028729946633
2.137362725E8	36.66342329691237
2.1412064E8	31.056467782237537
2.145168735E8	29.396860912868526
2.14901241E8	57.82080056188105
2.15295174E8	58.7570428300098
2.156795415E8	41.725383954561394
2.160708055E8	8.038080334147335
2.16455173E8	42.498626961276905
2.16845987E8	15.841497986861844
2.172303545E8	56.51481518893485
2.176193275E8	57.736235260884236
2.18003695E8	39.79923685624593
2.183870575E8	34.70235116364885
2.18771425E8	40.58214114927621
2.191437085E8	39.45905206104876
2.19528076E8	48.11696692412879
2.19895419E8	29.287316002440445
2.202797865E8	42.99867276062764
2.20645687E8	34.741537510362946
2.21025053E8	47.66002931978799
2.21390679E8	52.06538150820403
2.217493495E8	35.72066662989991
2.22133717E8	33.68431393974714
2.22491112E8	32.109564184341025
2.228754795E8	34.27736897914591
2.232300165E8	39.75308258343936
2.23614384E8	23.121457042577344
2.239617555E8	24.74462916388303
2.24346123E8	55.73969823550917
2.2468963E8	43.31300187709278
2.250739975E8	28.05324606639932
2.254154375E8	33.29202944006843
2.25799805E8	32.0790963001624
2.261404185E8	35.460000540382424
2.26524786E8	57.0810621685755
2.2685767E8	57.93013245013413
2.272420375E8	35.46215729036324
2.275674865E8	10.510872696398383
2.27901798E8	47.56018721970748
2.282642395E8	38.858237480909644
2.28575658E8	46.140690865470106
2.289600255E8	42.60857546737971
2.29270193E8	45.87267686404318
2.296545605E8	37.56001818034959
2.299644725E8	43.10419317895151
2.3034884E8	29.90990698179144
2.30655893E8	32.02430017176943
2.309973965E8	42.980332723027814
2.313463715E8	35.81061557788945
2.31650276E8	37.098727546484454
2.320346435E8	25.22773154656301
2.32330417E8	50.527802417764825
2.327147845E8	32.28277969444175
2.33008396E8	34.31153924984628
2.333832675E8	42.376920059323105
2.336859445E8	6.778089171974522
2.33975938E8	48.96615663263168
2.343603055E8	48.63697525831538
2.346438945E8	54.54928190879644
2.35028262E8	38.79228238659131
2.353116695E8	26.670000230539646
2.35668032E8	46.43030552249579
2.359736405E8	48.61446025293309
2.36248209E8	43.22415076988544
2.366325765E8	46.17079151303136
2.36905892E8	45.9455617780388
2.372902595E8	42.51125587215444
2.375596255E8	42.63287055489802
2.378457775E8	24.672739553571336
2.38209635E8	39.470235021842406
2.384723095E8	38.31800173877609
2.38856677E8	31.904390614102198
2.391161115E8	33.99184573496718
2.394117615E8	46.26099586962061
2.39756603E8	58.784043059180064
2.40012063E8	57.30062663362912
2.403964305E8	24.60355046906531
2.40651522E8	23.103134789035515
2.40935513E8	35.36457336724968
2.41282414E8	28.21548603643988
2.415260005E8	26.08961587833256
2.41910368E8	56.52596695663276
2.42153892E8	27.124007279947055
2.423992835E8	35.458099038574865
2.427812845E8	49.77618142537853
2.430194555E8	38.77456283743251
2.43354977E8	50.051437864510774
2.436401495E8	34.220444817508316
2.43875304E8	48.16249737210131
2.442596715E8	48.77319922382414
2.44494215E8	41.825268896927454
2.447631205E8	48.72651290759165
2.451110035E8	29.02102380763708
2.45340206E8	32.462750480333824
2.45672164E8	53.68347657244899
2.45942791E8	30.321267188001823
2.46158155E8	35.90236016293124
2.46536439E8	52.74904328926666
2.46757852E8	26.333211997213454
2.469695205E8	29.4498875756185
2.47353888E8	41.234143300483524
2.47564574E8	45.24239033394791
2.47805319E8	23.177174531170486
2.48157783E8	48.26882146739531
2.48365893E8	49.31567059755891
2.486381075E8	43.31130290275157
2.489579875E8	32.673953316263926
2.49165224E8	32.07849721631419
2.49467076E8	38.75695235173179
2.4975636E8	45.82916677863643
2.499626485E8	42.09812276411209
2.502879155E8	39.746728189472584
2.5054851E8	30.190038295302188
2.507484705E8	38.37322247749855
2.510885645E8	47.5380318716146
2.51332072E8	31.884535082044344
2.51527848E8	16.366360918147492
2.51873065E8	28.40209866048063
2.5210593E8	54.227542021602986
2.5229909E8	47.41684271312682
2.52643082E8	24.003944420985214
2.5287344E8	52.47163075662
2.53058026E8	56.074420766337205
2.5338655E8	27.429801382742514
2.53626707E8	30.18655692729767
2.53810996E8	34.24918219516633
2.541215335E8	28.6793128874434
2.543774555E8	25.2271331446786
2.545591305E8	33.785623776346426
2.54848343E8	47.37396144872536
2.551248655E8	41.06288641376026
2.553049575E8	46.13001557784154
2.555674465E8	24.193734774897898
2.55866877E8	43.633037383217875
2.560427725E8	33.45555951975653
2.562705875E8	39.7938248355678
2.56600938E8	24.00910688226467
2.56774153E8	42.61756873689217
2.569624935E8	36.27402659469643
2.57304699E8	55.090994609070286
2.57500726E8	32.743743329587716
2.576711905E8	25.144547191018983
2.57986484E8	41.20438018022407
2.582258865E8	58.66971559786849
2.583930965E8	47.964196091592015
2.586566015E8	48.620794907979004
2.58942833E8	37.44742504088583
2.5910475E8	32.989229918266176
2.593058495E8	46.44650836182273
2.59625725E8	40.92783880233019
2.59808993E8	37.655662871312934
2.59968316E8	32.8152237040345
2.60263454E8	34.6678480370245
2.60511936E8	47.175418172352266
2.60669987E8	43.4421123023332
2.60895678E8	46.51523024990105
2.61207803E8	37.164978399522745
2.613664795E8	54.58933839022335
2.61520696E8	44.71987381198383
2.61824593E8	56.350053086518585
2.62058165E8	39.21207621984317
2.622109925E8	37.35062508811703
2.624361765E8	59.096699021653414
2.627407855E8	20.329098148769624
2.62899969E8	26.21047728841777
2.63050826E8	35.836842936803265
2.633441895E8	39.8667893745286
2.635851015E8	24.266257961142017
2.63733667E8	10.668798878062821
2.639380475E8	43.32797913544968
2.64231582E8	33.00801062488777
2.64411569E8	33.2646981110157
2.645558915E8	17.26506811486364
2.648102425E8	41.65843335886744
2.65083559E8	34.25411100972303
2.65224529E8	53.187698995682894
2.653750005E8	39.96670365053955
2.65651351E8	36.5543776852014
2.65885247E8	38.44979359673366
2.66021552E8	44.211750804186394
2.66196816E8	42.244124258202376
2.664682985E8	34.32827846740991
2.66677402E8	24.27176778553394
2.668104465E8	20.477656066670068
2.670024795E8	42.83515518256032
2.672676815E8	12.547693321409696
2.67460016E8	29.806955024736457
2.67590504E8	18.598155086256043
2.67790844E8	34.14122562768863
2.680494615E8	29.633189500114128
2.68233489E8	44.115474775988375
2.683623315E8	38.43566909428187
2.685626535E8	45.49596814883654
2.688141505E8	39.33225929328327
2.68998196E8	33.01308683186507
2.691212125E8	34.21998512154736
2.69305491E8	27.060325190377554
2.69544969E8	39.759359533241856
2.69745058E8	35.16109359241544
2.698635095E8	47.56183954720961
2.700194335E8	43.824989759879756
2.7025476E8	35.24302397713786
2.704832035E8	47.6704216005319
2.706000615E8	54.75567474289037
2.707192135E8	26.84125460769135
2.70946674E8	37.623153166672175
2.711728175E8	27.84292284682942
2.713243835E8	13.786467627173154
2.714361945E8	34.09787451786133
2.71620605E8	45.666419477755916
2.718435565E8	48.51060553979674
2.720435135E8	29.51705756881754
2.721547675E8	30.018627711147502
2.722872195E8	26.2706912687001
2.725064275E8	35.936667175515886
2.727249785E8	32.89418380616225
2.72867561E8	36.34946752349769
2.729767215E8	34.03358103987898
2.731596875E8	28.546455443477353
2.733731465E8	11.463852527013017
2.73574548E8	22.494928162334208
2.736806165E8	7.987074170704435
2.737972355E8	45.34827589486003
2.74008185E8	28.243801835165897
2.7421821E8	32.66539934388475
2.74380672E8	53.58057327790727
2.744841805E8	45.88033740429564
2.746317545E8	26.0053991258005
2.74835029E8	36.2214200044959
2.750368585E8	48.625069322510384
2.751721665E8	20.619615301142467
2.752717585E8	35.02931820900879
2.754346305E8	53.669718552331
2.75629477E8	49.036159562738696
2.75822252E8	50.28426322223775
2.75947145E8	25.615398484516238
2.760430425E8	26.60681228641947
2.762057895E8	47.982954033449204
2.763968555E8	45.580954122233884
2.76587426E8	30.685596717646945
2.767135505E8	29.33872302215951
2.76808458E8	32.495000881374764
2.76967139E8	51.79696310774148
2.77156076E8	31.013186678648474
2.773432765E8	32.36819377389149
2.774748495E8	27.253651037663335
2.775673295E8	32.13313543349909
2.77713495E8	16.647552815708742
2.77897569E8	36.812044457036315
2.780813245E8	17.651327242261377
2.78227624E8	41.24640364578331
2.78318713E8	25.53291690440302
2.78445831E8	44.13632648511524
2.78624475E8	39.24042281611488
2.78799759E8	29.40400383975021
2.7896884E8	49.37228631323326
2.79055951E8	12.208393146777532
2.791480645E8	46.75912175774624
2.793219045E8	22.78114271617797
2.794951505E8	22.001587501834127
2.796670295E8	41.3978878861071
2.797860375E8	39.73193810665308
2.798713395E8	48.59505308884125
2.80007599E8	41.64206594093026
2.801762495E8	47.32972615540061
2.8034403E8	41.53477629901348
2.80507948E8	38.357628134432716
2.805915035E8	34.12552407214609
2.80677891E8	22.734639051252323
2.80844071E8	31.14190407190402
2.810100155E8	34.388809876855454
2.81175222E8	41.42026541323069
2.813072575E8	30.277502271247478
2.81389511E8	34.392156291523634
2.81503931E8	31.74911998312348
2.816671245E8	25.409516788061822
2.81829173E8	40.60241017277876
2.819906385E8	44.25105214420083
2.820985375E8	32.04551076139014
2.821788915E8	28.908729368990898
2.823119855E8	29.227531864697173
2.82471554E8	41.70522805173269
2.8263049E8	43.089708556519675
2.827887405E8	56.694679276245466
2.82881078E8	8.944437493985179
2.829592085E8	27.32594069152209
2.831008305E8	46.50342478181542
2.832545715E8	35.154138058416656
2.8340819E8	44.075333003786845
2.8356106E8	24.742879113378518
2.83650187E8	7.849759126895961
2.837259075E8	25.45398944988519
2.838639935E8	41.2529749642835
2.84014566E8	2.7785854715256817
2.841642325E8	31.39734283998563
2.843131325E8	30.44392728947002
2.844097475E8	29.406313250644892
2.844837785E8	34.41400587878924
2.84609444E8	33.91545237689976
2.847568575E8	34.08691545485029
2.84903889E8	42.97758031692186
2.850507725E8	20.419180568611065
2.85162443E8	26.734949869705403
2.85235427E8	23.92332595917935
2.8534268E8	23.841521913017935
2.85486983E8	30.367292301753096
2.85630282E8	24.74234632768302
2.85773144E8	54.176000913891464
2.859069595E8	21.698801454290756
2.859767315E8	39.41561243634414
2.86052856E8	35.034727568557486
2.861903485E8	50.13996165099615
2.86326707E8	51.41471089278072
2.86461012E8	39.26210195469232
2.865942015E8	38.66797496599607
2.866994605E8	10.923562699838092
2.867650045E8	8.061792822420033
2.868562865E8	28.994026838800647
2.86985097E8	37.395219187761555
2.87113018E8	44.39238450224346
2.872400565E8	35.48446240714782
2.8736678E8	36.50882040531036
2.874684495E8	32.94699986187648
2.875308515E8	45.09680082534892
2.876171135E8	18.617193357180017
2.877417145E8	34.71092544805234
2.87865989E8	34.55334727618981
2.87989856E8	32.87936561614487
2.881135245E8	38.103304262698884
2.88225463E8	22.42090510277689
2.882869705E8	32.664833338082886
2.883595355E8	44.606787149694554
2.884818635E8	54.85298459723481
2.88604014E8	43.692650429583566
2.88725668E8	36.14999728304245
2.88845977E8	39.89200905773336
2.889652565E8	47.76054680700063
2.890345995E8	35.14953675174867
2.89094055E8	14.178355847280635
2.892031115E8	41.268560464048036
2.893211245E8	26.834271045925025
2.8943711E8	37.399034732879905
2.89550763E8	41.315832093300145
2.896633655E8	23.935136860824596
2.897663725E8	41.78218495282027
2.898226395E8	42.804213624645655
2.89887659E8	32.36209484366715
2.899984115E8	41.80027091920752
2.901089365E8	50.32212418146941
2.90218437E8	28.25142145636596
2.903262345E8	43.505213085730404
2.9043256E8	32.55953209105009
2.905335855E8	9.085635557461966
2.905862925E8	55.9432932072227
2.906432345E8	28.879832394597006
2.907479405E8	34.40233760352092
2.90851896E8	25.00282885613854
2.90955247E8	27.568651301930544
2.91058116E8	48.86146057862974
2.91160204E8	24.24615774635732
2.912615545E8	31.778161463726438
2.91331315E8	25.02015123803539
2.9138107E8	30.743353341964507
2.91461273E8	32.30079599461773
2.91559725E8	4.2422609039659775
2.91657178E8	34.20300467112738
2.917545145E8	23.179109048723898
2.91851644E8	32.03004601199052
2.91948596E8	6.035041602398383
2.920451375E8	34.053812151292405
2.9210626E8	47.450955697775036
2.921538905E8	58.35367401632586
2.922360205E8	21.656767076259392
2.923310645E8	31.439695514768445
2.924255295E8	32.56276767817532
2.925187585E8	31.44948383713047
2.92610929E8	4.485897728916838
2.92702327E8	33.672391115463455
2.92792108E8	23.67847156209477
2.928622145E8	38.41597598274288
2.929062585E8	36.26855202638925
2.92967363E8	29.208361242429053
2.930529085E8	23.89284988357124
2.931380435E8	15.99826595721713
2.9322235E8	26.70508506616257
2.93305647E8	14.916550597062047
2.93388439E8	25.83298421640486
2.93470965E8	32.66144746270893
2.935531875E8	29.022653183888462
2.936254925E8	4.103702464681997
2.936664795E8	3.524258349416463
2.9371692E8	27.790795185883866
2.937980535E8	23.3099606732231
2.938782955E8	45.06340446193639
2.93957456E8	59.044170292048804
2.940359865E8	25.68531123096629
2.94113718E8	41.80467940367637
2.94190606E8	36.45982406012288
2.94267212E8	1.6815557117106108
2.9434356E8	12.062619585317229
2.94403587E8	34.17267580557353
2.944416325E8	26.091333806298792
2.944955125E8	28.955982684605214
2.9457076E8	32.17042824163021
2.9464554E8	25.455540877773196
2.947198625E8	36.45824523025024
2.947938495E8	1.6138450086841452
2.94867693E8	39.055312605695605
2.94941437E8	27.915873356849975
2.950150255E8	25.58054928713304
2.9508846E8	41.47318698409754
2.951596985E8	19.102112865040223
2.951959055E8	25.651527016444792
2.9523318E8	7.87604973634529
2.953042615E8	6.799026545437454
2.95375117E8	14.139260621313566
2.95445692E8	36.864725859208015
2.95515887E8	52.75053219278073
2.955858525E8	0.9114528632873646
2.956554665E8	45.06222447810351
2.957244435E8	3.9372028201344484
2.957929165E8	29.177850862679016
2.958609135E8	9.616411976643061
2.959283655E8	20.27797456419487
2.95962472E8	3.1957479410074696
2.959959795E8	8.537521284034439
2.960623185E8	11.551847791678957
2.961285905E8	40.81908089453751
2.961944545E8	30.27979955382543
2.96259386E8	35.022800712645086
2.963231915E8	39.38635174996339
2.963866495E8	40.252637119169115
2.964495135E8	36.35908255714342
2.96511883E8	3.5489740338771494
2.96574108E8	8.510681857567173
2.966360135E8	48.094739229266
2.966975155E8	8.597536635890375
2.967299425E8	47.49305485146507
2.967605265E8	28.7636895860511
2.968197085E8	21.75888275477304
2.968803715E8	28.773301471430674
2.969406465E8	32.31625218713249
2.970003935E8	23.393839989038984
2.97059853E8	58.380805533645244
2.971191925E8	43.564161785423
2.971783685E8	29.191487101718792
2.972373605E8	29.173598406102816
2.972962345E8	23.619518132101305
2.973550285E8	30.499623551010533
2.974136535E8	35.36585813801292
2.974716695E8	3.306354692900824
2.975006415E8	0.0
2.975297915E8	35.05504995278809
2.975874835E8	30.698632199666154
2.97644944E8	16.655479363073873
2.977022745E8	27.871939837926917
2.977593955E8	26.48025146216067
2.97816386E8	38.735262989532146
2.97873337E8	21.89342714183047
2.97929694E8	48.23437088462095
2.979853355E8	18.44706064222307
2.98040566E8	43.83122230734192
2.980954345E8	11.672599109162308
2.98150189E8	43.82464869226114
2.982045775E8	29.50121819278004
2.98250394E8	20.452751190487504
2.98277297E8	12.708852623070706
2.98312184E8	13.889857813266092
2.983655255E8	5.415113106740934
2.98418571E8	41.65977510436259
2.98471025E8	15.98395419096466
2.985229515E8	43.28810479617305
2.98574718E8	33.86945424743682
2.98626245E8	5.979386872575417
2.986775555E8	40.172293393359126
2.987287515E8	39.92023685825814
2.9877965E8	52.36093132788627
2.98830158E8	25.347338149045537
2.98880377E8	6.173402738635986
2.9893041E8	25.363234925071428
2.989803155E8	48.24619066110086
2.9902156E8	26.718216371637805
2.99046443E8	18.509462910726537
2.990795815E8	40.02633793523968
2.991287095E8	25.106373544015238
2.991776335E8	22.42579625728095
2.99226409E8	24.450183321598463
2.992750675E8	6.4206845062674365
2.99323612E8	23.66572765210093
2.993721015E8	41.23485214600297
2.99420364E8	31.188241583283943
2.994682855E8	22.83923835167295
2.995160355E8	40.70938126218123
2.99563736E8	28.87083890558508
2.99611366E8	33.99147716781151
2.99658856E8	10.08942393252603
2.99706222E8	29.764642394446394
2.99753043E8	29.384534091229725
2.997914265E8	24.069249300366405
2.998145535E8	37.024828705803706
2.998454455E8	29.803817733990147
2.998912785E8	48.40292566129844
2.999369015E8	5.738795948078583
2.99982407E8	14.616866652233288
3.000278035E8	14.015828595592726
3.00072936E8	24.149423099207073
3.001178095E8	8.017402216998402
3.001626E8	4.172883946699027
3.002072585E8	38.138707243460765
3.0025153E8	36.347189733099746
3.002951105E8	25.151038040948816
3.00338256E8	40.76911123199935
3.00381246E8	30.76638110485129
3.00424041E8	29.019929718340386
3.00466617E8	25.738399650196765
3.00509036E8	18.980530037553986
3.005513965E8	32.01404503399701
3.005739685E8	24.432844036697247
3.0059498E8	26.850303197353913
3.006355E8	42.323557020857656
3.00677186E8	3.7956527439462366
3.00718655E8	27.94013360153619
3.007599975E8	46.44613528890963
3.008009635E8	42.72962970695282
3.00841504E8	49.27575744281477
3.00881871E8	12.639421254250907
3.009221625E8	22.78080913252857
3.00962411E8	24.65951733078797
3.01002529E8	7.8196569820182615
3.010424755E8	28.91126502498969
3.010823325E8	39.75014026520001
3.011221535E8	28.337688783302223
3.01161883E8	4.124757013607238
3.012013185E8	22.189089250049452
3.01240271E8	5.342878639424325
3.01278813E8	32.75482007579985
3.013171725E8	26.96320097698033
3.013402245E8	35.16100642631522
3.01359325E8	40.356303357219566
3.01393599E8	26.10614479170738
3.01431711E8	5.810994592132016
3.014697935E8	21.990798396430254
3.015075635E8	32.04641765779234
3.01544826E8	31.83676980940575
3.015818905E8	20.105722143729167
3.01618727E8	40.414729448198706
3.01655231E8	2.9233724163632715
3.01691575E8	15.815872111225888
3.01727817E8	57.922334601850494
3.017639465E8	17.529066914099044
3.018000005E8	33.14307569702575
3.018360275E8	15.492025970861112
3.018718265E8	38.234101901109184
3.019074095E8	3.659849832049002
3.0194275E8	42.27381670070309
3.01977819E8	4.514241833196341
3.020128525E8	26.792334530566123
3.02047874E8	3.6563609776477963
3.020828745E8	9.813613363899249
3.021066125E8	4.618206845435053
3.021240165E8	7.011171135120715
3.0215234E8	28.188107196183754
3.021865385E8	26.54664977239664
3.022202135E8	26.093721131777187
3.02253491E8	7.983584802672102
3.022863395E8	34.94043021899702
3.02318457E8	10.85426056189714
3.023501625E8	7.596420620590133
3.02381257E8	24.108649695856226
3.024117055E8	27.803334508613656
3.024418645E8	28.078510717551048
3.024718665E8	32.941183296009655
3.02501802E8	21.520713303718303
3.0253152E8	35.538550172837034
3.02561013E8	1.7049504894805965
3.025904035E8	5.581319093733187
3.026196635E8	40.11691583977052
3.02648696E8	0.7258561310359672
3.026774925E8	31.85460779142491
3.0270614E8	37.27739405863228
3.0273473E8	35.93955567691482
3.0276322E8	25.390919747477838
3.02791553E8	3.9405946171305475
3.02819683E8	30.10864800633747
3.02847463E8	32.62533295948409
3.02871419E8	26.31451299402491
3.028851665E8	20.121912039248034
3.029023805E8	33.03765326469715
3.02929608E8	15.419298976834236
3.029566585E8	38.591354655649155
3.02983539E8	50.08745314710635
3.030103E8	32.65698151015575
3.03036936E8	42.775062313060815
3.030633795E8	23.303406248181975
3.03089659E8	52.80010593745793
3.031158375E8	27.514153549454207
3.03141897E8	19.194660103212346
3.0316784E8	3.187508686402172
3.03193613E8	34.35694701236723
3.03219033E8	50.838661218023034
3.03244142E8	31.57406794370532
3.03269183E8	33.31021220289145
3.032941495E8	22.789929867432743
3.03318984E8	38.22136847468363
3.03343729E8	9.49220642208651
3.03368407E8	19.76917502787068
3.03392961E8	25.745010012113422
3.034173935E8	0.9801392829507352
3.034417695E8	46.77749804003977
3.03466092E8	27.045496074768696
3.03490315E8	11.041522716902419
3.03514472E8	37.002971893718325
3.03538466E8	12.316222716613552
3.035622675E8	39.9944261394838
3.03585904E8	35.943053039896135
3.036094165E8	12.488859854948805
3.03632882E8	45.865294143350276
3.036474595E8	36.73301155454849
3.03659146E8	34.909666971766526
3.036795675E8	16.442463154421468
3.03702759E8	47.47388989682409
3.037259045E8	17.258781302170284
3.03749014E8	38.845546044586584
3.037721115E8	24.113520063792247
3.03795153E8	13.286781387930205
3.038181055E8	8.990958764747386
3.03840977E8	47.62270349794888
3.038636995E8	30.455870948764574
3.038862345E8	40.78722620672071
3.03908542E8	32.04554179280719
3.03930611E8	37.20393253567825
3.039525865E8	2.6627779564788736
3.03974351E8	30.328838538272596
3.039958025E8	14.983315031397593
3.040171415E8	4.913915094339623
3.04038313E8	36.318110000976716
3.040591685E8	30.442915424446884
3.04079863E8	28.990219703589933
3.04100481E8	43.500618254331165
3.04120937E8	27.10176275739699
3.041411265E8	31.46421567904693
3.04161089E8	7.344548511561445
3.041809935E8	34.65514968693756
3.04200889E8	12.882302773300138
3.042207195E8	37.58296654676673
3.042404435E8	38.702384009109586
3.04260093E8	13.345959399548883
3.042797115E8	29.620838753825677
3.04299283E8	5.5719395067005255
3.043188045E8	30.54270474993884
3.0433822E8	3.124928530588908
3.04357514E8	36.702246164677156
3.043766445E8	11.982613469985358
3.04395624E8	2.9500647845468055
3.044120845E8	11.548774126238914
3.044215395E8	30.516956920256646
3.044334495E8	24.07852851435941
3.044520715E8	23.02084220177478
3.04470397E8	32.82813194270526
3.04488589E8	38.35065158932635
3.0450666E8	5.032908704883227
3.0452464E8	10.30826585424517
3.04542522E8	16.219535985508255
3.04560353E8	30.744154131318172
3.045781455E8	38.109233740015796
3.045958945E8	3.476288026736999
3.04613409E8	15.268696858779258
3.04630615E8	29.008367442101445
3.046477165E8	24.67333757845902
3.04664782E8	29.34048377161399
3.046818275E8	6.705922242314648
3.04698855E8	50.02023804295314
3.047157445E8	22.310052825200586
3.047322845E8	40.64316832202331
3.047485745E8	5.010156425006023
3.047647915E8	14.861982128350935
3.04780937E8	7.069663584082914
3.04797045E8	20.71693538228996
3.04813105E8	51.64215729122796
3.04829099E8	20.917922948073702
3.04844809E8	6.932045202842919
3.04860144E8	12.687673962684139
3.04875228E8	46.85785997357992
3.048899345E8	16.05156229858477
3.04904393E8	38.112738415460434
3.04918797E8	6.193305809495724
3.04933121E8	21.036717311233886
3.049473325E8	3.423306444974895
3.049613855E8	46.2709607751576
3.049753525E8	2.471835114779236
3.04989176E8	11.245629293748594
3.050028535E8	16.457325965154656
3.050165075E8	30.842638317206017
3.05030149E8	2.3945431214965893
3.05043766E8	8.921235996169626
3.05057328E8	7.08324044280576
3.050707775E8	18.32590937748417
3.050840815E8	2.7797245659231735
3.050973185E8	1.524041058887088
3.0511055E8	20.974981087214957
3.051237565E8	3.605798347330954
3.051369355E8	3.873284637163975
3.05150043E8	34.66150470591225
3.05163013E8	28.155035930192767
3.05175888E8	34.44082289902551
3.05185055E8	7.276595744680851
3.051914585E8	26.724042565983286
3.052015075E8	20.243973551823995
3.05214187E8	2.268978179507097
3.052267085E8	38.19744299728474
3.05239162E8	28.002475159371773
3.052514665E8	31.455735857561415
3.052635855E8	7.925233644859813
3.05275651E8	44.12248524916471
3.052876965E8	11.951663655225605
3.052997075E8	26.30665927431775
3.05311672E8	19.309187961934207
3.053236175E8	34.82353680506096
3.053355615E8	28.025745449060587
3.05347491E8	35.86910836578488
3.0535937E8	18.386688053921805
3.053711045E8	2.535344015080113
3.053827095E8	28.916259413207186
3.05394203E8	40.52427130388285
3.05405586E8	44.036553296480214
3.05416915E8	4.9354413702239786
3.054282015E8	11.884943883673325
3.054393975E8	3.6770101023931674
3.05450508E8	32.84913010061487
3.054616145E8	27.14619442351168
3.05472713E8	21.368264053936073
3.054837595E8	49.974414631640975
3.05494683E8	37.48523506988564
3.055054885E8	25.054110954123118
3.055161465E8	2.8880194026450843
3.05526661E8	14.462309736651365
3.05537127E8	4.593647300491874
3.055475015E8	27.56791334559575
3.055577785E8	13.811037599988593
3.05567969E8	5.000375343353864
3.05578E8	18.716166559817367
3.05587934E8	44.825469953256885
3.055978485E8	21.368158727533114
3.056077465E8	5.319792336186848
3.05617534E8	45.595608572786155
3.05627204E8	33.276039407646074
3.0563683E8	27.207552199022658
3.056464125E8	27.597399527186763
3.05655943E8	15.349967123564817
3.05665429E8	2.1799140708915146
3.056749135E8	50.65050982710211
3.05684391E8	37.30190023445292
3.056938605E8	48.40920248642362
3.05703288E8	20.65148311484323
3.0571261E8	23.58983817569496
3.057218545E8	2.5459621711604252
3.057310705E8	24.79606933540159
3.057402675E8	29.489736908998474
3.057494535E8	26.118581181359453
3.057585785E8	25.931369755680603
3.05767648E8	5.608967904342354
3.05776642E8	41.98809784592917
3.057855425E8	26.444854369938184
3.05794349E8	6.5870580386924615
3.05803082E8	19.7561934684399
3.058116615E8	33.26430202511868
3.058200515E8	34.96714050576089
3.058282875E8	31.431392837862155
3.058363865E8	53.50285543460333
3.058444065E8	45.983333871123875
3.058523285E8	12.54783467343772
3.058601015E8	4.381211128201699
3.058677105E8	2.3064304461942258
3.058752425E8	56.939123759666266
3.05882709E8	16.453215145378824
3.058900985E8	37.24840131351538
3.05897348E8	47.062622583356685
3.059044835E8	8.005253940455342
3.059115865E8	0.4365706630944407
3.059186575E8	19.46435948235889
3.059257075E8	28.916083523818873
3.059327345E8	15.818082354264446
3.059397415E8	0.09237067361369557
3.05946737E8	17.688484766887214
3.05953382E8	4.351498622974054
3.059568435E8	5.744105931747228
3.059606085E8	2.8296439381526866
3.059675075E8	29.945029239766082
3.05974393E8	38.834146341463416
3.059812595E8	26.638899651297947
3.0598811E8	9.351317242467266
3.05994947E8	6.938169682065695
3.060017745E8	2.754305611356636
3.06008546E8	24.42003438207766
3.06015243E8	12.1254688032731
3.06021916E8	2.7227581279028223
3.06028584E8	13.378249099459309
3.060351805E8	2.2356770833333335
3.060416715E8	48.752546914105906
3.06048088E8	18.185617469879517
3.06054431E8	31.738622106905655
3.06060702E8	29.967907097540163
3.06066934E8	8.554155883836247
3.060731045E8	17.73986412447951
3.06079204E8	1.0650195058517555
3.060852755E8	53.253156453391185
3.06091306E8	38.725260416666664
3.060973105E8	23.21548922094479
3.06103308E8	41.561710464095114
3.06109298E8	26.603478439847688
3.06115231E8	36.207017882103436
3.06121083E8	0.6823379923761118
3.061268995E8	56.5893018000427
3.061326905E8	35.008167907361454
3.061384525E8	17.924088260522346
3.06144196E8	12.357723577235772
3.06149915E8	29.2800721186556
3.061556135E8	31.906796570921813
3.061612865E8	31.03954286487126
3.061668935E8	15.56477412550536
3.061724375E8	37.46928296390148
3.06177958E8	0.0
3.06183465E8	39.86184342926142
3.0618895E8	39.553550780343315
3.061944175E8	22.75407375643225
3.061998695E8	54.3681162845663
3.062052965E8	29.714285714285715
3.062107035E8	17.560297579162587
3.062160895E8	34.93630789468101
3.06221455E8	6.933702773688919
3.062267975E8	28.838644846396786
3.062321055E8	5.409252669039146
3.062373925E8	0.0
3.062426715E8	1.6536295036667021
3.06247945E8	32.54531295067782
3.062532015E8	1.117196895156882
3.062584425E8	53.12337470051418
3.06263673E8	25.610201981476624
3.062688905E8	51.21836171855231
3.06274102E8	38.396090784266214
3.06279276E8	38.75091874753623
3.062844135E8	25.095872631305703
3.062895485E8	0.15101877746703954
3.06294667E8	13.887596899224807
3.06299761E8	3.8743653438352013
3.063048415E8	6.394956038870893
3.063099165E8	51.95806063843996
3.063149815E8	0.0
3.063200175E8	0.0
3.063250325E8	55.85184179809441
3.06330018E8	1.759982825246887
3.063349735E8	19.27710843373494
3.063399235E8	39.222459893048125
3.06344861E8	3.6882217090069283
3.063497735E8	38.6053009118541
3.06354609E8	3.673663102311628
3.06359362E8	4.1784587225448115
3.06364072E8	28.616640337019483
3.06368756E8	14.323887287864233
3.063734225E8	12.551726418109482
3.063780725E8	17.662311843226355
3.06382707E8	41.952027069761556
3.063873235E8	38.0013143483023
3.06391931E8	1.1794594345704024
3.063965295E8	2.882489584648403
3.06401082E8	9.197033335105534
3.064055785E8	52.5801659401692
3.06410055E8	0.0
3.0641452E8	6.038060262081629
3.0641896E8	2.5803770525035477
3.064233765E8	35.75841271630686
3.06427766E8	0.379337911988081
3.064321085E8	7.222780175293061
3.06436424E8	0.37484433374844334
3.06440737E8	22.74931756141947
3.064450465E8	0.0
3.06449342E8	3.204134366925065
3.06453625E8	40.0
3.06457902E8	11.641343607031063
3.064621725E8	26.682425341093406
3.06466441E8	29.635236085090238
3.06470704E8	59.55782782173531
3.064749595E8	2.946954641103577
3.064792095E8	24.60418885339013
3.06483446E8	23.253415980454257
3.064876545E8	0.5027553670630059
3.064918455E8	41.643493320138546
3.0649603E8	26.18173541716342
3.065001735E8	0.0
3.06504273E8	22.076157807431276
3.065083565E8	0.0
3.06512427E8	43.224097703244624
3.06516488E8	42.45350866259504
3.065205265E8	18.465732315254996
3.065245425E8	4.822970719051149
3.06528524E8	52.0
3.06532471E8	3.014357163871727
3.065364115E8	59.784172125154804
3.065403375E8	46.0
3.0654423E8	20.310912356212192
3.06548097E8	3.7858032378580324
3.0655195E8	2.78149386845039
3.065557735E8	28.946627958910227
3.06559577E8	25.42558322669554
3.065633635E8	10.470770822555613
3.065671335E8	23.693657958327634
3.065709005E8	25.10380600401997
3.065746505E8	6.131275573439277
3.065783835E8	10.339046176510255
3.06582112E8	4.720552500319734
3.06585833E8	26.634678298800438
3.06589543E8	15.32452445652174
3.065932395E8	6.444648233909548
3.065969265E8	4.45408339076499
3.06600612E8	4.49361618542526
3.066042955E8	9.418293463252546
3.06607968E8	33.48645355504587
3.0661163E8	7.82610600087604
3.066152875E8	25.420199736197475
3.06618939E8	0.0
3.066225875E8	12.487084870848708
3.066262295E8	0.447350499896369
3.066298605E8	14.897248169654128
3.066334545E8	0.0
3.06637011E8	6.230366492146596
3.0664056E8	6.2784259098032384
3.066440915E8	0.7283705031939931
3.066476025E8	56.38077098256801
3.066511055E8	5.158259762451209
3.06654603E8	14.261610599483811
3.066580945E8	24.65004804099498
3.066615705E8	0.0
3.06665033E8	4.779874213836478
3.06668493E8	22.08
3.066719485E8	16.904732016155442
3.066753845E8	15.677332562483324
3.06678798E8	22.674757281553397
3.066821985E8	5.474934036939314
3.06685591E8	40.0
3.066889815E8	44.9335426889107
3.066923705E8	2.882923539786285
3.066957585E8	15.87019850476927
3.066991455E8	56.77276974416018
3.067025305E8	0.9309487884973817
3.06705914E8	0.27762796535397843
3.067092965E8	15.072273324572931
3.06712672E8	32.41069459757442
3.06716041E8	11.446493491263046
3.067194095E8	35.54921553159786
3.067227775E8	4.279569410181655
3.067248635E8	0.0
3.06726541E8	6.830263157894737
3.067294915E8	14.513311148086522
3.067328405E8	31.357343206552226
3.067361665E8	10.491412742382272
3.06739469E8	6.263736263736264
3.06742768E8	0.0
3.06746065E8	40.569025842489715
3.067493595E8	37.96309705401283
3.067526505E8	2.965650046840845
3.06755933E8	0.0
3.067591995E8	5.664002412909063
3.067624565E8	0.16404540997209022
3.067657115E8	3.2400928239914317
3.06768965E8	15.922558922558922
3.06772208E8	15.164568052475692
3.067754395E8	0.0
3.067786575E8	39.51216512366385
3.067818625E8	40.46533223276929
3.067850465E8	36.11196346563358
3.0678821E8	2.875536480686695
3.067913705E8	7.125977267260043
3.067945245E8	10.136218968809676
3.06797666E8	29.250482758620688
3.0680079E8	0.0
3.06803903E8	27.378730158730157
3.068070135E8	0.0
3.068101235E8	3.270916380561764
3.06813233E8	13.395176505229179
3.068163365E8	24.23449578096418
3.068194285E8	0.0
3.06822513E8	2.4416681476215865
3.068255925E8	4.05791290401311
3.068286625E8	24.803403330919622
3.068317255E8	0.491113908386849
3.068347845E8	0.18967452300785634
3.068378385E8	13.937869822485206
3.0684088E8	0.0
3.06843903E8	6.776706264962284
3.068469175E8	15.456540062160881
3.068499285E8	6.030134117090639
3.068529315E8	18.298288431061806
3.06855925E8	26.394388152766954
3.06858904E8	20.13367019965492
3.06861871E8	0.0
3.06864829E8	23.72212099244369
3.068677785E8	9.0
3.06870722E8	21.583314337816276
3.068736605E8	10.312396415993371
3.06876586E8	5.5622855437863645
3.06879498E8	0.0
3.068824045E8	0.0
3.068853035E8	3.687160143046098
3.06888198E8	0.0
3.0689109E8	0.0
3.068939665E8	0.0
3.06896809E8	34.322826639552616
3.068996235E8	30.783453237410072
3.069024245E8	8.993950041302602
3.06905212E8	22.871305418719214
3.069079905E8	10.100661521499449
3.069107675E8	1.6602517985611511
3.06913543E8	44.49195804195804
3.06916313E8	0.0
3.06919067E8	0.4469431363193162
3.069218095E8	18.424257554081173
3.069245455E8	20.155960469425573
3.06927266E8	0.2676199930244413
3.06929975E8	45.63344319430238
3.069326695E8	0.0
3.069353465E8	7.731803473797746
3.06938016E8	12.799717912552891
3.06940674E8	0.036216227779322735
3.06943317E8	4.705548274355614
3.069459505E8	28.256588072122053
3.069485655E8	0.00356120826709062
3.06951153E8	11.37525354969574
3.069537225E8	2.435825000373675
3.069562725E8	8.79690949227373
3.069587885E8	0.0
3.069612825E8	8.359759189883357
3.069637735E8	20.57183326588426
3.0696626E8	0.6059869375907112
3.06968739E8	17.223877363089755
3.06971213E8	20.36036036036036
3.06973672E8	0.0
3.069761095E8	6.333333333333333
3.06978536E8	3.0208333333333335
3.0698095E8	0.0
3.06983354E8	11.235955056179776
3.06985755E8	2.5650648895124517
3.06988152E8	19.39810621655002
3.06990543E8	53.00305353264341
3.069929255E8	0.0
3.069953025E8	12.251757616337462
3.069976725E8	9.076421956705909
3.070000295E8	25.81703775411423
3.07002367E8	0.0
3.07004687E8	0.0
3.070070005E8	33.04938271604938
3.070093035E8	0.0
3.070115925E8	58.0
3.07013868E8	2.366083255102172
3.07016134E8	18.62157595769257
3.07018396E8	0.04445737561827175
3.07020655E8	0.0
3.070229135E8	0.0
3.0702516E8	1.536872794230474
3.07027389E8	5.972310969116081
3.0702961E8	5.28993729471484
3.070318285E8	0.8427479091995221
3.070340435E8	10.165591397849463
3.070362525E8	44.25722533052992
3.07038456E8	7.902085889570552
3.07040653E8	40.0
3.0704284E8	27.582608695652173
3.070450185E8	19.54219767212468
3.07047178E8	1.7411694864945089
3.0704932E8	20.0
3.07051452E8	46.007222619370424
3.070535745E8	45.74058577405858
3.07055696E8	0.0
3.07057816E8	57.23198583535591
3.07059934E8	0.8678500986193294
3.0706204E8	40.0
3.070641345E8	0.0
3.07066228E8	27.55372254038807
3.070683165E8	0.0
3.070704E8	1.8940397350993377
3.07072481E8	1.800376789568367
3.07074558E8	0.0
3.070766325E8	0.0
3.070787045E8	1.1906245574281262
3.07080772E8	0.0
3.070828335E8	13.068347953216374
3.07084889E8	0.0
3.07086942E8	31.23265306122449
3.07088987E8	0.0
3.070910185E8	18.3898099732177
3.07093044E8	38.58117147247582
3.07095069E8	0.16337963857326004
3.07097091E8	34.124272871496565
3.07099108E8	2.937987857762359
3.071011185E8	28.026629570747218
3.07103122E8	0.0
3.071051185E8	28.24934703116838
3.071071095E8	54.000087320991966
3.071090915E8	3.6263115545542326
3.07111059E8	0.0
3.071130195E8	35.13353115727003
3.07114979E8	53.08148148148148
3.07116933E8	0.7554846381594913
3.071188785E8	3.6832344213649852
3.071208195E8	2.3467879476975555
3.07122752E8	0.0
3.071246735E8	8.092221135029353
3.071265845E8	0.0
3.07128479E8	0.0
3.07130355E8	0.0
3.07132213E8	0.8069356452150717
3.071340475E8	0.0
3.07135863E8	33.96935012081902
3.071376725E8	0.4331647867237132
3.07139478E8	8.124619031493397
3.07141279E8	40.0
3.071430775E8	0.0
3.07144871E8	1.9426523297491038
3.071466595E8	25.0
3.07148442E8	3.056913438630548
3.07150216E8	49.45054945054945
3.071519825E8	0.8963414634146342
3.071537425E8	3.0707070707070705
3.071554995E8	1.22704934145862
3.071572545E8	6.854092526690391
3.07159008E8	3.58974358974359
3.071607605E8	31.135791366906474
3.071625115E8	16.799368088467613
3.07164259E8	4.7555555555555555
3.07165998E8	0.0
3.071677295E8	0.0
3.07169459E8	0.21532846715328466
3.07171187E8	7.648797007188616
3.07172911E8	22.132029994643812
3.071746285E8	46.35466895116877
3.071763405E8	31.53359821350889
3.0717805E8	0.0
3.07179757E8	15.203604088219473
3.0718146E8	0.0
3.07183154E8	34.148869836321126
3.071848325E8	0.0
3.071864995E8	11.968684907457002
3.07188158E8	28.76553420706621
3.07189806E8	4.017993079584775
3.07191447E8	0.12508424315945546
3.071930855E8	13.875
3.07194713E8	6.957158006362672
3.07196327E8	3.105391804457225
3.071979365E8	2.0237227367792054
3.07199539E8	35.566511627906976
3.07201133E8	0.0
3.072027235E8	0.0
3.072043025E8	5.505747126436781
3.07205867E8	13.035787321063395
3.07207427E8	40.0
3.07208982E8	1.731283422459893
3.072105315E8	0.0
3.07212076E8	0.6184777102330293
3.072136115E8	0.0
3.072151395E8	38.05097570688969
3.072166655E8	2.547067901234568
3.07218189E8	9.005455962587686
3.07219709E8	0.0
3.07221218E8	0.0
3.072227155E8	0.0
3.072242065E8	1.0047846889952152
3.07225692E8	4.83248730964467
3.072271765E8	1.6133655269101954
3.07228659E8	45.3049756097561
3.072301395E8	0.0
3.072316155E8	0.0
3.072330835E8	48.68474576271186
3.0723454E8	15.07928615821717
3.072359815E8	7.021428571428571
3.072374155E8	40.0
3.07238849E8	1.5135783431851282
3.072402775E8	13.255871446229914
3.072416995E8	30.122247666020787
3.072431125E8	6.365537523145627
3.072445175E8	0.0
3.07245921E8	0.0
3.07247322E8	0.0
3.072487205E8	41.91527446300716
3.072501165E8	11.091911764705882
3.072515085E8	10.138188368502316
3.072528945E8	8.547400611620795
3.07254274E8	29.925081433224754
3.072556495E8	22.59408816907546
3.072570195E8	0.6400902047793984
3.07258382E8	0.4874592710464499
3.07259739E8	0.0
3.072610935E8	0.0
3.072624475E8	0.8978962131837307
3.072637995E8	54.805109654080944
3.07265146E8	8.82391304347826
3.072664865E8	0.1883497176322945
3.072678185E8	0.0
3.072691435E8	0.0
3.072704615E8	8.5554932735426
3.07271773E8	21.21570425905248
3.072730825E8	7.775334766077037
3.072743855E8	0.0
3.072756825E8	0.1341886269070735
3.072769735E8	0.0
3.07278257E8	3.458823529411765
3.07279535E8	0.0
3.07280808E8	0.0
3.07282078E8	0.0
3.07283345E8	1.7795454545454545
3.072846035E8	8.291484281734979
3.072858485E8	10.288372093023256
3.072870805E8	1.9951085659747076
3.07288306E8	0.0
3.072895305E8	0.0
3.0729075E8	2.4347826086956523
3.072919625E8	0.0
3.0729317E8	5.821276595744681
3.072943745E8	46.0
3.07295576E8	0.0
3.07296769E8	0.9103375527426161
3.072979505E8	1.373456790123457
3.072991265E8	0.0
3.073002965E8	0.0
3.0730146E8	0.0
3.0730262E8	17.88422804827299
3.073037765E8	0.0
3.073049325E8	2.8858195211786373
3.073060875E8	16.804090419806244
3.07307234E8	10.90047393364929
3.073083675E8	2.0
3.0730949E8	0.12885154061624648
3.07310606E8	6.511274158911954
3.073117205E8	0.0
3.07312834E8	15.24069135802469
3.07313946E8	0.0
3.07315057E8	11.343283582089553
3.073161665E8	11.43144208037825
3.07317273E8	33.51737451737452
3.073183765E8	28.489782748978275
3.073194775E8	12.777914110429448
3.073205775E8	2.260040295500336
3.07321677E8	0.0
3.073227755E8	0.0
3.073238735E8	7.72699862263736
3.07324967E8	10.607861488067384
3.07326045E8	6.32
3.07327112E8	29.82998324958124
3.07328175E8	0.0
3.07329233E8	5.065218227263988
3.073302885E8	6.373015873015873
3.0733134E8	13.784814681540123
3.07332388E8	0.09803921568627451
3.073334315E8	0.0
3.073344645E8	0.0
3.073354855E8	5.370002613012804
3.073365005E8	1.8769673704414587
3.07337512E8	0.0
3.07338521E8	0.0
3.07339524E8	16.70193388801439
3.073405195E8	0.0
3.073415095E8	0.0
3.073424955E8	0.0
3.07343481E8	0.0
3.07344466E8	0.0
3.07345449E8	1.6978092783505154
3.0734643E8	0.0
3.073474095E8	40.0
3.073483845E8	10.857142857142858
3.073493565E8	0.0
3.07350326E8	0.8291390728476821
3.073512895E8	0.0
3.07352248E8	0.0
3.07353193E8	10.862199858757062
3.07354126E8	7.48377581120944
3.073550565E8	0.0
3.073559835E8	2.263803680981595
3.073569075E8	0.0
3.073578275E8	0.0
3.073587445E8	0.0
3.07359658E8	1.584
3.07360568E8	1.2103174603174602
3.07361477E8	0.0
3.073623815E8	13.585185185185185
3.0736328E8	0.0
3.073641745E8	0.0
3.073650655E8	0.18426501035196688
3.07365955E8	0.0
3.073668425E8	0.0
3.07367728E8	0.0
3.07368608E8	0.0
3.073694805E8	0.0
3.0737035E8	0.2501816068574749
3.073712185E8	58.0
3.07372084E8	0.7662921348314606
3.073729445E8	0.0
3.07373801E8	7.70447849145551
3.07374652E8	0.0
3.07375497E8	14.177102241244244
3.07376337E8	0.30420054200542007
3.07377173E8	2.358282208588957
3.073780065E8	7.005284426484302
3.07378836E8	0.0
3.073796625E8	0.0
3.07380485E8	41.553403755868544
3.073812975E8	3.499134448932487
3.073821025E8	0.0
3.073829055E8	46.0
3.07383704E8	0.0
3.073844975E8	0.8220689655172414
3.073852875E8	0.0
3.07386072E8	4.754567216832556
3.07386853E8	0.0
3.073876335E8	0.0
3.07388411E8	0.0
3.073891845E8	0.0
3.073899525E8	11.335531135531136
3.073907155E8	59.09073724007561
3.073914765E8	40.0
3.073922355E8	11.904761904761905
3.07392992E8	0.0
3.073937465E8	26.5
3.073944975E8	0.0
3.073952445E8	0.0
3.073959905E8	0.0
3.073967355E8	0.0
3.073974755E8	0.0
3.073982085E8	5.927137485117469
3.07398938E8	0.0
3.07399665E8	0.0
3.074003845E8	0.0
3.074010975E8	9.0
3.07401809E8	23.15018315018315
3.074025195E8	10.0
3.074032295E8	0.0
3.074039365E8	4.870689655172414
3.0740464E8	0.0
3.0740534E8	0.0
3.074060365E8	0.0
3.07406728E8	36.63514533786334
3.07407414E8	0.0
3.07408095E8	0.0
3.07408771E8	8.0
3.074094455E8	0.0
3.07410119E8	0.0
3.07410791E8	0.0
3.074114535E8	0.0
3.074121015E8	12.368221941992434
3.07412743E8	0.3924785828372296
3.07413383E8	1.0495049504950495
3.07414021E8	0.0
3.07414658E8	0.0
3.07415294E8	0.0
3.074159275E8	0.0
3.074165575E8	0.0
3.07417184E8	0.0
3.074178075E8	0.0
3.074184285E8	0.0
3.07419046E8	0.0
3.074196585E8	0.0
3.07420267E8	0.0
3.07420871E8	0.0
3.07421472E8	0.0
3.074220725E8	39.80769230769231
3.07422671E8	0.0
3.074232665E8	29.333333333333332
3.074238595E8	0.0
3.074244515E8	0.0
3.07425042E8	6.921635049683831
3.074256305E8	0.0
3.074262165E8	0.0
3.074268005E8	0.18485523385300667
3.074273815E8	0.2878787878787879
3.074279595E8	0.0
3.07428537E8	40.0
3.07429113E8	9.381081081081081
3.074296855E8	0.0
3.07430254E8	0.0
3.07430819E8	0.0
3.074313815E8	0.0
3.074319415E8	0.0
3.07432497E8	0.0
3.074330485E8	0.0
3.074335975E8	0.0
3.074341455E8	13.62289548760397
3.07434693E8	17.8125
3.0743524E8	46.0
3.074357865E8	31.21927374301676
3.074363325E8	0.0
3.07436878E8	0.0
3.07437422E8	0.0
3.07437964E8	0.0
3.07438504E8	38.045231071779746
3.074390425E8	28.399752252702243
3.07439579E8	0.0
3.074401125E8	0.0
3.07440644E8	12.030973451327434
3.07441174E8	23.929577464788732
3.074417025E8	0.0
3.07442227E8	5.687315634218289
3.07442747E8	0.0
3.07443264E8	18.95718255086837
3.074437785E8	0.0
3.0744429E8	0.0
3.07444798E8	0.0
3.074453045E8	0.0
3.0744581E8	0.0
3.074463125E8	2.5403225806451615
3.07446812E8	23.947563590436467
3.074473085E8	0.0
3.074478015E8	13.972602739726028
3.074482925E8	0.0
3.074487815E8	0.0
3.07449269E8	0.0
3.074497555E8	26.194444444444443
3.07450239E8	0.0
3.0745072E8	0.0
3.07451198E8	0.0
3.074516695E8	18.707070707070706
3.074521375E8	0.0
3.074526035E8	0.0
3.07453067E8	18.456603773584906
3.07453528E8	0.0
3.07453982E8	0.0
3.074544305E8	0.0
3.074548775E8	0.0
3.07455321E8	0.9896907216494846
3.074557615E8	0.0
3.07456201E8	0.0
3.07456637E8	40.0
3.0745707E8	0.0
3.07457503E8	45.56701030927835
3.07457932E8	0.0
3.07458353E8	0.0
3.0745877E8	0.0
3.07459185E8	0.0
3.074595975E8	0.0
3.07460009E8	0.0
3.07460419E8	0.0
3.074608275E8	0.0
3.07461234E8	2.463157894736842
3.07461637E8	2.0
3.07462037E8	0.0
3.07462436E8	0.0
3.074628295E8	0.0
3.074632175E8	0.0
3.07463604E8	5.37200309358082
3.074639885E8	16.864864864864863
3.074643725E8	0.0
3.07464756E8	0.0
3.074651385E8	0.0
3.0746552E8	0.0
3.074659E8	0.0
3.074662785E8	0.0
3.07466655E8	0.0
3.07467028E8	2.50996015936255
3.07467397E8	0.0
3.07467764E8	0.0
3.074681295E8	0.0
3.074684925E8	0.0
3.074688535E8	44.3669686985173
3.074692125E8	7.33782129742962
3.07469565E8	0.07766990291262135
3.0746991E8	0.0
3.07470252E8	4.0
3.074705915E8	0.0
3.07470929E8	0.0
3.07471266E8	0.0
3.07471601E8	0.0
3.07471933E8	34.07179487179487
3.074722625E8	0.0
3.0747259E8	0.0
3.07472917E8	0.0
3.074732435E8	0.0
3.07473569E8	0.0
3.07473894E8	0.0
3.07474218E8	0.0
3.07474541E8	20.276264591439688
3.07474863E8	0.0
3.074751825E8	0.0
3.074754995E8	0.0
3.074758155E8	0.0
3.0747613E8	0.0
3.074764425E8	0.0
3.074767535E8	0.0
3.07477063E8	0.0
3.07477372E8	0.0
3.074776785E8	0.0
3.074779805E8	0.0
3.0747828E8	0.0
3.074785785E8	0.0
3.07478873E8	0.0
3.074791635E8	27.367170022371365
3.074794525E8	0.0
3.07479739E8	0.0
3.07480024E8	0.0
3.074803065E8	0.0
3.074805865E8	0.0
3.07480866E8	0.0
3.07481141E8	0.0
3.07481412E8	0.0
3.074816825E8	19.952208544532947
3.0748195E8	0.0
3.07482213E8	0.0
3.074824735E8	0.0
3.074827325E8	0.0
3.074829885E8	0.0
3.074832415E8	22.891076115485564
3.074834925E8	20.625
3.07483741E8	0.0
3.07483986E8	0.0
3.07484227E8	0.0
3.07484466E8	0.0
3.07484705E8	0.0
3.07484943E8	0.0
3.074851795E8	0.0
3.074854115E8	0.0
3.07485639E8	0.0
3.074858655E8	0.0
3.074860915E8	0.0
3.074863175E8	0.0
3.07486542E8	0.0
3.07486762E8	0.0
3.074869785E8	0.0
3.074871945E8	0.0
3.07487409E8	0.0
3.07487621E8	0.0
3.0748783E8	0.0
3.074880335E8	0.0
3.07488232E8	0.0
3.07488428E8	0.0
3.074886225E8	0.0
3.0748881E8	0.0
3.07488991E8	0.0
3.07489172E8	0.0
3.07489351E8	0.0
3.074895275E8	0.0
3.07489703E8	0.0
3.07489878E8	0.0
3.07490053E8	0.0
3.074902265E8	0.0
3.07490395E8	0.0
3.074905575E8	0.0
3.074907135E8	0.0
3.07490864E8	0.0
3.07491012E8	22.955555555555556
3.074911565E8	0.0
3.07491297E8	0.0
3.074914355E8	0.0
3.074915695E8	0.0
3.074916995E8	0.0
3.074918285E8	0.0
3.074919565E8	20.0
3.07492084E8	0.0
3.07492211E8	0.0
3.07492338E8	0.0
3.074924645E8	0.0
3.074925885E8	0.0
3.074927095E8	0.0
3.074928275E8	0.0
3.074929365E8	0.0
3.074930385E8	0.0
3.074931395E8	0.0
3.07493239E8	0.0
3.07493338E8	0.0
3.07493436E8	0.0
3.07493525E8	0.0
3.074936035E8	0.0
3.07493678E8	0.0
3.074937455E8	0.0
3.07493806E8	0.0
