# Position (bp)	A	C	G	T	N
0.0	33.03215603627108	20.59498312651715	24.38109429646742	21.99176654074435	0.0
1.0	30.471734262179595	18.3059496592137	19.94651345458039	31.26332898360736	0.012473640418959084
2.0	28.76836863245506	20.183125276071653	20.17246640263878	30.870003304615167	0.006036384219335637
3.0	28.446594990883554	20.99566461982752	21.20372533203392	29.353321219616568	6.93837638441895E-4
4.0	29.75210497474509	20.76524114144634	20.827032209325154	28.655117830486613	5.038439967986472E-4
5.0	30.132626627430437	20.533698963304264	20.40083361605057	28.932251581983053	5.892112316730533E-4
6.0	29.606136087526952	20.401933658841855	21.09858174674413	28.89308529532506	2.632115620018043E-4
7.0	29.15235372226153	20.69890144051369	20.32003128364975	29.828334619672276	3.789339027541217E-4
8.0	29.319430301513727	20.534716684752535	20.659250685078938	29.48611920817894	4.831204758588577E-4
9.0	29.50961425284051	20.586698995490977	20.760943915300448	29.142530423914693	2.124124533734916E-4
10.0	29.559882858726976	20.494033154193435	20.753746367381435	29.19225374316085	8.387653730184452E-5
11.0	29.48712229042649	20.56497408002841	20.59591432966976	29.35183251689759	1.5678297774460406E-4
12.0	29.576361845635407	20.55699364024697	20.741445214541493	29.125065592457887	1.3370711823878484E-4
13.0	29.63782990874917	20.456080863821583	20.5248454195326	29.380753918427654	4.898894689914939E-4
14.0	29.60195575352534	20.4522166614264	20.55639551086785	29.386881403458414	0.002550670721991509
15.0	29.54829633669101	20.505147450691943	20.667732663449932	29.27847772934083	3.458198262876472E-4
16.0	29.5861699007858	20.493762094713286	20.638118557703432	29.281393338432828	5.561083646490426E-4
17.0	29.49160741831825	20.483434538982667	20.675825408521973	29.348764508826008	3.681253510995536E-4
18.0	29.476584163216717	20.551404750682742	20.846857806460754	29.121675271235542	0.0034780084042417424
19.0	29.484775780133106	20.553109356442267	20.703067945996906	29.258746891148146	3.000262795745791E-4
20.0	29.464846849576798	20.579358131561058	20.66649046372461	29.288831610835025	4.7294430250633605E-4
21.0	29.404442802573794	20.642457449215623	20.705951241230945	29.245976658788052	0.00117184819158434
22.0	29.39634270772445	20.6433092569764	20.618775801243675	29.340680416659797	8.918173956748281E-4
23.0	29.431244925624807	20.56004157561928	20.58304622799283	29.425347338511532	3.199322515526744E-4
24.0	29.43463338713901	20.62144196431416	20.732624175173946	29.210987783968672	3.126894042119195E-4
25.0	29.45167357943963	20.609971166066703	20.63887750445017	29.29914863601391	3.2911402958930906E-4
26.0	29.336619306973468	20.64977781802266	20.666477159120973	29.346679029157247	4.46686725653812E-4
27.0	29.335994013973625	20.642398478004477	20.78946994052948	29.23156852797305	5.690395193737333E-4
28.0	29.388209162396787	20.636198100304608	20.71603605673005	29.258762975790916	7.937047776403275E-4
29.0	29.393207961363427	20.621842560854418	20.672490255710724	29.311303556972558	0.0011556650988703407
30.0	29.385528842045815	20.670579097119298	20.740967927840455	29.200540347169866	0.002383785824565786
31.0	29.421088862111656	20.61251971252806	20.656056491668178	29.30953289182103	8.020418710824744E-4
32.0	29.328182399269103	20.658772219390425	20.67346703603955	29.337807319692445	0.0017710256084768532
33.0	29.374900759218797	20.626058121302275	20.75306620486623	29.239016325376728	0.006958589235969366
34.0	29.452053933720425	20.6231167224116	20.671664839297808	29.23476709412927	0.01839741044089824
35.0	29.37941494772451	20.608943517067203	20.653613102117717	29.357535864715928	4.925683746475058E-4
36.0	29.364978013489747	20.673008729822843	20.751429731694866	29.20983469589238	7.488291001622246E-4
37.0	29.405090665438248	20.609005402236274	20.67503329285146	29.310046484358644	8.241551153733406E-4
38.0	29.345860409114366	20.64332449370345	20.667001625070323	29.343238922691363	5.745494205049318E-4
39.0	29.309829968493737	20.67263435305491	20.754392140116444	29.2626292857405	5.142525944085265E-4
40.0	29.37399523541448	20.68858562301004	20.699632703828986	29.23728216547981	5.04272266682227E-4
41.0	29.36290529757398	20.623973255809027	20.65752716003719	29.35509995968471	4.943268950913825E-4
42.0	29.321728424366622	20.710807238945826	20.747862512598633	29.219234757645552	3.670664433673549E-4
43.0	29.381004459814548	20.655468348431402	20.645408502913405	29.31777833073395	3.403581066921395E-4
44.0	29.371160191813985	20.652830393430673	20.616789585534903	29.358817288551464	4.02540668977306E-4
45.0	29.354149705094557	20.674222480863268	20.720599656868973	29.250628773452487	3.9938372071344764E-4
46.0	29.374300770416657	20.678521280766038	20.658221574833053	29.28862056412597	3.3580985827934084E-4
47.0	29.319405866758547	20.630618084211076	20.66867787270631	29.380768938105017	5.292382190438359E-4
48.0	29.35590322290491	20.6848321969369	20.73231117899694	29.226580159871684	3.732412895654681E-4
49.0	29.38429750147204	20.6525144412718	20.649876243629205	29.312117221582152	0.001194592044797673
50.0	29.380080622921923	20.673956762998635	20.61555741052185	29.327262493622968	0.0031427099346279185
51.0	29.3192179310946	20.704538348782673	20.699091534835716	29.276177420886302	9.747644007157787E-4
52.0	29.314627025109765	20.70260208404639	20.654872634138258	29.32590144363967	0.001996813065919038
53.0	29.301649721836103	20.650293868629372	20.641141895394178	29.40557557635201	0.0013389377883333273
54.0	29.34973929342336	20.69785011139759	20.68767213984052	29.26402716563147	7.112897070606603E-4
55.0	29.386454274065287	20.670683127196867	20.591826659073323	29.350618115889294	4.1782377522600253E-4
56.0	29.351241636622927	20.68760940141322	20.609371077931566	29.35137005833261	4.078256996692412E-4
57.0	29.3509171724323	20.675148568090698	20.67432501701453	29.29911022634429	4.990161181857211E-4
58.0	29.371665524286282	20.66084972854891	20.60628073595788	29.3583776658152	0.002826345391722787
59.0	29.33463627719911	20.663210050395932	20.605211767228404	29.396336653529765	6.052516467829738E-4
60.0	29.357428209027546	20.69213428243676	20.658106886069355	29.29177858698015	5.520354861900779E-4
61.0	29.3863335663558	20.666213482087617	20.597324853501817	29.348883144359366	0.00124495369540302
62.0	29.341086179935633	20.66428901901864	20.570251800925355	29.423596382746382	7.766173739949098E-4
63.0	29.315716714712824	20.686326583222893	20.685184580567945	29.311288060993874	0.0014840605024681376
64.0	29.402649317802044	20.628087627554223	20.555948540857734	29.41246508952886	8.494242571397527E-4
65.0	29.36894336654479	20.62291230419048	20.53709574907505	29.466820358752194	0.004228221437482927
66.0	29.342783629565805	20.690810398405862	20.60764834887128	29.35800858212377	7.490410332815762E-4
67.0	29.383727816534165	20.663854757071125	20.577653915876308	29.374461594182737	3.019163356660346E-4
68.0	29.352797302300015	20.635004482822833	20.56950776150049	29.442181372567898	5.09080808763719E-4
69.0	29.339923337948292	20.68232491750055	20.597271986921324	29.37717235413782	0.0033074034920119195
70.0	29.380110716439024	20.673344930276862	20.538619161269565	29.407371118795915	5.540732186359737E-4
71.0	29.439648334943662	20.582875561439398	20.51564125839542	29.45733122269727	0.0045036225242511205
72.0	29.39840496353183	20.632621388585118	20.569722776286604	29.396098648670616	0.0031522229258275918
73.0	29.402874914184856	20.607363266826813	20.513640458623428	29.47516404434005	9.573160248503547E-4
74.0	29.37055519318088	20.606771542470664	20.49825769905452	29.524122675085017	2.9289020891779444E-4
75.0	29.4033413049886	20.610124306416164	20.546607761348746	29.439621067210165	3.055600363260955E-4
76.0	29.41160154338912	20.62880346623539	20.51359153647689	29.445616417286747	3.870366118492468E-4
77.0	29.40332933324331	20.588256600097665	20.50146453596046	29.5066341303764	3.154003221641329E-4
78.0	29.387538276610904	20.630973362159573	20.587795629782427	29.39338254363659	3.1018781050236354E-4
79.0	29.40000118624548	20.618495532976983	20.510375064688745	29.470613899868685	5.143162201109172E-4
80.0	29.388831660728314	20.59287164188683	20.524181791192948	29.491465335796185	0.002649570395723707
81.0	29.431407184533402	20.598976864517553	20.56671495942837	29.402308874751863	5.921167688103338E-4
82.0	29.438264524177228	20.615657254375357	20.476121262968498	29.468752312775575	0.0012046457033395492
83.0	29.4029913824718	20.57700239701424	20.458580931930676	29.560691788289468	7.335002938208016E-4
84.0	29.440320774988578	20.583267351885752	20.543819051007823	29.430358994793394	0.00223382732445043
85.0	29.48958521261661	20.544559880052436	20.44615197194986	29.518733811641418	9.691237396793552E-4
86.0	29.466782626933586	20.545208658152944	20.459689519189528	29.526149280549603	0.0021699151743436707
87.0	29.431790730148656	20.566523577350313	20.531491760944558	29.466910261040784	0.0032836705156907837
88.0	29.460011144167492	20.546243328325893	20.48990193082601	29.50260474968483	0.00123884699578126
89.0	29.447575160295102	20.535583480756028	20.438331728097623	29.575705993283176	0.0028036375680723776
90.0	29.428343792425167	20.611826970185287	20.52812249498838	29.4307103987964	9.963436047688396E-4
91.0	29.517424847908124	20.551447720761086	20.42752757044927	29.500383655714863	0.0032162051666575304
92.0	29.493841035348595	20.539034319582907	20.41461652020342	29.55237048668079	1.3763818428751438E-4
93.0	29.440313560473975	20.57093467892291	20.461613641074162	29.526879070620787	2.590489081700164E-4
94.0	29.479952758470212	20.532390138757446	20.42259412683726	29.56494900419251	1.1397174257362551E-4
95.0	29.487167856325147	20.504554496074416	20.389613866864337	29.618609838719745	5.394201635355206E-5
96.0	29.49100346871038	20.539960739244027	20.449769657288023	29.5192438182113	2.2316546273445483E-5
97.0	29.532797278396956	20.511137203762626	20.391265046999	29.564780407716306	2.0063125112118386E-5
98.0	29.535372903505618	20.44609050679825	20.398329335481584	29.620194572686398	1.2681528149505071E-5
99.0	29.485045061165337	20.513046758227	20.42739036578475	29.57449214998623	2.5664836686816388E-5
100.0	29.517609034132846	20.494133714362977	20.394788971671705	29.593426740151745	4.153968072809091E-5
101.0	29.580218146385228	20.42296880725428	20.359708106061923	29.636944606960824	1.6033333774030976E-4
102.0	29.517601995909402	20.478512136389913	20.45092513726828	29.54907486273172	0.0038858677006836416
103.0	29.485210200420788	20.491129235292878	20.35685913709123	29.66676100712059	4.0420074516832574E-5
104.0	29.52309483503993	20.46679827590964	20.295866725842522	29.71400001031566	2.4015289224724515E-4
105.0	29.507985472292138	20.496202608603735	20.31719151246925	29.67862040663488	0.0
106.0	29.584733193171925	20.461772349086115	20.239898950312273	29.713592708083258	2.799346430990064E-6
107.0	29.599766628797365	20.38266500598079	20.215604560394173	29.801963804827675	0.0
108.0	29.586485490306096	20.40460766800818	20.287811815696504	29.721095025989218	0.0
109.0	29.60878541203742	20.38386301914129	20.215595073547625	29.79175649527366	0.0
110.0	29.586716240558435	20.35925291206177	20.22699997869656	29.827030868683234	0.0
111.0	29.55100591398287	20.421168930388887	20.280594316377528	29.747230839250715	0.0
112.0	29.596568468542923	20.39148929941243	20.26670578286424	29.745236449180407	0.0
113.0	29.571679634198674	20.366535968426103	20.256107052286612	29.80566184629336	1.549879524764781E-5
114.0	29.538213950880714	20.393101170609896	20.319559689943414	29.749125188565976	0.0
115.0	29.746030019735382	20.24648853747457	20.259226123931217	29.748255318858835	0.0
116.0	29.898282072791844	20.10058377059639	20.246914593411418	29.754219563200344	0.0
117.0	29.660083165913264	20.287664846816895	20.15309293243553	29.899159054834314	0.0
118.0	29.394377573741437	20.398940374972092	20.134354798527283	30.07232725275919	0.0
119.0	29.397370788869715	20.366020986201256	20.163016739658804	30.073591485270228	0.0
120.0	29.69926097026598	20.471612089731437	20.14299765966326	29.686129280339323	0.0
121.0	30.4113726455181	20.091326164022835	19.588693796818397	29.908607393640672	0.0
122.0	30.38621969412352	19.96007599320011	18.483928117640776	31.16977195897682	4.236058781076627E-6
123.0	26.26072427438258	21.943211509341957	18.678646561609497	33.11741765466597	0.0
124.0	21.830389707400798	22.88796914951861	19.059372770179678	36.22226837290091	0.0
