#Position (bp)	Coverage
384368.0	31.00630516367799
1153103.0	31.875083091052183
1921838.0	34.22017600343421
2690573.0	36.932308272681745
3459308.0	32.65123352000364
4228043.0	34.418460197597355
4996778.0	34.08108385854683
5765513.0	36.17424079819444
6534248.0	33.90394999577227
7302983.0	30.462948870547066
8071718.0	28.035568824107138
8840453.0	22.30518449140471
9609188.0	26.987562684149935
1.0377923E7	20.904547080593442
1.0801324E7	30.220259520668144
1.11856915E7	29.86584726670412
1.1915393E7	29.60369177935179
1.2684128E7	35.04377321183503
1.3452863E7	36.312953098271834
1.4221598E7	33.44350263744984
1.4990333E7	35.78676657105505
1.5759068E7	38.15973645014212
1.6527803E7	36.2499326816133
1.7296538E7	32.375533831554435
1.8065273E7	13.857693483450083
1.8834008E7	21.346603185753217
1.9602743E7	23.755750681314108
2.018777E7	20.289221292787033
2.05721375E7	12.233941907810221
2.1140213E7	14.035147352468666
2.1908948E7	19.10362088365952
2.2677683E7	31.01044443143606
2.3446418E7	36.09117576277911
2.4215153E7	34.22875893513369
2.4983888E7	39.011979420736665
2.5752623E7	38.24755995238932
2.6521358E7	36.59586723643388
2.7290093E7	29.13263478311772
2.8058828E7	22.974307140952344
2.86485735E7	26.732057474510416
2.9032941E7	30.35975015294193
2.9596298E7	35.84522494747865
3.0365033E7	37.807755598483226
3.1133768E7	37.18237494064925
3.1902503E7	34.9507138350667
3.2671238E7	33.51825401471248
3.3439973E7	35.905576043760206
3.4208708E7	38.797778168029296
3.4977443E7	30.76423214761914
3.5659712E7	25.858112496915926
3.60440795E7	25.50928110471168
3.6514913E7	30.684992877909814
3.7283648E7	33.894909168959394
3.8052383E7	36.42208823586802
3.8821118E7	37.54267465381438
3.9589853E7	40.522630035057595
4.0358588E7	35.16591413165786
4.1127323E7	35.92898983394798
4.1896058E7	38.586579250326835
4.2664793E7	37.681354432932025
4.3049519E7	106.70013947001395
4.34338865E7	22.99925913194743
4.4202263E7	19.07685743461661
4.4970998E7	16.195947888414082
4.5739733E7	15.540597214905006
4.6508468E7	20.654881070850163
4.7277203E7	17.666808458051214
4.8045938E7	20.524120795852927
4.8668911E7	12.926166831862636
4.90532785E7	30.741187689521276
4.9583408E7	32.35816373652819
5.0352143E7	35.625824243725084
5.1120878E7	37.91265520628045
5.1889613E7	33.94131137518131
5.2658348E7	36.01937989033932
5.3427083E7	37.9348331999974
5.38687855E7	37.31012470567716
5.4253153E7	26.99225306353344
5.4964553E7	23.775337404957494
5.5733288E7	24.293963459449614
5.6502023E7	30.773028416814636
5.7270758E7	30.636358433010074
5.8039493E7	32.565289729230486
5.85039505E7	31.73951179922587
5.8888318E7	17.038389299241647
5.9576963E7	18.113928727064593
6.0345698E7	15.806514598658836
6.1114433E7	19.3384157089244
6.1883168E7	18.438210826877924
6.2651903E7	20.485521018296293
6.3087631E7	17.12655640034657
6.34719985E7	9.59966757455549
6.4189373E7	20.745035675492854
6.4958108E7	18.94179268538573
6.5726843E7	20.055843691259017
6.6495578E7	19.23922157830722
6.7140034E7	14.562802661401792
6.75244015E7	35.44813283016439
6.8033048E7	30.144843151411084
6.8801783E7	28.29835248817863
6.9570518E7	25.567213669209806
7.0339253E7	25.39008761146559
7.11040115E7	21.057444839651833
7.1488379E7	34.6967182195398
7.1876723E7	28.73062368696625
7.2645458E7	36.15187028039571
7.3414193E7	39.69017541805694
7.4182928E7	36.70375617085212
7.4951663E7	34.46260284753524
7.5358208E7	26.408454514710854
7.57425755E7	28.132786658935917
7.6489133E7	30.68235347681581
7.7257868E7	28.7225350738551
7.8026603E7	30.053697307914952
7.8795338E7	27.733390570222507
7.92080895E7	18.9186337373168
7.9592457E7	30.4358586844615
8.0332808E7	21.73104125608955
8.1101543E7	26.04071233910255
8.1870278E7	24.371640422252142
8.26063115E7	19.986491443585674
8.2990679E7	15.057948412152347
8.3407748E7	17.774928941702928
8.4176483E7	15.99969430297827
8.4945218E7	18.327791761790476
8.5713953E7	19.44534332377217
8.6362088E7	18.16056944089018
8.67464555E7	12.978474295190713
8.7251423E7	19.99293774837883
8.8020158E7	19.137704150324886
8.8788893E7	16.413506605006926
8.9557628E7	18.84301222137668
9.0098611E7	11.431968738726372
9.04829785E7	30.77572754575152
9.1095098E7	30.078306568583454
9.1863833E7	30.840110050927823
9.2632568E7	29.91732781777856
9.3401303E7	25.564721262853908
9.38242175E7	25.77784263366799
9.4208585E7	17.632987344590617
9.4938773E7	21.059522462226905
9.5707508E7	21.53977768671909
9.6476243E7	19.704904811150787
9.71220675E7	13.984502231724528
9.7506435E7	21.519882353419764
9.8013713E7	25.02076788490182
9.8782448E7	19.853867717744087
9.9551183E7	15.702330451976298
1.00269334E8	14.409194882311438
1.006537015E8	5.1223805946544365
1.01088653E8	17.847861746895873
1.01857388E8	20.254734076112054
1.02626123E8	18.897540765023056
1.033545365E8	27.97214325991292
1.03738904E8	7.58577929888521
1.04163593E8	11.172721418954517
1.04932328E8	13.75640500302445
1.05701063E8	10.35097660442155
1.06347158E8	8.189269373680641
1.067315255E8	23.77893020221787
1.07238533E8	18.78898710218736
1.08007268E8	17.60831756066785
1.08776003E8	23.26642601156445
1.09309377E8	27.001795223698295
1.096937445E8	31.913103700273197
1.10313473E8	32.24699148601273
1.11082208E8	37.21352091422922
1.11850943E8	46.291141940980964
1.12235708E8	30.02389937106918
1.126200755E8	11.043140089069459
1.13388413E8	12.216178527060691
1.14157148E8	14.723401432223067
1.147696095E8	12.91509640762142
1.15153977E8	12.757079735207824
1.15694618E8	11.939453777959896
1.16463353E8	12.193419058583256
1.17232088E8	15.222181896232122
1.17668795E8	28.313931160977848
1.180531625E8	35.085899381979836
1.18769558E8	37.79935218248161
1.19538293E8	36.32025600499522
1.2014897E8	31.361469580375548
1.205333375E8	25.472355084842274
1.21075763E8	18.831692325703916
1.21844498E8	23.830623036547056
1.225916085E8	19.631651058738555
1.22975976E8	25.825313880089713
1.23381968E8	27.92777875340657
1.24150703E8	27.844521193909475
1.24919438E8	21.016851060508497
1.253769895E8	15.762147463926542
1.25761357E8	15.875301871725204
1.26456908E8	16.223649241936428
1.27225643E8	18.212394388183185
1.277254535E8	14.118066924802717
1.28109821E8	17.35797221896852
1.28763113E8	17.614106291504875
1.29531848E8	21.03284877103293
1.300272615E8	16.501949642490498
1.30411629E8	16.86117264832807
1.31069318E8	17.85547425315616
1.31838053E8	20.49526950119352
1.322676755E8	24.958192464921
1.32652043E8	17.137685871207932
1.33375523E8	21.216067955797513
1.34030498E8	14.645268516208901
1.344148655E8	7.0434115682137834
1.34912993E8	18.967233181785662
1.35681728E8	18.210548498507286
1.361569665E8	13.56844867999692
1.36541334E8	13.44313645988964
1.37219198E8	15.586376319537942
1.37895604E8	16.936784019915184
1.382799715E8	9.65173997335615
1.38756668E8	14.26816002913878
1.39525403E8	12.48752561025581
1.400102465E8	15.030967594251363
1.40394614E8	12.321281193695478
1.41062873E8	20.36738147736216
1.417121025E8	13.285856408242783
1.4209647E8	22.581814226123484
1.42600343E8	18.97061536160055
1.43369078E8	20.74656806311668
1.437831155E8	14.83437815975733
1.44167483E8	18.923254322345098
1.44906548E8	11.634967836770798
1.45465214E8	7.29523489875128
1.458495815E8	16.915687226577933
1.46444018E8	17.82715109888323
1.47106683E8	18.661452222890972
1.474910505E8	17.199208070142358
1.47981488E8	13.089315563880922
1.48737048E8	8.639098311522996
1.491214155E8	16.90159392789374
1.49518958E8	24.419716807482423
1.50287693E8	27.088039441419994
1.50728883E8	30.025218883364865
1.511132505E8	21.163872139705994
1.51825163E8	22.537203327544603
1.52332369E8	16.310407567659976
1.527167365E8	36.50494400238597
1.53362633E8	32.520190963075706
1.5389724E8	26.680247205295544
1.542816075E8	8.288466138180825
1.54900103E8	8.243826546209032
1.55461321E8	6.7659944416329045
1.558456885E8	29.473592524949762
1.56437573E8	29.832360956636553
1.57018682E8	29.013159399516624
1.574030495E8	10.4336765693454
1.57975043E8	23.501810116620163
1.585640605E8	33.739545565599805
1.58948428E8	22.738456188184234
1.59512513E8	29.71668780529051
1.6009777E8	31.649926949890364
1.604821375E8	6.976637526024919
1.61049983E8	11.34945462350485
1.616289075E8	19.875704806303553
1.62013275E8	29.946025114522115
1.62587453E8	17.28171216348937
1.631586895E8	13.129836944597553
1.63543057E8	24.533629369336982
1.64124923E8	22.614823053457954
1.64685819E8	16.27249424313921
1.650701865E8	19.26976650195584
1.65662393E8	19.282836087858623
1.66204869E8	22.970001612816514
1.665892365E8	7.601885449860558
1.67199863E8	17.102586717139197
1.67707403E8	4.3652519840061705
1.680917705E8	27.50321981661211
1.68737333E8	20.04609130584662
1.69197014E8	13.630710297622604
1.695813815E8	17.87857947154866
1.70274803E8	12.896202202319396
1.706842435E8	11.148665895584893
1.71068611E8	12.607646373657264
1.717757825E8	9.185515282700495
1.7216015E8	13.67466874940053
1.72581008E8	26.03459449615277
1.732448375E8	28.046696867552654
1.73629205E8	20.90262188350468
1.74118478E8	17.870619914534917
1.7470787E8	12.896309953200715
1.750922375E8	16.533419202310657
1.75655948E8	21.632145017463756
1.761671155E8	19.219132492113566
1.76551483E8	19.87860657885797
1.77193418E8	21.74899802922984
1.775981795E8	102.28471609296852
1.77982547E8	35.94207407956898
1.786433205E8	37.256521226415096
1.79027688E8	15.479909783881006
1.79499623E8	10.910126376449622
1.80059845E8	23.75569575984692
1.804442125E8	21.675101792214395
1.81037093E8	22.248198664038974
1.814629515E8	8.975645320671953
1.81847319E8	9.128435457081485
1.824697645E8	8.086746026920009
1.82854132E8	19.441208605084995
1.83343298E8	14.297869877135813
1.83845386E8	19.628577860270727
1.842297535E8	5.760188563906588
1.848263935E8	19.15776092220138
1.85210761E8	17.177325768512812
1.85649503E8	23.96298724527958
1.861815255E8	29.79350513020216
1.86565893E8	13.10495643449332
1.871516995E8	14.716693784482116
1.87536067E8	19.321842176137896
1.87955708E8	20.034160016130397
1.88487033E8	15.764952452239593
1.888714005E8	12.45491765300535
1.89437117E8	21.385729493628666
1.898214845E8	30.14998840548688
1.90261913E8	18.327711109810274
1.907655555E8	28.39310836302662
1.91149923E8	23.620440035082094
1.917006725E8	20.650411157437066
1.9208504E8	10.152354612731168
1.92568118E8	13.707277540374772
1.93014003E8	27.081285812980045
1.933983705E8	14.93603376180889
1.939421735E8	10.918724796676216
1.94326541E8	11.660981736626798
1.948700135E8	10.762124465213205
1.95254381E8	10.280078895463511
1.95643058E8	18.54201773042726
1.96173218E8	23.150264931323626
1.965575855E8	12.467875930001048
1.970859405E8	13.093229346400717
1.97470308E8	8.28030130831241
1.97949263E8	9.956036865759982
1.98379719E8	16.14809551189559
1.987640865E8	10.347405543944495
1.99284827E8	9.817767035785632
1.996691945E8	17.308145869860233
2.001689555E8	14.2742928606201
2.00553323E8	17.27734720416125
2.01024203E8	25.886171437491463
2.0143258E8	13.76111539182407
2.018169475E8	16.133667075519345
2.023091665E8	16.821679647507604
2.02693534E8	17.520465809791034
2.03168465E8	17.56511085784165
2.035528325E8	14.669426897118122
2.04022535E8	16.6069544563206
2.044069025E8	9.868212197159565
2.048603755E8	12.58601621270216
2.05244743E8	1.056114628457181
2.05636613E8	21.021243991752684
2.060816995E8	24.011643801775392
2.06466067E8	20.15324495556136
2.069158215E8	17.926934483688324
2.07300189E8	22.21429442638566
2.07743072E8	18.318072380519062
2.081274395E8	16.493619396633726
2.08563085E8	15.202980506529263
2.089474525E8	21.51091480992537
2.09377998E8	20.447279559695474
2.097623655E8	9.296695669175872
2.101865875E8	8.17570946659543
2.10570955E8	7.1934236131687905
2.10991954E8	19.34915433389065
2.113763215E8	6.974403193303364
2.117807295E8	17.943974442953586
2.12165097E8	15.826320812006593
2.12555228E8	12.265589572479463
2.12951007E8	9.202515006791394
2.133353745E8	22.937804995763575
2.137362725E8	18.885620213298978
2.1412064E8	13.332457975088763
2.145168735E8	9.42902180466238
2.14901241E8	32.63609042850364
2.15295174E8	32.484409652951484
2.156795415E8	18.176361367666285
2.160708055E8	161.41189799182513
2.16455173E8	18.457978192458036
2.16845987E8	8.867953409389873
2.172303545E8	23.19488824844319
2.176193275E8	24.45901785449036
2.18003695E8	12.980392404244817
2.183870575E8	9.41986217711899
2.18771425E8	12.529654881850524
2.191437085E8	9.397746759353161
2.19528076E8	13.766914696888692
2.19895419E8	9.589462085276214
2.202797865E8	15.217180024138795
2.20645687E8	11.039084384921164
2.21025053E8	14.19446820723495
2.21390679E8	10.383085074477657
2.217493495E8	14.841881816048339
2.22133717E8	11.677362086095412
2.22491112E8	13.732580544940028
2.228754795E8	17.74316380849994
2.232300165E8	17.386839516819037
2.23614384E8	7.54028216659143
2.239617555E8	11.664251356447455
2.24346123E8	24.25630233538826
2.2468963E8	10.88497074327826
2.250739975E8	12.232474388901656
2.254154375E8	10.708087709135516
2.25799805E8	14.725285725602598
2.261404185E8	14.37223036696693
2.26524786E8	25.46179071137659
2.2685767E8	21.547557347747837
2.272420375E8	13.212155256768021
2.275674865E8	9.158920915807716
2.27901798E8	22.883606953587794
2.282642395E8	16.05651670129455
2.28575658E8	18.288455688937777
2.289600255E8	18.625868867119223
2.29270193E8	24.539349495759033
2.296545605E8	18.275538145584544
2.299644725E8	29.55978333200245
2.3034884E8	10.268233696102303
2.30655893E8	13.658515222151586
2.309973965E8	25.842728618050316
2.313463715E8	5.793812989921612
2.31650276E8	8.274894125624185
2.320346435E8	8.122110324584236
2.32330417E8	17.816551800123516
2.327147845E8	9.22253103750926
2.33008396E8	7.164321432724735
2.333832675E8	14.841220952244518
2.336859445E8	3.113574136478517
2.33975938E8	19.469481902690756
2.343603055E8	17.846023875998846
2.346438945E8	32.6460112731542
2.35028262E8	18.858090824022653
2.353116695E8	11.811456468467096
2.35668032E8	29.245749783414112
2.359736405E8	13.849776825566863
2.36248209E8	25.06290874358938
2.366325765E8	18.62895126411425
2.36905892E8	16.135958940754104
2.372902595E8	25.22705098530877
2.375596255E8	27.601730862993662
2.378457775E8	11.133949074318068
2.38209635E8	22.04389836634747
2.384723095E8	13.208708553499656
2.38856677E8	12.748970594588204
2.391161115E8	13.106271821079796
2.394117615E8	16.235444550295952
2.39756603E8	27.65146109843041
2.40012063E8	22.72278813140021
2.403964305E8	8.922816771970131
2.40651522E8	6.698517342158995
2.40935513E8	10.163052759462042
2.41282414E8	8.369444043177436
2.415260005E8	10.382476782347602
2.41910368E8	25.367353285715765
2.42153892E8	3.1728290724698924
2.423992835E8	9.34336179405411
2.427812845E8	15.498870308542482
2.430194555E8	15.002142245072836
2.43354977E8	29.713400740077816
2.436401495E8	17.358903492609425
2.43875304E8	19.508304774070965
2.442596715E8	18.313091048626923
2.44494215E8	18.888240211596706
2.447631205E8	23.509865717813796
2.451110035E8	8.57751034972545
2.45340206E8	7.036068946417503
2.45672164E8	25.121234548099945
2.45942791E8	7.795103941079384
2.46158155E8	11.276089337821293
2.46536439E8	23.135483062004973
2.46757852E8	13.624311662694172
2.469695205E8	9.478502809057082
2.47353888E8	13.490940108791408
2.47564574E8	15.635102731675207
2.47805319E8	7.434499369138797
2.48157783E8	11.884050201047886
2.48365893E8	18.309308005427408
2.486381075E8	19.09350493676797
2.489579875E8	12.52847449466354
2.49165224E8	13.68711711285344
2.49467076E8	15.425379107552649
2.4975636E8	17.721567463082692
2.499626485E8	17.280808415405623
2.502879155E8	22.173774405193207
2.5054851E8	10.451324438879535
2.507484705E8	11.414723839273037
2.510885645E8	15.490573898029453
2.51332072E8	6.2295278213829945
2.51527848E8	8.672975693470406
2.51873065E8	12.529087910300984
2.5210593E8	18.46346789951597
2.5229909E8	23.12433648573627
2.52643082E8	8.186593502033082
2.5287344E8	24.4387561763941
2.53058026E8	25.33655316360459
2.5338655E8	12.287599660361286
2.53626707E8	6.4731526498160035
2.53810996E8	12.23731855144789
2.541215335E8	8.914120334775827
2.543774555E8	7.476594880130029
2.545591305E8	10.329639760767769
2.54848343E8	10.744284394943968
2.551248655E8	23.85608743628816
2.553049575E8	32.21358771795566
2.555674465E8	14.11358362620528
2.55866877E8	19.21031601143762
2.560427725E8	19.435001943832496
2.562705875E8	13.47578510684818
2.56600938E8	9.805471008128263
2.56774153E8	16.289752438109527
2.569624935E8	6.335441931988956
2.57304699E8	32.04268812948058
2.57500726E8	6.746583266338556
2.576711905E8	8.69892387817749
2.57986484E8	10.767966018605225
2.582258865E8	34.522027101369545
2.583930965E8	22.744023599902178
2.586566015E8	22.47644963687269
2.58942833E8	20.23539145723446
2.5910475E8	15.343969601383527
2.593058495E8	15.656565340997844
2.59625725E8	23.933570250984637
2.59808993E8	4.947264
2.59968316E8	11.731844089325204
2.60263454E8	10.693555831148647
2.60511936E8	12.520937582301817
2.60669987E8	10.875976257419556
2.60895678E8	16.470515300934853
2.61207803E8	8.744807752382362
2.613664795E8	29.22858813212511
2.61520696E8	12.771757114768013
2.61824593E8	23.689369470579976
2.62058165E8	17.046371030377593
2.622109925E8	17.103245021214256
2.624361765E8	30.971598604958547
2.627407855E8	10.19317178585076
2.62899969E8	28.521786124434236
2.63050826E8	10.164350617438858
2.633441895E8	19.577467513408223
2.635851015E8	11.136543448639621
2.63733667E8	3.1460437966349035
2.639380475E8	17.97487382423256
2.64231582E8	12.307827053038023
2.64411569E8	13.624573583998316
2.645558915E8	28.093439050526335
2.648102425E8	21.842962316817864
2.65083559E8	8.19150646264128
2.65224529E8	19.615876203953075
2.653750005E8	10.052792471222352
2.65651351E8	18.391453053916283
2.65885247E8	11.490616967243094
2.66021552E8	7.205573181453309
2.66196816E8	19.132775827528533
2.664682985E8	14.365757419164328
2.66677402E8	15.920413885814769
2.668104465E8	9.66512348276965
2.670024795E8	13.91446634296399
2.672676815E8	15.178071961982349
2.67460016E8	5.066728576328757
2.67590504E8	11.454643788839636
2.67790844E8	8.189809939320996
2.680494615E8	10.500259687909397
2.68233489E8	10.790664498014593
2.683623315E8	10.53377316570933
2.685626535E8	17.785784863959023
2.688141505E8	13.561308414205822
2.68998196E8	17.630510799346368
2.691212125E8	16.404904474531754
2.69305491E8	11.8467334073049
2.69544969E8	22.08405399394939
2.69745058E8	17.157529887862594
2.698635095E8	25.576737554631702
2.700194335E8	20.112010135135137
2.7025476E8	23.680388962296828
2.704832035E8	18.745706932575303
2.706000615E8	33.358172626848905
2.707192135E8	7.415386034741808
2.70946674E8	8.868947949617024
2.711728175E8	14.509676071612708
2.713243835E8	28.250601453726453
2.714361945E8	29.401325286297585
2.71620605E8	11.962004629650359
2.718435565E8	16.717981667864844
2.720435135E8	14.603876991779154
2.721547675E8	14.228839084023564
2.722872195E8	18.01174061433447
2.725064275E8	14.708674416690295
2.727249785E8	10.164981962680145
2.72867561E8	12.631194832831303
2.729767215E8	19.31375006596654
2.731596875E8	9.362162918727256
2.733731465E8	6.7591895680644285
2.73574548E8	11.28427914311999
2.736806165E8	27.082557502738226
2.737972355E8	13.843166482117676
2.74008185E8	10.208170088282923
2.7421821E8	11.382729368856724
2.74380672E8	26.1963065302693
2.744841805E8	26.751599868952713
2.746317545E8	17.7675338199609
2.74835029E8	12.5866010415281
2.750368585E8	27.16964143346887
2.751721665E8	9.102634137970483
2.752717585E8	8.158213158383363
2.754346305E8	25.412584992467732
2.75629477E8	12.54704070805621
2.75822252E8	26.811947282227248
2.75947145E8	3.411134903640257
2.760430425E8	8.306526043139765
2.762057895E8	18.25416971853092
2.763968555E8	31.367324285833963
2.76587426E8	12.496074131339109
2.767135505E8	11.559178743961352
2.76808458E8	11.56275300473711
2.76967139E8	21.357047567322446
2.77156076E8	6.941713994272873
2.773432765E8	9.058617207558521
2.774748495E8	12.49310138751754
2.775673295E8	12.577823461866133
2.77713495E8	11.259673543340403
2.77897569E8	8.64853513234134
2.780813245E8	6.957105374892492
2.78227624E8	6.147824010726126
2.78318713E8	9.604434741079348
2.78445831E8	16.858514183397716
2.78624475E8	9.233507431792534
2.78799759E8	9.509714115168942
2.7896884E8	11.182235208715863
2.79055951E8	5.890778350014576
2.791480645E8	16.684113696991997
2.793219045E8	8.534188230960494
2.794951505E8	25.17751869775627
2.796670295E8	9.424179872522075
2.797860375E8	13.422827806465092
2.798713395E8	19.989217938570242
2.80007599E8	18.676706862971447
2.801762495E8	19.463131013184462
2.8034403E8	27.796412271729444
2.80507948E8	15.585471974106003
2.805915035E8	5.136771995043371
2.80677891E8	7.24466236569484
2.80844071E8	25.040538180328955
2.810100155E8	23.85957020886595
2.81175222E8	5.9029866618053655
2.813072575E8	14.528038510240588
2.81389511E8	18.97495423147336
2.81503931E8	12.779295527926806
2.816671245E8	8.433072077171051
2.81829173E8	19.887346873084947
2.819906385E8	20.87561190219479
2.820985375E8	5.674709644222288
2.821788915E8	5.516322959394874
2.823119855E8	13.350327713013458
2.82471554E8	14.75176619086793
2.8263049E8	9.288171920999048
2.827887405E8	28.67651865458922
2.82881078E8	15.225853385562395
2.829592085E8	10.79607743171425
2.831008305E8	18.195925559861628
2.832545715E8	16.091584577146797
2.8340819E8	12.00085969402708
2.8356106E8	9.427419725750179
2.83650187E8	4.848639521050006
2.837259075E8	12.425484910355388
2.838639935E8	8.816901875480808
2.84014566E8	30.31407250743231
2.841642325E8	6.0488803565675004
2.843131325E8	11.005456109229694
2.844097475E8	15.375579876593253
2.844837785E8	10.713620050937717
2.84609444E8	14.231074995767733
2.847568575E8	6.439681417853648
2.84903889E8	10.332813744375846
2.850507725E8	5.808867189627935
2.85162443E8	13.235889390076485
2.85235427E8	8.52454557229826
2.8534268E8	9.32177654578929
2.85486983E8	17.06759853185962
2.85630282E8	11.062685732265846
2.85773144E8	17.98352591637528
2.859069595E8	7.7896527433118266
2.859767315E8	5.118383258104227
2.86052856E8	10.33818945410421
2.861903485E8	17.15965578997947
2.86326707E8	26.66803832770632
2.86461012E8	15.225514255052495
2.865942015E8	10.511184724475692
2.866994605E8	35.00204160744282
2.867650045E8	58.43387090766881
2.868562865E8	7.060807350270824
2.86985097E8	11.279763892664363
2.87113018E8	21.471700488641638
2.872400565E8	14.16839121190645
2.8736678E8	17.70465850051796
2.874684495E8	11.41078535938191
2.875308515E8	18.970660656900797
2.876171135E8	12.870291006564903
2.877417145E8	17.824229534510433
2.87865989E8	13.161905299760384
2.87989856E8	15.160269822676415
2.881135245E8	13.96672656047656
2.88225463E8	22.65686518813855
2.882869705E8	8.928162185985016
2.883595355E8	13.495859196341065
2.884818635E8	21.472581331413235
2.88604014E8	22.37604947372732
2.88725668E8	7.768195804426552
2.88845977E8	19.716788810251686
2.889652565E8	15.907136383471519
2.890345995E8	7.916299559471366
2.89094055E8	15.046453832919136
2.892031115E8	10.376587716047302
2.893211245E8	9.239049632572335
2.8943711E8	23.439970698270674
2.89550763E8	19.0839954899367
2.896633655E8	8.478102124937815
2.897663725E8	15.326744857992852
2.898226395E8	14.409524308466052
2.89887659E8	20.07153608349632
2.899984115E8	15.974455921992872
2.901089365E8	20.10531602953953
2.90218437E8	16.277756785401593
2.903262345E8	11.532355962274723
2.9043256E8	17.151258514034538
2.905335855E8	12.147414239817598
2.905862925E8	7.804796055580457
2.906432345E8	12.713386051829268
2.907479405E8	14.45995289702447
2.90851896E8	7.940672150320417
2.90955247E8	12.21036777311779
2.91058116E8	15.701946436411532
2.91160204E8	10.049458600918559
2.912615545E8	8.776717481686795
2.91331315E8	6.963637308121867
2.9138107E8	11.086298742808438
2.91461273E8	13.63881203658058
2.91559725E8	0.40053534618027425
2.91657178E8	11.262333288842802
2.917545145E8	9.238213705615067
2.91851644E8	12.36573696963448
2.91948596E8	0.5113445248093769
2.920451375E8	5.441246204400815
2.9210626E8	20.19796020091254
2.921538905E8	23.999855449551895
2.922360205E8	25.860380732015145
2.923310645E8	9.427679774334793
2.924255295E8	13.251698217669981
2.925187585E8	14.654458805221752
2.92610929E8	4.476292140950928
2.92702327E8	9.779186952555747
2.92792108E8	17.975025685608156
2.928622145E8	8.112970063126912
2.929062585E8	14.400784722603303
2.92967363E8	9.13255133332556
2.930529085E8	3.379054940933808
2.931380435E8	17.95369781733418
2.9322235E8	7.424555700302375
2.93305647E8	1.2375818530443905
2.93388439E8	12.74469217647984
2.93470965E8	11.133946668932285
2.935531875E8	18.323579593925952
2.936254925E8	13.714527783106337
2.936664795E8	5.229220311051602
2.9371692E8	5.705449099591226
2.937980535E8	14.262685015593288
2.938782955E8	13.417582831325301
2.93957456E8	25.61274653170738
2.940359865E8	2.3513644478449374
2.94113718E8	10.596017808236958
2.94190606E8	15.069578929534881
2.94267212E8	0.3775676983224153
2.9434356E8	12.716060721361377
2.94403587E8	17.886671076944133
2.944416325E8	18.80693867427296
2.944955125E8	10.448057108044393
2.9457076E8	19.579418314686155
2.9464554E8	15.324831368762656
2.947198625E8	5.3144693144693145
2.947938495E8	0.2799729364005413
2.94867693E8	20.32398661010747
2.94941437E8	4.441839323754087
2.950150255E8	6.2546001415428165
2.9508846E8	12.499802433474581
2.951596985E8	11.945370852874762
2.951959055E8	8.657357357357357
2.9523318E8	1.2039343433634282
2.953042615E8	4.798404375281913
2.95375117E8	7.028403069227182
2.95445692E8	15.43220664080815
2.95515887E8	12.141742968560287
2.955858525E8	7.88335907556776
2.956554665E8	30.161044095578898
2.957244435E8	2.771551347414421
2.957929165E8	4.692939557221506
2.958609135E8	0.5233094035274306
2.959283655E8	6.551066869029551
2.95962472E8	2.9145978152929493
2.959959795E8	30.313068112956007
2.960623185E8	19.490220488975552
2.961285905E8	6.523499407960652
2.961944545E8	7.638579281440763
2.96259386E8	7.326438469590214
2.963231915E8	13.665340712556208
2.963866495E8	16.68807846605806
2.964495135E8	10.980260838914345
2.96511883E8	9.256847172081828
2.96574108E8	6.2916700201207245
2.966360135E8	9.23003598871705
2.966975155E8	7.826967611468085
2.967299425E8	3.291006787330317
2.967605265E8	7.883207245974458
2.968197085E8	5.877741553052757
2.968803715E8	8.263276892101528
2.969406465E8	17.00583761425045
2.970003935E8	7.909973462326581
2.97059853E8	20.303278826560685
2.971191925E8	10.470909642821006
2.971783685E8	13.960815524773937
2.972373605E8	7.515577804174444
2.972962345E8	8.494372471012275
2.973550285E8	15.225965628722138
2.974136535E8	11.398974008207935
2.974716695E8	0.27807895468445926
2.975006415E8	0.14030612244897958
2.975297915E8	4.823478621261311
2.975874835E8	12.936512631359175
2.97644944E8	9.622073287492384
2.977022745E8	12.148087947427292
2.977593955E8	22.455406305895558
2.97816386E8	9.925449916600826
2.97873337E8	20.036103745588004
2.97929694E8	12.982391019778722
2.979853355E8	22.1889725484545
2.98040566E8	7.2692692692692695
2.980954345E8	4.757866111841144
2.98150189E8	6.401849516603615
2.982045775E8	6.084739178690344
2.98250394E8	26.015889069278472
2.98277297E8	25.771699624222265
2.98312184E8	0.8240227115668366
2.983655255E8	0.47177373828610136
2.98418571E8	8.367920074033504
2.98471025E8	12.27540945745684
2.985229515E8	14.128704667206229
2.98574718E8	10.790565270435136
2.98626245E8	17.6878342896042
2.986775555E8	11.012889114556888
2.987287515E8	25.29138827023014
2.9877965E8	21.583390962438994
2.98830158E8	4.471223092947128
2.98880377E8	8.56420762296884
2.9893041E8	7.079047828433234
2.989803155E8	15.215095021897223
2.9902156E8	8.12754119409373
2.99046443E8	7.581002638522428
2.990795815E8	19.90731786599488
2.991287095E8	11.655035281641311
2.991776335E8	11.142561560208136
2.99226409E8	9.315571331842337
2.992750675E8	0.46869081926718814
2.99323612E8	5.872415428064895
2.993721015E8	15.910769548174128
2.99420364E8	4.7494537509104156
2.994682855E8	8.648593789235791
2.995160355E8	13.431673373574782
2.99563736E8	11.35611985992577
2.99611366E8	11.193710453847933
2.99658856E8	17.527431500348037
2.99706222E8	10.350020074805062
2.99753043E8	7.578229236382478
2.997914265E8	3.956516027325276
2.998145535E8	1.2721751233708718
2.998454455E8	9.143068424028883
2.998912785E8	14.202744703204342
2.999369015E8	7.873370209403398
2.99982407E8	7.249862495324841
3.000278035E8	8.904433171592412
3.00072936E8	3.285075125208681
3.001178095E8	6.927513274731159
3.001626E8	4.416832368909046
3.002072585E8	6.06158265631312
3.0025153E8	12.89485051722178
3.002951105E8	7.411895497498611
3.00338256E8	11.72900382697437
3.00381246E8	5.2802519538084685
3.00424041E8	13.005570509069631
3.00466617E8	2.3368609611803803
3.00509036E8	17.52186932635401
3.005513965E8	21.717679035688963
3.005739685E8	7.7618207480592805
3.0059498E8	7.152262114368828
3.006355E8	4.788941721822656
3.00677186E8	268.3870571518027
3.00718655E8	8.170968442909917
3.007599975E8	13.137418823301347
3.008009635E8	15.934659649813103
3.00841504E8	28.14051018135933
3.00881871E8	12.294218319815462
3.009221625E8	16.230467391844236
3.00962411E8	3.686634684695881
3.01002529E8	2.4985376827896513
3.010424755E8	7.497543120738067
3.010823325E8	14.022221664239442
3.011221535E8	8.61467751657625
3.01161883E8	2.8751355850969906
3.012013185E8	10.198633629040481
3.01240271E8	17.994570416526617
3.01278813E8	5.206342593798006
3.013171725E8	6.0517331384422635
3.013402245E8	13.60523613963039
3.01359325E8	9.852050379821764
3.01393599E8	10.2694879257453
3.01431711E8	2.8514900879611393
3.014697935E8	5.306381302521008
3.015075635E8	4.086785904965296
3.01544826E8	9.409011196546608
3.015818905E8	7.897636520612994
3.01618727E8	15.316452238520583
3.01655231E8	2.881864886397978
3.01691575E8	12.518697125850808
3.01727817E8	32.665506285398536
3.017639465E8	15.46195652173913
3.018000005E8	7.147208966818333
3.018360275E8	4.0348236600944185
3.018718265E8	8.369000786782061
3.019074095E8	0.26915509584574737
3.0194275E8	5.970771728912059
3.01977819E8	12.591608391608391
3.020128525E8	8.143383192509706
3.02047874E8	8.725086401416698
3.020828745E8	29.60923120891683
3.021066125E8	5.6427198462277754
3.021240165E8	7.799390735597169
3.0215234E8	5.570284049526584
3.021865385E8	13.611323080535337
3.022202135E8	9.987018450628042
3.02253491E8	56.669170898819004
3.022863395E8	5.029025293028995
3.02318457E8	0.449002043061449
3.023501625E8	3.778358020002532
3.02381257E8	5.840584447422613
3.024117055E8	15.170307550158395
3.024418645E8	6.207036716199107
3.024718665E8	4.999399799933311
3.02501802E8	11.450185736755799
3.0253152E8	15.888174589747928
3.02561013E8	10.879582752879617
3.025904035E8	14.386848381601363
3.026196635E8	15.362255742200892
3.02648696E8	9.022875930091711
3.026774925E8	5.816154435849188
3.0270614E8	1.6171626394377032
3.0273473E8	10.045761466606024
3.0276322E8	6.542522097404656
3.02791553E8	94.86968056882097
3.02819683E8	5.694330320460148
3.02847463E8	2.8106206246146033
3.02871419E8	6.035196382047879
3.028851665E8	6.916666666666667
3.029023805E8	2.8987388180085056
3.02929608E8	16.643695500202362
3.029566585E8	21.65622910630711
3.02983539E8	12.156674987890757
3.030103E8	20.829292058614097
3.03036936E8	7.548572718041295
3.030633795E8	6.577420336147235
3.03089659E8	21.859297056471572
3.031158375E8	9.833729307173513
3.03141897E8	8.941666986896207
3.0316784E8	3.3506167111317327
3.03193613E8	22.279017248763775
3.03219033E8	16.018762173550105
3.03244142E8	6.23594429591796
3.03269183E8	19.06794292794053
3.032941495E8	17.093007385998714
3.03318984E8	11.71684776022943
3.03343729E8	4.3114462459062795
3.03368407E8	11.09673882142712
3.03392961E8	8.395956708188686
3.034173935E8	0.11214109926168991
3.034417695E8	15.062120466108649
3.03466092E8	18.472871091336053
3.03490315E8	1.8902494518677864
3.03514472E8	8.670808997141792
3.03538466E8	6.599027131295341
3.035622675E8	11.423598248863446
3.03585904E8	9.62286856316707
3.036094165E8	34.28445635528331
3.03632882E8	5.5056995261068185
3.036474595E8	16.8182135380321
3.03659146E8	8.08310186497364
3.036795675E8	3.5151280062063615
3.03702759E8	6.68823605539019
3.037259045E8	4.219428818693206
3.03749014E8	11.388636461984508
3.037721115E8	20.59603222732392
3.03795153E8	11.712484237074401
3.038181055E8	6.350139689191549
3.03840977E8	15.875060214582877
3.038636995E8	17.51764705882353
3.038862345E8	10.235173642030276
3.03908542E8	6.713473256601219
3.03930611E8	13.946276668334622
3.039525865E8	13.621494901675163
3.03974351E8	8.956356384212235
3.039958025E8	4.287555055758598
3.040171415E8	32.08113048368954
3.04038313E8	7.643547388965583
3.040591685E8	2.5322642967542506
3.04079863E8	8.811264201111916
3.04100481E8	14.988711011629604
3.04120937E8	19.785128431805905
3.041411265E8	16.468678189629333
3.04161089E8	40.830763048174006
3.041809935E8	10.60576826449603
3.04200889E8	42.22072502388255
3.042207195E8	5.280649403196439
3.042404435E8	11.091532831876398
3.04260093E8	7.2236661060999845
3.042797115E8	27.363107984092995
3.04299283E8	45.79389625684879
3.043188045E8	16.92446448703495
3.0433822E8	0.1641559248330486
3.04357514E8	10.276633283171606
3.043766445E8	0.49368088467614535
3.04395624E8	11.288628815435711
3.044120845E8	0.6050028669724771
3.044215395E8	0.836224283985478
3.044334495E8	8.613773724949635
3.044520715E8	8.193504515286694
3.04470397E8	12.662159943072965
3.04488589E8	2.9838255589290643
3.0450666E8	1.128196593997892
3.0452464E8	1.1896503652484247
3.04542522E8	2.3621782289271493
3.04560353E8	3.47451068364085
3.045781455E8	3.130505801509519
3.045958945E8	6.737826871055004
3.04613409E8	10.125889499566098
3.04630615E8	5.521690897413441
3.046477165E8	22.358339189505738
3.04664782E8	14.934623277631193
3.046818275E8	1.3236675275886358
3.04698855E8	14.344556084376284
3.047157445E8	20.556742243436755
3.047322845E8	13.560049019607844
3.047485745E8	17.973739237392373
3.047647915E8	7.04086805984914
3.04780937E8	3.3884097536762425
3.04797045E8	10.751102552953599
3.04813105E8	10.826789838337183
3.04829099E8	0.04446671259472662
3.04844809E8	16.746780560408983
3.04860144E8	1366.5800092002366
3.04875228E8	17.139388669654203
3.048899345E8	13.308740146591067
3.04904393E8	9.869041854029748
3.04918797E8	2.267191527903574
3.04933121E8	9.760475690800979
3.049473325E8	21.350438844847112
3.049613855E8	10.991844326799256
3.049753525E8	40.31871596445973
3.04989176E8	6.581476882623622
3.050028535E8	7.462090163934426
3.050165075E8	23.90721196130167
3.05030149E8	1.2561038199281471
3.05043766E8	41.63184994483266
3.05057328E8	48.25826003400103
3.050707775E8	7.162752430815258
3.050840815E8	6.802840308203656
3.050973185E8	0.16711997582351162
3.0511055E8	7.121645119830649
3.051237565E8	9.803807068102532
3.051369355E8	11.026875189796538
3.05150043E8	5.237292034041248
3.05163013E8	3.8068543072032255
3.05175888E8	22.613475453201588
3.05185055E8	0.21893814997263272
3.051914585E8	1.6344526344526344
3.052015075E8	8.202865643595365
3.05214187E8	0.8849606737109716
3.052267085E8	92.90823699421965
3.05239162E8	7.657216287848366
3.052514665E8	2.9528705379174207
3.052635855E8	0.08137417218543046
3.05275651E8	2.565430254750643
3.052876965E8	22.325415282392026
3.052997075E8	4.939492572191621
3.05311672E8	5.4013559889512015
3.053236175E8	5.441560616208975
3.053355615E8	8.151038178164768
3.05347491E8	9.560553923625681
3.0535937E8	19.415350840158744
3.053711045E8	0.015310510923791501
3.053827095E8	3.0953901933701657
3.05394203E8	14.520301674997807
3.05405586E8	15.02824958197659
3.05416915E8	0.2532979194333776
3.054282015E8	0.9820890228763965
3.054393975E8	35.900035990642436
3.05450508E8	7.812100477176555
3.054616145E8	4.169998199171619
3.05472713E8	3.7093138580831306
3.054837595E8	33.081076167969464
3.05494683E8	3.7337021668971877
3.055054885E8	16.114712985324168
3.055161465E8	33.978388625592416
3.05526661E8	3.1147056016795496
3.05537127E8	286.0188462642304
3.055475015E8	2.283993783993784
3.055577785E8	13.680152076428154
3.05567969E8	5.342684974809839
3.05578E8	7.004427004728846
3.05587934E8	5.589283915802196
3.055978485E8	21.82838383838384
3.056077465E8	18.748888439773644
3.05617534E8	22.317388159933877
3.05627204E8	4.377807680364351
3.0563683E8	1.2318840579710144
3.056464125E8	0.4382703154376436
3.05655943E8	9.392220933909561
3.05665429E8	0.6710595677385345
3.056749135E8	1.842049768030367
3.05684391E8	14.151409566043712
3.056938605E8	24.095162653147444
3.05703288E8	3.3801001384894
3.0571261E8	10.930755104245437
3.057218545E8	5.450173310225304
3.057310705E8	14.035652173913043
3.057402675E8	4.256471611920818
3.057494535E8	1.4507517977772935
3.057585785E8	14.654761904761905
3.05767648E8	12.758354472262049
3.05776642E8	20.577065351418003
3.057855425E8	12.713288288288288
3.05794349E8	0.22752776823542883
3.05803082E8	9.309859154929578
3.058116615E8	10.942558746736292
3.058200515E8	5.151065357912377
3.058282875E8	6.425474254742547
3.058363865E8	7.027846534653466
3.058444065E8	6.655150753768845
3.058523285E8	17.268645357686452
3.058601015E8	38.869224745497256
3.058677105E8	0.1287718369507676
3.058752425E8	33.330447522642515
3.05882709E8	3.771717171717172
3.058900985E8	5.669159641011694
3.05897348E8	6.957732680195941
3.059044835E8	0.158995228739826
3.059115865E8	1.4286723163841808
3.059186575E8	8.938969130557915
3.059257075E8	14.622335890878091
3.059327345E8	9.245724059293044
3.059397415E8	2.5425835953129465
3.05946737E8	30.265694265694265
3.05953382E8	15.255677306653963
3.059568435E8	7.5702875399361025
3.059606085E8	8.74348203939745
3.059675075E8	0.22729910066724687
3.05974393E8	0.3360476952159372
3.059812595E8	4.430863477246207
3.0598811E8	1.6616508400292185
3.05994947E8	4.970713135158881
3.060017745E8	35.20084969235277
3.06008546E8	5.131308619919607
3.06015243E8	0.5796016174928861
3.06021916E8	1.5158194631878843
3.06028584E8	14.507424628768561
3.060351805E8	0.44836040453570336
3.060416715E8	16.19114002478315
3.06048088E8	2.45726830798181
3.06054431E8	32.92360120462831
3.06060702E8	10.46462377667255
3.06066934E8	27.679184721553522
3.060731045E8	0.7801963993453355
3.06079204E8	0.47955329282312364
3.060852755E8	7.190452593326726
3.06091306E8	0.11253537539537206
3.060973105E8	8.110129956681106
3.06103308E8	10.42366093776072
3.06109298E8	18.633706363788207
3.06115231E8	5.395815614900493
3.06121083E8	1.3756223175965665
3.061268995E8	34.28787878787879
3.061326905E8	3.1007966747488744
3.061384525E8	19.63113043478261
3.06144196E8	0.0676311661146941
3.06149915E8	11.843711629538678
3.061556135E8	15.515976123595506
3.061612865E8	12.524778761061947
3.061668935E8	35.427929547088425
3.061724375E8	36.16147719044171
3.06177958E8	0.02066340402392605
3.06183465E8	2.297434964526105
3.0618895E8	84.91997076557647
3.061944175E8	4.735078725741487
3.061998695E8	23.34196986402058
3.062052965E8	0.007390983000739098
3.062107035E8	40.91947426878934
3.062160895E8	16.210055865921788
3.06221455E8	7.3717590001865325
3.062267975E8	0.9346356123215628
3.062321055E8	0.08673469387755102
3.062373925E8	0.04316546762589928
3.062426715E8	1.0682335102350264
3.06247945E8	10.284575981787137
3.062532015E8	0.24093857306371613
3.062584425E8	27.837977099236642
3.06263673E8	13.28481133882398
3.062688905E8	32.501534330648255
3.06274102E8	2.217700134382799
3.06279276E8	25.33080365829928
3.062844135E8	3.5142133956386292
3.062895485E8	0.3733930658356058
3.06294667E8	0.03566529492455418
3.06299761E8	14.95850540806293
3.063048415E8	1.8701733648542158
3.063099165E8	23.696491919590066
3.063149815E8	0.04331487341772152
3.063200175E8	0.1559011164274322
3.063250325E8	17.014758675708016
3.06330018E8	0.22049626790397417
3.063349735E8	0.025232135647961243
3.063399235E8	2.4332794177112818
3.06344861E8	3.045851085412863
3.063497735E8	5.282883986928105
3.06354609E8	33.899476439790575
3.06359362E8	43.98118790953287
3.06364072E8	1.402857752185967
3.06368756E8	0.9707202393673862
3.063734225E8	13.906961753330469
3.063780725E8	1.007963839862247
3.06382707E8	7.868699978369024
3.063873235E8	1.2464208242950108
3.06391931E8	14.847557003257329
3.063965295E8	21.987587108013937
3.06401082E8	35.759140261466875
3.064055785E8	7.091964285714286
3.06410055E8	0.19226469930695284
3.0641452E8	0.7078752524119363
3.0641896E8	1.114175898711282
3.064233765E8	5.1020408163265305
3.06427766E8	6.460059510185397
3.064321085E8	2.9339666357738645
3.06436424E8	0.6398609501738123
3.06440737E8	0.7179308745070749
3.064450465E8	0.1817548746518106
3.06449342E8	1.8431006303992528
3.06453625E8	0.01774457156198926
3.06457902E8	19.720206040739875
3.064621725E8	3.5400468384074943
3.06466441E8	15.790250761659246
3.06470704E8	16.15191359474055
3.064749595E8	37.58866415804327
3.064792095E8	0.7963747645951036
3.06483446E8	6.296804733727811
3.064876545E8	45.10090648854962
3.064918455E8	0.2766109785202864
3.0649603E8	173.6673845417564
3.065001735E8	0.1200097370983447
3.06504273E8	39.29039354681007
3.065083565E8	0.07777232580961727
3.06512427E8	5.253874538745388
3.06516488E8	6.4693122997288635
3.065205265E8	48.255223880597015
3.065245425E8	11.233549351944168
3.06528524E8	0.0331561629967097
3.06532471E8	42.56530560486939
3.065364115E8	34.65312341289995
3.065403375E8	0.0
3.0654423E8	19.260656161198657
3.06548097E8	0.026145482785399948
3.0655195E8	0.21493624772313297
3.065557735E8	1.7786540483701367
3.06559577E8	7.3896923481462
3.065633635E8	0.2580901856763926
3.065671335E8	7.3058355437665785
3.065709005E8	15.319872476089266
3.065746505E8	4.431745182012848
3.065783835E8	30.90455764075067
3.06582112E8	52.09042125033539
3.06585833E8	0.6866756393001346
3.06589543E8	10.844534412955465
3.065932395E8	71.2554229934924
3.065969265E8	81.33722192078133
3.06600612E8	6.654274084124831
3.066042955E8	43.37235198261814
3.06607968E8	5.160797160797161
3.0661163E8	16.96722207047255
3.066152875E8	1.2380952380952381
3.06618939E8	0.5494656070156207
3.066225875E8	0.04084429824561404
3.066262295E8	14.564631463146315
3.066298605E8	8.525096525096526
3.066334545E8	0.07832678270634474
3.06637011E8	0.07152914671923402
3.0664056E8	1.2424584155624472
3.066440915E8	15.43202502844141
3.066476025E8	3.4161437535653167
3.066511055E8	4.216285714285714
3.06654603E8	43.3241773962804
3.066580945E8	6.483658256880734
3.066615705E8	0.4350461893764434
3.06665033E8	5.524414908985842
3.06668493E8	0.008962127782596125
3.066719485E8	2.640787949015064
3.066753845E8	10.46812865497076
3.06678798E8	0.7208687995303786
3.066821985E8	0.2905126694166176
3.06685591E8	0.022412267767620172
3.066889815E8	14.755162241887906
3.066923705E8	21.828512396694215
3.066957585E8	2.7777449822904368
3.066991455E8	61.33165977554637
3.067025305E8	1.808806146572104
3.06705914E8	23.97576115873485
3.067092965E8	0.09846244825547014
3.06712672E8	1.618581181359454
3.06716041E8	23.276639952508162
3.067194095E8	17.81650831353919
3.067227775E8	17.67191211401425
3.067248635E8	0.7873134328358209
3.06726541E8	0.08741669933359467
3.067294915E8	0.6062686567164179
3.067328405E8	4.5952807646356035
3.067361665E8	0.6180387409200968
3.06739469E8	0.04544077552256892
3.06742768E8	0.03821656050955414
3.06746065E8	6.542007885956931
3.067493595E8	13.885176184690158
3.067526505E8	35.14468085106383
3.06755933E8	0.04916030534351145
3.067591995E8	9.969306322897483
3.067624565E8	21.45823095823096
3.067657115E8	2.9674247080516287
3.06768965E8	0.21733784199200737
3.06772208E8	13.901330034024125
3.067754395E8	0.14241486068111456
3.067786575E8	11.575795383655645
3.067818625E8	2.3270911360799
3.067850465E8	19.119785082174463
3.0678821E8	0.4236484350300348
3.067913705E8	26.22640911969601
3.067945245E8	0.40444444444444444
3.06797666E8	20.25949569103096
3.0680079E8	0.0
3.06803903E8	2.265509482481517
3.068070135E8	0.11961414790996784
3.068101235E8	25.68070739549839
3.06813233E8	23.229977484721775
3.068163365E8	3.594899935442221
3.068194285E8	0.0
3.06822513E8	17.638339279922153
3.068255925E8	60.08257477243173
3.068286625E8	4.136749347258486
3.068317255E8	8.298824297844545
3.068347845E8	0.6583769633507853
3.068378385E8	0.11697247706422019
3.0684088E8	0.07324315407456285
3.06843903E8	43.58441127694859
3.068469175E8	25.64532183145322
3.068499285E8	65.16289893617021
3.068529315E8	22.756170780520346
3.06855925E8	0.374372699899632
3.06858904E8	19.777029302795555
3.06861871E8	0.0
3.06864829E8	22.946797695696375
3.068677785E8	0.012890094979647219
3.06870722E8	2.2762844504933653
3.068736605E8	15.868277739959156
3.06876586E8	10.253347064881565
3.06879498E8	0.36173136379251114
3.068824045E8	0.07064093728463129
3.068853035E8	6.592196132596685
3.06888198E8	0.0452817144832354
3.0689109E8	0.0
3.068939665E8	0.35988819007686934
3.06896809E8	1.8657456606447043
3.068996235E8	0.9233784746970777
3.069024245E8	40.41165951359084
3.06905212E8	2.748110831234257
3.069079905E8	4.41036717062635
3.069107675E8	0.6930835734870316
3.06913543E8	8.681441441441441
3.06916313E8	0.3399638336347197
3.06919067E8	17.762304046664237
3.069218095E8	28.98942377826404
3.069245455E8	5.191941391941392
3.06927266E8	12.191442272224272
3.06929975E8	6.219431104543776
3.069326695E8	0.024235645041014168
3.069353465E8	21.939745508982035
3.06938016E8	0.24859392575928008
3.06940674E8	99.33937334843337
3.06943317E8	13.296928327645052
3.069459505E8	0.09543726235741445
3.069485655E8	17.18846153846154
3.06951153E8	0.8679611650485437
3.069537225E8	17.75390015600624
3.069562725E8	0.14905362776025236
3.069587885E8	0.04326923076923077
3.069612825E8	31.02247191011236
3.069637735E8	21.47429718875502
3.0696626E8	15.45308095046315
3.06968739E8	14.107474747474747
3.06971213E8	0.015365952284674484
3.06973672E8	0.0
3.069761095E8	0.1353909465020576
3.06978536E8	3.309533635988444
3.0698095E8	0.10602910602910603
3.06983354E8	0.1290054099042863
3.06985755E8	2.2184243434764483
3.06988152E8	1.5198329853862214
3.06990543E8	38.669459572685376
3.069929255E8	0.6324642556770396
3.069953025E8	4.012626262626263
3.069976725E8	90.11252115059222
3.070000295E8	6.286808510638298
3.07002367E8	0.05161290322580645
3.07004687E8	0.0
3.070070005E8	0.29238754325259514
3.070093035E8	0.12728857890148212
3.070115925E8	0.0
3.07013868E8	22.899426554918396
3.07016134E8	78.160706401766
3.07018396E8	6.19743249225321
3.07020655E8	0.09207613988490483
3.070229135E8	0.12887511071744906
3.0702516E8	13.365548098434004
3.07027389E8	1.165991902834008
3.0702961E8	67.28796755295178
3.070318285E8	22.294409377817853
3.070340435E8	1.18625678119349
3.070362525E8	12.653218495013599
3.07038456E8	5.147205815538392
3.07040653E8	0.0
3.0704284E8	1.7102246675836772
3.070450185E8	16.438878676470587
3.07047178E8	3.4451703219785346
3.0704932E8	0.0560485754320411
3.07051452E8	24.80687706076307
3.070535745E8	0.0235626767200754
3.07055696E8	3.489391796322489
3.07057816E8	26.04483246814535
3.07059934E8	0.25980160604629193
3.0706204E8	0.0
3.070641345E8	0.1399235912129895
3.07066228E8	8.87099856665074
3.070683165E8	0.09644913627639155
3.070704E8	0.32021123379740757
3.07072481E8	186.58008658008657
3.07074558E8	0.6650602409638554
3.070766325E8	0.016875602700096432
3.070787045E8	4.109178743961353
3.07080772E8	1.3907990314769976
3.070828335E8	9.399902818270165
3.07084889E8	0.0
3.07086942E8	0.07501217730150998
3.07088987E8	0.0
3.070910185E8	5.706811451135242
3.07093044E8	6.049382716049383
3.07095069E8	19.25037037037037
3.07097091E8	5.256562654779594
3.07099108E8	1.0416873449131514
3.071011185E8	8.346959122632104
3.07103122E8	0.16091954022988506
3.071051185E8	2.2073293172690764
3.071071095E8	3.6698492462311556
3.071090915E8	30.288753799392097
3.07111059E8	0.03518612952575217
3.071130195E8	0.18775510204081633
3.07114979E8	0.9545686574783052
3.07116933E8	22.65879938429964
3.071188785E8	2.135942327497425
3.071208195E8	2.04020618556701
3.07122752E8	0.0
3.071246735E8	6.009384775808133
3.071265845E8	0.2605042016806723
3.07128479E8	0.02493368700265252
3.07130355E8	0.27691483663631494
3.07132213E8	1.4099513250405624
3.071340475E8	0.06373626373626373
3.07135863E8	1.6951960242959692
3.071376725E8	5.722898230088496
3.07139478E8	1.7393233499722685
3.07141279E8	0.0
3.071430775E8	0.03225806451612903
3.07144871E8	0.262157629960872
3.071466595E8	0.0
3.07148442E8	3.579628587507034
3.07150216E8	0.7001693958215698
3.071519825E8	0.02553916004540295
3.071537425E8	0.257679180887372
3.071554995E8	9.07744874715262
3.071572545E8	0.4652223489167617
3.07159008E8	0.02167712492869367
3.071607605E8	0.9343607305936074
3.071625115E8	1.9908571428571429
3.07164259E8	0.2160458452722063
3.07165998E8	0.0
3.071677295E8	0.0
3.07169459E8	0.0913823019086177
3.07171187E8	10.780544296467863
3.07172911E8	166.50784427658337
3.071746285E8	4.293465577596266
3.071763405E8	17.737426900584797
3.0717805E8	0.024575775307197192
3.07179757E8	8.912609970674486
3.0718146E8	0.16637272192827748
3.07183154E8	0.10314167160640189
3.071848325E8	0.038922155688622756
3.071864995E8	80.96694711538461
3.07188158E8	22.970961887477316
3.07189806E8	1.6798539257455873
3.07191447E8	7.36973764490543
3.071930855E8	0.031135531135531136
3.07194713E8	217.28138528138527
3.07196327E8	2.826194909993793
3.071979365E8	10.850124378109452
3.07199539E8	0.8697557921102066
3.07201133E8	0.026398491514770583
3.072027235E8	0.025157232704402517
3.072043025E8	0.5676020408163265
3.07205867E8	0.22357463164638053
3.07207427E8	0.024374599101988453
3.07208982E8	0.39329464861379754
3.072105315E8	0.0
3.07212076E8	3.7436729396495783
3.072136115E8	0.18758169934640523
3.072151395E8	21.905635648754913
3.072166655E8	38.74246395806029
3.07218189E8	1.3694937541091388
3.07219709E8	0.0
3.07221218E8	0.0713809206137425
3.072227155E8	0.06885026737967914
3.072242065E8	0.32705248990578734
3.07225692E8	0.1367003367003367
3.072271765E8	10.408355795148248
3.07228659E8	13.9932478055368
3.072301395E8	0.05945945945945946
3.072316155E8	0.025815217391304348
3.072330835E8	0.6741803278688525
3.0723454E8	11.751552795031056
3.072359815E8	15.105299860529986
3.072374155E8	0.026499302649930265
3.07238849E8	11.247034193998605
3.072402775E8	2.053370786516854
3.072416995E8	14.226760563380282
3.072431125E8	4.03769559032717
3.072445175E8	0.21937321937321938
3.07245921E8	0.030648610121168925
3.07247322E8	0.0
3.072487205E8	0.9957081545064378
3.072501165E8	0.5753228120516499
3.072515085E8	96.39640287769784
3.072528945E8	0.10057887120115774
3.07254274E8	2.1931735657225855
3.072556495E8	12.543668122270743
3.072570195E8	15.806002928257687
3.07258382E8	9.975717439293598
3.07259739E8	0.0
3.072610935E8	0.0310192023633678
3.072624475E8	24.29098966026588
3.072637995E8	10.544444444444444
3.07265146E8	0.19731943410275501
3.072664865E8	2.698056801195815
3.072678185E8	0.0693815987933635
3.072691435E8	0.0
3.072704615E8	1.7210365853658536
3.07271773E8	27.452326468344776
3.072730825E8	5.422782874617737
3.072743855E8	0.3489984591679507
3.072756825E8	5.753086419753086
3.072769735E8	1.2076205287713841
3.07278257E8	0.0
3.07279535E8	0.47372549019607846
3.07280808E8	0.07474429583005507
3.07282078E8	2.102442868400315
3.07283345E8	14.574703557312253
3.072846035E8	5.114217252396166
3.072858485E8	0.0
3.072870805E8	10.111745513866232
3.07288306E8	5.565714285714286
3.072895305E8	0.0
3.0729075E8	0.0
3.072919625E8	0.16363636363636364
3.0729317E8	0.7709543568464731
3.072943745E8	0.03322259136212625
3.07295576E8	0.0
3.07296769E8	2.4995787700084247
3.072979505E8	0.34183673469387754
3.072991265E8	0.025510204081632654
3.073002965E8	0.1013745704467354
3.0730146E8	0.08942390369733448
3.0730262E8	22.927398444252375
3.073037765E8	0.22837370242214533
3.073049325E8	0.5821799307958477
3.073060875E8	1.082322357019064
3.07307234E8	3.928007023705004
3.073083675E8	0.0
3.0730949E8	0.2864816472694718
3.07310606E8	13.220627802690583
3.073117205E8	0.0
3.07312834E8	18.32524707996406
3.07313946E8	0.05310531053105311
3.07315057E8	0.13771377137713772
3.073161665E8	2.9657039711191335
3.07317273E8	5.613574660633484
3.073183765E8	1.9891107078039927
3.073194775E8	14.255454545454546
3.073205775E8	3.449090909090909
3.07321677E8	0.3958143767060964
3.073227755E8	0.07194899817850638
3.073238735E8	83.6247723132969
3.07324967E8	29.04315886134068
3.07326045E8	0.03561387066541706
3.07327112E8	2.53514526710403
3.07328175E8	0.0
3.07329233E8	8.49763481551561
3.073302885E8	6.317836812144212
3.0733134E8	105.97140133460438
3.07332388E8	2.516714422158548
3.073334315E8	0.8519230769230769
3.073344645E8	0.20760233918128654
3.073354855E8	3.6968503937007875
3.073365005E8	4.176528599605523
3.07337512E8	0.062438057482656094
3.07338521E8	0.03766105054509415
3.07339524E8	6.872617853560682
3.073405195E8	0.019114688128772636
3.073415095E8	0.05476673427991886
3.073424955E8	0.0
3.07343481E8	0.0
3.07344466E8	2.580710659898477
3.07345449E8	3.258919469928644
3.0734643E8	0.0
3.073474095E8	0.0
3.073483845E8	0.0
3.073493565E8	0.0
3.07350326E8	1.1540847983453981
3.073512895E8	0.09895833333333333
3.07352248E8	0.08568443051201671
3.07353193E8	8.214362272240086
3.07354126E8	0.3140407288317256
3.073550565E8	0.18318965517241378
3.073559835E8	0.09287257019438445
3.073569075E8	0.1984815618221258
3.073578275E8	0.06100217864923747
3.073587445E8	0.0
3.07359658E8	0.11745334796926454
3.07360568E8	12.971397139713972
3.07361477E8	0.08360836083608361
3.073623815E8	0.13
3.0736328E8	0.0
3.073641745E8	0.04484304932735426
3.073650655E8	0.650561797752809
3.07365955E8	0.052868391451068614
3.073668425E8	0.0
3.07367728E8	0.0
3.07368608E8	0.0
3.073694805E8	0.32298850574712645
3.0737035E8	22.399309551208287
3.073712185E8	0.05069124423963134
3.07372084E8	5.254924681344148
3.073729445E8	0.0
3.07373801E8	11.412865497076023
3.07374652E8	0.07792207792207792
3.07375497E8	78.8220640569395
3.07376337E8	2.5543608124253288
3.07377173E8	1.3688622754491018
3.073780065E8	3.0084134615384617
3.07378836E8	0.0471584038694075
3.073796625E8	0.1585956416464891
3.07380485E8	15.655677655677655
3.073812975E8	37.0955334987593
3.073821025E8	1.1927860696517414
3.073829055E8	0.09975062344139651
3.07383704E8	0.10062893081761007
3.073844975E8	1.4785353535353536
3.073852875E8	0.0
3.07386072E8	6.855313700384123
3.07386853E8	0.0
3.073876335E8	0.35128205128205126
3.07388411E8	8.301935483870968
3.073891845E8	0.14248704663212436
3.073899525E8	2.2787958115183247
3.073907155E8	2.2755905511811023
3.073914765E8	0.0
3.073922355E8	0.17018469656992086
3.07392992E8	0.0
3.073937465E8	0.026525198938992044
3.073944975E8	0.0
3.073952445E8	0.0
3.073959905E8	0.10857908847184987
3.073967355E8	0.0
3.073974755E8	0.0
3.073982085E8	0.0
3.07398938E8	0.05486968449931413
3.07399665E8	0.1406896551724138
3.074003845E8	0.0
3.074010975E8	0.05898876404494382
3.07401809E8	2.2644163150492265
3.074025195E8	0.056338028169014086
3.074032295E8	0.04366197183098591
3.074039365E8	0.29829545454545453
3.0740464E8	0.05263157894736842
3.0740534E8	0.0
3.074060365E8	0.08908045977011494
3.07406728E8	4.1018922852983986
3.07407414E8	0.2116788321167883
3.07408095E8	0.0
3.07408771E8	0.10518518518518519
3.074094455E8	0.0
3.07410119E8	0.5066864784546805
3.07410791E8	0.0
3.074114535E8	0.20336391437308868
3.074121015E8	0.23208722741433022
3.07412743E8	5.739469578783151
3.07413383E8	0.2535211267605634
3.07414021E8	0.0
3.07414658E8	0.5729984301412873
3.07415294E8	0.0
3.074159275E8	0.0
3.074165575E8	0.06847133757961783
3.07417184E8	0.0864
3.074178075E8	0.0
3.074184285E8	0.06451612903225806
3.07419046E8	0.2552845528455285
3.074196585E8	0.12131147540983607
3.07420267E8	2.2833607907743
3.07420871E8	0.06655574043261231
3.07421472E8	0.051580698835274545
3.074220725E8	0.0
3.07422671E8	0.0
3.074232665E8	0.06734006734006734
3.074238595E8	4.489864864864865
3.074244515E8	0.06587837837837837
3.07425042E8	6.631578947368421
3.074256305E8	0.0
3.074262165E8	0.5291095890410958
3.074268005E8	1.8955479452054795
3.074273815E8	0.3408304498269896
3.074279595E8	27.910034602076124
3.07428537E8	0.0
3.07429113E8	0.5078260869565218
3.074296855E8	0.0
3.07430254E8	0.5908289241622575
3.07430819E8	0.2291296625222025
3.074313815E8	0.0
3.074319415E8	0.0
3.07432497E8	0.4448462929475588
3.074330485E8	0.1509090909090909
3.074335975E8	0.2737226277372263
3.074341455E8	18.28102189781022
3.07434693E8	0.09689213893967093
3.0743524E8	0.0
3.074357865E8	1.1538461538461537
3.074363325E8	0.8040293040293041
3.07436878E8	0.1944954128440367
3.07437422E8	0.07550644567219153
3.07437964E8	3.2125693160813307
3.07438504E8	2.675324675324675
3.074390425E8	192.10594795539035
3.07439579E8	0.0
3.074401125E8	0.0
3.07440644E8	0.5103578154425612
3.07441174E8	3.383742911153119
3.074417025E8	0.13446969696969696
3.07442227E8	0.30518234165067176
3.07442747E8	0.06358381502890173
3.07443264E8	344.4834951456311
3.074437785E8	0.1926070038910506
3.0744429E8	0.0
3.07444798E8	1.1854043392504932
3.074453045E8	0.0
3.0744581E8	0.0
3.074463125E8	1.454
3.07446812E8	344.25250501002006
3.074473085E8	0.0708502024291498
3.074478015E8	0.0
3.074482925E8	0.0
3.074487815E8	0.0
3.07449269E8	0.9014373716632443
3.074497555E8	0.07407407407407407
3.07450239E8	0.0
3.0745072E8	0.0
3.07451198E8	0.0
3.074516695E8	0.1623931623931624
3.074521375E8	0.0
3.074526035E8	0.0
3.07453067E8	0.5010799136069114
3.07453528E8	0.23093681917211328
3.07453982E8	0.0
3.074544305E8	0.0
3.074548775E8	0.0
3.07455321E8	0.47845804988662133
3.074557615E8	0.0
3.07456201E8	0.0
3.07456637E8	0.08775981524249422
3.0745707E8	0.09468822170900693
3.07457503E8	0.0
3.07457932E8	0.0
3.07458353E8	1.8513189448441247
3.0745877E8	0.0
3.07459185E8	0.0
3.074595975E8	0.6747572815533981
3.07460009E8	0.0
3.07460419E8	0.8753056234718827
3.074608275E8	1.1568627450980393
3.07461234E8	0.0
3.07461637E8	0.0
3.07462037E8	0.0
3.07462436E8	0.0
3.074628295E8	0.29381443298969073
3.074632175E8	0.0
3.07463604E8	0.3194805194805195
3.074639885E8	0.0
3.074643725E8	0.0
3.07464756E8	0.6657963446475196
3.074651385E8	8.178010471204189
3.0746552E8	0.0
3.074659E8	0.0
3.074662785E8	0.37566137566137564
3.07466655E8	11.946666666666667
3.07467028E8	0.0
3.07467397E8	0.5340599455040872
3.07467764E8	0.1226158038147139
3.074681295E8	0.0
3.074684925E8	0.0
3.074688535E8	8.36111111111111
3.074692125E8	0.0
3.07469565E8	10.573487031700289
3.0746991E8	0.0
3.07470252E8	0.2316715542521994
3.074705915E8	0.0
3.07470929E8	0.0
3.07471266E8	0.0
3.07471601E8	0.0
3.07471933E8	0.9607250755287009
3.074722625E8	0.0
3.0747259E8	0.0
3.07472917E8	0.0
3.074732435E8	0.0
3.07473569E8	0.0
3.07473894E8	0.2246153846153846
3.07474218E8	0.0
3.07474541E8	0.0
3.07474863E8	0.43613707165109034
3.074751825E8	0.0
3.074754995E8	0.0
3.074758155E8	0.0
3.0747613E8	0.0
3.074764425E8	0.0
3.074767535E8	0.0
3.07477063E8	0.1553398058252427
3.07477372E8	0.0
3.074776785E8	1.575657894736842
3.074779805E8	0.0
3.0747828E8	0.0
3.074785785E8	0.0
3.07478873E8	0.0
3.074791635E8	8.13448275862069
3.074794525E8	0.0
3.07479739E8	0.0
3.07480024E8	0.0
3.074803065E8	0.0
3.074805865E8	0.0
3.07480866E8	0.0
3.07481141E8	0.0
3.07481412E8	0.15498154981549817
3.074816825E8	1.3555555555555556
3.0748195E8	0.0
3.07482213E8	0.0
3.074824735E8	0.0
3.074827325E8	0.0
3.074829885E8	0.0
3.074832415E8	8.186507936507937
3.074834925E8	0.0
3.07483741E8	0.0
3.07483986E8	0.0
3.07484227E8	0.0
3.07484466E8	0.0
3.07484705E8	0.0
3.07484943E8	0.21518987341772153
3.074851795E8	0.0
3.074854115E8	0.16666666666666666
3.07485639E8	0.43612334801762115
3.074858655E8	0.5530973451327433
3.074860915E8	0.0
3.074863175E8	0.0
3.07486542E8	0.36771300448430494
3.07486762E8	0.0
3.074869785E8	0.18518518518518517
3.074871945E8	0.32407407407407407
3.07487409E8	0.0
3.07487621E8	0.0
3.0748783E8	0.0
3.074880335E8	0.0
3.07488232E8	0.0
3.07488428E8	0.0
3.074886225E8	1.2216494845360826
3.0748881E8	0.0
3.07488991E8	0.0
3.07489172E8	0.0
3.07489351E8	0.0
3.074895275E8	0.38636363636363635
3.07489703E8	0.0
3.07489878E8	0.0
3.07490053E8	0.0
3.074902265E8	0.0
3.07490395E8	0.0
3.074905575E8	0.0
3.074907135E8	0.0
3.07490864E8	0.0
3.07491012E8	3.1904761904761907
3.074911565E8	0.0
3.07491297E8	0.0
3.074914355E8	0.0
3.074915695E8	0.0
3.074916995E8	0.0
3.074918285E8	0.0
3.074919565E8	0.0
3.07492084E8	0.0
3.07492211E8	0.0
3.07492338E8	0.5669291338582677
3.074924645E8	0.0
3.074925885E8	0.0
3.074927095E8	0.0
3.074928275E8	0.0
3.074929365E8	0.0
3.074930385E8	0.0
3.074931395E8	0.0
3.07493239E8	0.36363636363636365
3.07493338E8	0.0
3.07493436E8	0.0
3.07493525E8	0.0
3.074936035E8	0.0
3.07493678E8	0.0
3.074937455E8	0.0
3.07493806E8	0.0
