#Coverage	Number of genomic locations
0.0	3.0685662E7
1.0	1.1424494E7
2.0	9839688.0
3.0	8856205.0
4.0	8371907.0
5.0	8004319.0
6.0	7731438.0
7.0	7515174.0
8.0	7338852.0
9.0	7159414.0
10.0	6987471.0
11.0	6846871.0
12.0	6678124.0
13.0	6505301.0
14.0	6349422.0
15.0	6178756.0
16.0	6019570.0
17.0	5862296.0
18.0	5711718.0
19.0	5564641.0
20.0	5443380.0
21.0	5321356.0
22.0	5214462.0
23.0	5128929.0
24.0	5059263.0
25.0	4994467.0
26.0	4948682.0
27.0	4895292.0
28.0	4859717.0
29.0	4828948.0
30.0	4794845.0
31.0	4761636.0
32.0	4711703.0
33.0	4643609.0
34.0	4574145.0
35.0	4488241.0
36.0	4373203.0
37.0	4242254.0
38.0	4082323.0
39.0	3905765.0
40.0	3709064.0
41.0	3485428.0
42.0	3259988.0
43.0	3032527.0
44.0	2787699.0
45.0	2547984.0
46.0	2309653.0
47.0	2086446.0
48.0	1871306.0
49.0	1661047.0
50.0	1472413.0
51.0	1302745.0
52.0	1144031.0
53.0	1004048.0
54.0	880572.0
55.0	775401.0
56.0	681373.0
57.0	599867.0
58.0	529164.0
59.0	469872.0
60.0	416332.0
61.0	377388.0
62.0	340044.0
63.0	309498.0
64.0	281581.0
65.0	258636.0
66.0	238213.0
67.0	220012.0
68.0	204548.0
69.0	191443.0
70.0	178968.0
71.0	168367.0
72.0	159118.0
73.0	150037.0
74.0	141638.0
75.0	133980.0
76.0	125816.0
77.0	119001.0
78.0	112249.0
79.0	106314.0
80.0	101078.0
81.0	95734.0
82.0	90389.0
83.0	85961.0
84.0	80483.0
85.0	76045.0
86.0	71961.0
87.0	69414.0
88.0	66481.0
89.0	63141.0
90.0	61045.0
91.0	58129.0
92.0	55430.0
93.0	52621.0
94.0	50675.0
95.0	48489.0
96.0	46724.0
97.0	44618.0
98.0	42183.0
99.0	40354.0
100.0	38397.0
101.0	37057.0
102.0	35862.0
103.0	34314.0
104.0	33116.0
105.0	31016.0
106.0	30029.0
107.0	29011.0
108.0	27860.0
109.0	26713.0
110.0	26067.0
111.0	25408.0
112.0	24302.0
113.0	23133.0
114.0	22328.0
115.0	21408.0
116.0	20579.0
117.0	20104.0
118.0	19390.0
119.0	18973.0
120.0	18339.0
121.0	17588.0
122.0	16895.0
123.0	16197.0
124.0	15734.0
125.0	15400.0
126.0	15019.0
127.0	14468.0
128.0	14042.0
129.0	13653.0
130.0	13316.0
131.0	12733.0
132.0	12429.0
133.0	11898.0
134.0	11548.0
135.0	11127.0
136.0	11161.0
137.0	10570.0
138.0	10500.0
139.0	10042.0
140.0	9930.0
141.0	9511.0
142.0	8972.0
143.0	9042.0
144.0	8665.0
145.0	8381.0
146.0	8293.0
147.0	8165.0
148.0	8209.0
149.0	7901.0
150.0	7727.0
151.0	7319.0
152.0	6934.0
153.0	6846.0
154.0	6610.0
155.0	6446.0
156.0	6144.0
157.0	6122.0
158.0	6056.0
159.0	5938.0
160.0	5799.0
161.0	5541.0
162.0	5377.0
163.0	5334.0
164.0	5389.0
165.0	5175.0
166.0	5089.0
167.0	5009.0
168.0	4832.0
169.0	4925.0
170.0	4630.0
171.0	4709.0
172.0	4588.0
173.0	4433.0
174.0	4503.0
175.0	4319.0
176.0	4269.0
177.0	4194.0
178.0	4131.0
179.0	3884.0
180.0	3898.0
181.0	3958.0
182.0	3760.0
183.0	3882.0
184.0	3688.0
185.0	3644.0
186.0	3607.0
187.0	3428.0
188.0	3398.0
189.0	3324.0
190.0	3288.0
191.0	3165.0
192.0	3114.0
193.0	3154.0
194.0	3153.0
195.0	3142.0
196.0	3065.0
197.0	2779.0
198.0	2751.0
199.0	2819.0
200.0	2716.0
201.0	2572.0
202.0	2542.0
203.0	2547.0
204.0	2650.0
205.0	2626.0
206.0	2439.0
207.0	2414.0
208.0	2417.0
209.0	2357.0
210.0	2280.0
211.0	2103.0
212.0	2129.0
213.0	2247.0
214.0	2163.0
215.0	2111.0
216.0	2115.0
217.0	1999.0
218.0	2103.0
219.0	2003.0
220.0	2001.0
221.0	1931.0
222.0	1837.0
223.0	1794.0
224.0	1835.0
225.0	1753.0
226.0	1661.0
227.0	1683.0
228.0	1701.0
229.0	1715.0
230.0	1677.0
231.0	1733.0
232.0	1668.0
233.0	1640.0
234.0	1628.0
235.0	1610.0
236.0	1518.0
237.0	1640.0
238.0	1529.0
239.0	1509.0
240.0	1521.0
241.0	1510.0
242.0	1481.0
243.0	1426.0
244.0	1456.0
245.0	1454.0
246.0	1443.0
247.0	1384.0
248.0	1429.0
249.0	1305.0
250.0	1306.0
251.0	1260.0
252.0	1283.0
253.0	1345.0
254.0	1292.0
255.0	1186.0
256.0	1243.0
257.0	1194.0
258.0	1200.0
259.0	1214.0
260.0	1217.0
261.0	1170.0
262.0	1198.0
263.0	1141.0
264.0	1187.0
265.0	1230.0
266.0	1184.0
267.0	1234.0
268.0	1179.0
269.0	1156.0
270.0	1201.0
271.0	1205.0
272.0	1179.0
273.0	1154.0
274.0	1117.0
275.0	1139.0
276.0	1151.0
277.0	1126.0
278.0	1138.0
279.0	1071.0
280.0	1192.0
281.0	1200.0
282.0	1111.0
283.0	1116.0
284.0	1145.0
285.0	1142.0
286.0	1126.0
287.0	1141.0
288.0	1033.0
289.0	1029.0
290.0	1043.0
291.0	1113.0
292.0	1038.0
293.0	1050.0
294.0	1075.0
295.0	1029.0
296.0	1038.0
297.0	1030.0
298.0	1035.0
299.0	1090.0
300.0	1028.0
301.0	1043.0
302.0	1026.0
303.0	978.0
304.0	1056.0
305.0	1058.0
306.0	1005.0
307.0	953.0
308.0	1020.0
309.0	1006.0
310.0	1066.0
311.0	1059.0
312.0	968.0
313.0	1004.0
314.0	993.0
315.0	940.0
316.0	929.0
317.0	926.0
318.0	912.0
319.0	920.0
320.0	882.0
321.0	893.0
322.0	839.0
323.0	901.0
324.0	954.0
325.0	902.0
326.0	837.0
327.0	957.0
328.0	812.0
329.0	890.0
330.0	760.0
331.0	768.0
332.0	784.0
333.0	784.0
334.0	803.0
335.0	763.0
336.0	746.0
337.0	736.0
338.0	748.0
339.0	779.0
340.0	769.0
341.0	750.0
342.0	713.0
343.0	749.0
344.0	713.0
345.0	702.0
346.0	713.0
347.0	685.0
348.0	723.0
349.0	693.0
350.0	663.0
351.0	705.0
352.0	649.0
353.0	640.0
354.0	631.0
355.0	633.0
356.0	661.0
357.0	724.0
358.0	645.0
359.0	642.0
360.0	586.0
361.0	608.0
362.0	587.0
363.0	552.0
364.0	552.0
365.0	599.0
366.0	535.0
367.0	576.0
368.0	550.0
369.0	585.0
370.0	534.0
371.0	559.0
372.0	574.0
373.0	518.0
374.0	512.0
375.0	488.0
376.0	496.0
377.0	488.0
378.0	486.0
379.0	483.0
380.0	467.0
381.0	457.0
382.0	461.0
383.0	505.0
384.0	450.0
385.0	495.0
386.0	448.0
387.0	446.0
388.0	480.0
389.0	409.0
390.0	445.0
391.0	452.0
392.0	420.0
393.0	429.0
394.0	436.0
395.0	430.0
396.0	454.0
397.0	431.0
398.0	437.0
399.0	423.0
400.0	409.0
401.0	422.0
402.0	407.0
403.0	389.0
404.0	383.0
405.0	356.0
406.0	323.0
407.0	373.0
408.0	359.0
409.0	347.0
410.0	335.0
411.0	325.0
412.0	346.0
413.0	337.0
414.0	308.0
415.0	377.0
416.0	373.0
417.0	324.0
418.0	350.0
419.0	362.0
420.0	330.0
421.0	322.0
422.0	302.0
423.0	337.0
424.0	280.0
425.0	297.0
426.0	340.0
427.0	313.0
428.0	341.0
429.0	330.0
430.0	322.0
431.0	347.0
432.0	308.0
433.0	348.0
434.0	362.0
435.0	316.0
436.0	304.0
437.0	270.0
438.0	301.0
439.0	286.0
440.0	306.0
441.0	310.0
442.0	303.0
443.0	324.0
444.0	294.0
445.0	282.0
446.0	288.0
447.0	318.0
448.0	284.0
449.0	307.0
450.0	295.0
451.0	287.0
452.0	291.0
453.0	277.0
454.0	279.0
455.0	302.0
456.0	280.0
457.0	272.0
458.0	271.0
459.0	264.0
460.0	271.0
461.0	243.0
462.0	263.0
463.0	220.0
464.0	238.0
465.0	249.0
466.0	240.0
467.0	250.0
468.0	258.0
469.0	260.0
470.0	276.0
471.0	203.0
472.0	208.0
473.0	201.0
474.0	221.0
475.0	206.0
476.0	208.0
477.0	235.0
478.0	221.0
479.0	208.0
480.0	185.0
481.0	206.0
482.0	241.0
483.0	230.0
484.0	210.0
485.0	225.0
486.0	216.0
487.0	216.0
488.0	213.0
489.0	202.0
490.0	250.0
491.0	234.0
492.0	227.0
493.0	241.0
494.0	221.0
495.0	193.0
496.0	210.0
497.0	272.0
498.0	223.0
499.0	188.0
500.0	204.0
501.0	248.0
502.0	206.0
503.0	201.0
504.0	202.0
505.0	220.0
506.0	220.0
507.0	190.0
508.0	231.0
509.0	244.0
510.0	241.0
511.0	212.0
512.0	218.0
513.0	215.0
514.0	219.0
515.0	173.0
516.0	205.0
517.0	187.0
518.0	200.0
519.0	185.0
520.0	163.0
521.0	178.0
522.0	179.0
523.0	142.0
524.0	160.0
525.0	161.0
526.0	176.0
527.0	153.0
528.0	141.0
529.0	176.0
530.0	178.0
531.0	152.0
532.0	137.0
533.0	144.0
534.0	146.0
535.0	140.0
536.0	125.0
537.0	124.0
538.0	123.0
539.0	132.0
540.0	137.0
541.0	144.0
542.0	115.0
543.0	125.0
544.0	128.0
545.0	116.0
546.0	98.0
547.0	109.0
548.0	107.0
549.0	127.0
550.0	115.0
551.0	110.0
552.0	103.0
553.0	118.0
554.0	102.0
555.0	120.0
556.0	115.0
557.0	102.0
558.0	110.0
559.0	107.0
560.0	112.0
561.0	137.0
562.0	119.0
563.0	123.0
564.0	125.0
565.0	118.0
566.0	118.0
567.0	122.0
568.0	119.0
569.0	103.0
570.0	102.0
571.0	110.0
572.0	95.0
573.0	108.0
574.0	126.0
575.0	104.0
576.0	118.0
577.0	112.0
578.0	133.0
579.0	122.0
580.0	118.0
581.0	103.0
582.0	90.0
583.0	113.0
584.0	109.0
585.0	99.0
586.0	98.0
587.0	133.0
588.0	118.0
589.0	103.0
590.0	108.0
591.0	127.0
592.0	102.0
593.0	100.0
594.0	104.0
595.0	111.0
596.0	98.0
597.0	92.0
598.0	117.0
599.0	84.0
600.0	100.0
601.0	106.0
602.0	104.0
603.0	111.0
604.0	104.0
605.0	102.0
606.0	104.0
607.0	93.0
608.0	109.0
609.0	111.0
610.0	101.0
611.0	101.0
612.0	74.0
613.0	95.0
614.0	88.0
615.0	92.0
616.0	81.0
617.0	93.0
618.0	97.0
619.0	77.0
620.0	82.0
621.0	102.0
622.0	84.0
623.0	72.0
624.0	76.0
625.0	92.0
626.0	71.0
627.0	78.0
628.0	72.0
629.0	75.0
630.0	84.0
631.0	88.0
632.0	90.0
633.0	93.0
634.0	61.0
635.0	92.0
636.0	73.0
637.0	101.0
638.0	88.0
639.0	97.0
640.0	69.0
641.0	86.0
642.0	78.0
643.0	89.0
644.0	51.0
645.0	83.0
646.0	75.0
647.0	71.0
648.0	80.0
649.0	79.0
650.0	86.0
651.0	93.0
652.0	78.0
653.0	78.0
654.0	84.0
655.0	82.0
656.0	78.0
657.0	64.0
658.0	79.0
659.0	66.0
660.0	76.0
661.0	80.0
662.0	72.0
663.0	66.0
664.0	66.0
665.0	67.0
666.0	64.0
667.0	77.0
668.0	73.0
669.0	73.0
670.0	64.0
671.0	65.0
672.0	55.0
673.0	88.0
674.0	67.0
675.0	66.0
676.0	64.0
677.0	68.0
678.0	65.0
679.0	72.0
680.0	72.0
681.0	61.0
682.0	57.0
683.0	60.0
684.0	68.0
685.0	76.0
686.0	76.0
687.0	73.0
688.0	93.0
689.0	76.0
690.0	66.0
691.0	71.0
692.0	74.0
693.0	69.0
694.0	71.0
695.0	70.0
696.0	68.0
697.0	59.0
698.0	67.0
699.0	80.0
700.0	57.0
701.0	68.0
702.0	62.0
703.0	76.0
704.0	69.0
705.0	57.0
706.0	77.0
707.0	78.0
708.0	69.0
709.0	56.0
710.0	57.0
711.0	53.0
712.0	77.0
713.0	56.0
714.0	85.0
715.0	58.0
716.0	59.0
717.0	67.0
718.0	62.0
719.0	54.0
720.0	62.0
721.0	56.0
722.0	54.0
723.0	54.0
724.0	48.0
725.0	54.0
726.0	60.0
727.0	59.0
728.0	68.0
729.0	49.0
730.0	39.0
731.0	54.0
732.0	49.0
733.0	50.0
734.0	54.0
735.0	51.0
736.0	52.0
737.0	46.0
738.0	55.0
739.0	67.0
740.0	58.0
741.0	55.0
742.0	64.0
743.0	42.0
744.0	67.0
745.0	53.0
746.0	62.0
747.0	49.0
748.0	54.0
749.0	44.0
750.0	60.0
751.0	48.0
752.0	57.0
753.0	64.0
754.0	52.0
755.0	57.0
756.0	50.0
757.0	40.0
758.0	58.0
759.0	49.0
760.0	56.0
761.0	48.0
762.0	51.0
763.0	63.0
764.0	58.0
765.0	54.0
766.0	51.0
767.0	63.0
768.0	51.0
769.0	48.0
770.0	74.0
771.0	49.0
772.0	68.0
773.0	63.0
774.0	57.0
775.0	65.0
776.0	59.0
777.0	49.0
778.0	55.0
779.0	60.0
780.0	57.0
781.0	56.0
782.0	59.0
783.0	44.0
784.0	52.0
785.0	55.0
786.0	66.0
787.0	72.0
788.0	50.0
789.0	35.0
790.0	45.0
791.0	49.0
792.0	51.0
793.0	54.0
794.0	44.0
795.0	48.0
796.0	46.0
797.0	55.0
798.0	53.0
799.0	55.0
800.0	51.0
801.0	48.0
802.0	56.0
803.0	63.0
804.0	49.0
805.0	65.0
806.0	56.0
807.0	63.0
808.0	45.0
809.0	54.0
810.0	54.0
811.0	55.0
812.0	66.0
813.0	51.0
814.0	55.0
815.0	50.0
816.0	52.0
817.0	63.0
818.0	48.0
819.0	55.0
820.0	51.0
821.0	42.0
822.0	53.0
823.0	49.0
824.0	50.0
825.0	56.0
826.0	44.0
827.0	41.0
828.0	49.0
829.0	43.0
830.0	43.0
831.0	51.0
832.0	47.0
833.0	46.0
834.0	40.0
835.0	54.0
836.0	63.0
837.0	41.0
838.0	53.0
839.0	51.0
840.0	54.0
841.0	50.0
842.0	54.0
843.0	48.0
844.0	37.0
845.0	48.0
846.0	45.0
847.0	58.0
848.0	51.0
849.0	45.0
850.0	41.0
851.0	49.0
852.0	51.0
853.0	48.0
854.0	43.0
855.0	50.0
856.0	57.0
857.0	61.0
858.0	41.0
859.0	48.0
860.0	55.0
861.0	40.0
862.0	51.0
863.0	56.0
864.0	41.0
865.0	56.0
866.0	55.0
867.0	44.0
868.0	51.0
869.0	41.0
870.0	61.0
871.0	60.0
872.0	57.0
873.0	52.0
874.0	49.0
875.0	52.0
876.0	41.0
877.0	47.0
878.0	57.0
879.0	62.0
880.0	53.0
881.0	54.0
882.0	37.0
883.0	50.0
884.0	52.0
885.0	54.0
886.0	30.0
887.0	36.0
888.0	52.0
889.0	45.0
890.0	45.0
891.0	42.0
892.0	41.0
893.0	37.0
894.0	34.0
895.0	47.0
896.0	48.0
897.0	29.0
898.0	34.0
899.0	49.0
900.0	44.0
901.0	41.0
902.0	34.0
903.0	33.0
904.0	41.0
905.0	36.0
906.0	41.0
907.0	29.0
908.0	57.0
909.0	42.0
910.0	47.0
911.0	34.0
912.0	39.0
913.0	37.0
914.0	53.0
915.0	49.0
916.0	66.0
917.0	44.0
918.0	52.0
919.0	45.0
920.0	38.0
921.0	46.0
922.0	50.0
923.0	57.0
924.0	39.0
925.0	46.0
926.0	39.0
927.0	47.0
928.0	45.0
929.0	50.0
930.0	43.0
931.0	46.0
932.0	52.0
933.0	47.0
934.0	35.0
935.0	47.0
936.0	48.0
937.0	33.0
938.0	41.0
939.0	48.0
940.0	39.0
941.0	40.0
942.0	40.0
943.0	38.0
944.0	43.0
945.0	50.0
946.0	37.0
947.0	43.0
948.0	37.0
949.0	25.0
950.0	38.0
951.0	43.0
952.0	53.0
953.0	48.0
954.0	40.0
955.0	37.0
956.0	34.0
957.0	43.0
958.0	34.0
959.0	38.0
960.0	48.0
961.0	42.0
962.0	47.0
963.0	42.0
964.0	34.0
965.0	45.0
966.0	40.0
967.0	40.0
968.0	50.0
969.0	44.0
970.0	35.0
971.0	37.0
972.0	47.0
973.0	43.0
974.0	31.0
975.0	39.0
976.0	33.0
977.0	34.0
978.0	43.0
979.0	27.0
980.0	30.0
981.0	41.0
982.0	31.0
983.0	33.0
984.0	33.0
985.0	36.0
986.0	35.0
987.0	30.0
988.0	25.0
989.0	30.0
990.0	33.0
991.0	30.0
992.0	38.0
993.0	38.0
994.0	38.0
995.0	32.0
996.0	32.0
997.0	34.0
998.0	37.0
999.0	30.0
1000.0	41.0
1001.0	35.0
1002.0	35.0
1003.0	33.0
1004.0	32.0
1005.0	24.0
1006.0	30.0
1007.0	32.0
1008.0	39.0
1009.0	29.0
1010.0	28.0
1011.0	30.0
1012.0	15.0
1013.0	19.0
1014.0	20.0
1015.0	29.0
1016.0	20.0
1017.0	29.0
1018.0	22.0
1019.0	28.0
1020.0	27.0
1021.0	23.0
1022.0	23.0
1023.0	21.0
1024.0	23.0
1025.0	32.0
1026.0	21.0
1027.0	21.0
1028.0	17.0
1029.0	17.0
1030.0	25.0
1031.0	19.0
1032.0	20.0
1033.0	17.0
1034.0	20.0
1035.0	20.0
1036.0	27.0
1037.0	22.0
1038.0	23.0
1039.0	12.0
1040.0	22.0
1041.0	18.0
1042.0	24.0
1043.0	24.0
1044.0	25.0
1045.0	19.0
1046.0	24.0
1047.0	26.0
1048.0	32.0
1049.0	26.0
1050.0	27.0
1051.0	25.0
1052.0	26.0
1053.0	28.0
1054.0	27.0
1055.0	15.0
1056.0	18.0
1057.0	24.0
1058.0	26.0
1059.0	24.0
1060.0	23.0
1061.0	22.0
1062.0	36.0
1063.0	19.0
1064.0	20.0
1065.0	16.0
1066.0	30.0
1067.0	21.0
1068.0	17.0
1069.0	13.0
1070.0	22.0
1071.0	11.0
1072.0	31.0
1073.0	27.0
1074.0	17.0
1075.0	34.0
1076.0	29.0
1077.0	26.0
1078.0	17.0
1079.0	17.0
1080.0	23.0
1081.0	23.0
1082.0	16.0
1083.0	25.0
1084.0	24.0
1085.0	31.0
1086.0	19.0
1087.0	15.0
1088.0	20.0
1089.0	23.0
1090.0	17.0
1091.0	20.0
1092.0	19.0
1093.0	29.0
1094.0	24.0
1095.0	16.0
1096.0	30.0
1097.0	25.0
1098.0	28.0
1099.0	27.0
1100.0	25.0
1101.0	27.0
1102.0	22.0
1103.0	26.0
1104.0	25.0
1105.0	27.0
1106.0	25.0
1107.0	30.0
1108.0	15.0
1109.0	18.0
1110.0	14.0
1111.0	27.0
1112.0	29.0
1113.0	33.0
1114.0	36.0
1115.0	44.0
1116.0	22.0
1117.0	22.0
1118.0	23.0
1119.0	21.0
1120.0	32.0
1121.0	13.0
1122.0	39.0
1123.0	31.0
1124.0	26.0
1125.0	38.0
1126.0	21.0
1127.0	28.0
1128.0	22.0
1129.0	26.0
1130.0	23.0
1131.0	31.0
1132.0	25.0
1133.0	18.0
1134.0	33.0
1135.0	25.0
1136.0	25.0
1137.0	28.0
1138.0	17.0
1139.0	33.0
1140.0	35.0
1141.0	29.0
1142.0	28.0
1143.0	28.0
1144.0	36.0
1145.0	23.0
1146.0	28.0
1147.0	30.0
1148.0	47.0
1149.0	37.0
1150.0	27.0
1151.0	37.0
1152.0	30.0
1153.0	26.0
1154.0	32.0
1155.0	37.0
1156.0	29.0
1157.0	36.0
1158.0	28.0
1159.0	37.0
1160.0	31.0
1161.0	25.0
1162.0	28.0
1163.0	24.0
1164.0	33.0
1165.0	30.0
1166.0	25.0
1167.0	32.0
1168.0	32.0
1169.0	26.0
1170.0	31.0
1171.0	31.0
1172.0	28.0
1173.0	35.0
1174.0	34.0
1175.0	36.0
1176.0	38.0
1177.0	39.0
1178.0	35.0
1179.0	33.0
1180.0	38.0
1181.0	36.0
1182.0	26.0
1183.0	17.0
1184.0	19.0
1185.0	26.0
1186.0	25.0
1187.0	26.0
1188.0	31.0
1189.0	29.0
1190.0	19.0
1191.0	21.0
1192.0	24.0
1193.0	20.0
1194.0	17.0
1195.0	23.0
1196.0	29.0
1197.0	19.0
1198.0	26.0
1199.0	23.0
1200.0	30.0
1201.0	27.0
1202.0	30.0
1203.0	26.0
1204.0	16.0
1205.0	22.0
1206.0	21.0
1207.0	23.0
1208.0	21.0
1209.0	20.0
1210.0	30.0
1211.0	10.0
1212.0	26.0
1213.0	26.0
1214.0	20.0
1215.0	16.0
1216.0	19.0
1217.0	31.0
1218.0	30.0
1219.0	31.0
1220.0	22.0
1221.0	23.0
1222.0	29.0
1223.0	21.0
1224.0	13.0
1225.0	24.0
1226.0	17.0
1227.0	20.0
1228.0	14.0
1229.0	24.0
1230.0	15.0
1231.0	17.0
1232.0	20.0
1233.0	22.0
1234.0	20.0
1235.0	17.0
1236.0	15.0
1237.0	16.0
1238.0	22.0
1239.0	22.0
1240.0	20.0
1241.0	30.0
1242.0	15.0
1243.0	15.0
1244.0	25.0
1245.0	22.0
1246.0	18.0
1247.0	18.0
1248.0	19.0
1249.0	12.0
1250.0	17.0
1251.0	15.0
1252.0	20.0
1253.0	19.0
1254.0	29.0
1255.0	16.0
1256.0	21.0
1257.0	19.0
1258.0	23.0
1259.0	19.0
1260.0	21.0
1261.0	17.0
1262.0	31.0
1263.0	11.0
1264.0	27.0
1265.0	23.0
1266.0	17.0
1267.0	20.0
1268.0	16.0
1269.0	20.0
1270.0	19.0
1271.0	24.0
1272.0	19.0
1273.0	27.0
1274.0	14.0
1275.0	26.0
1276.0	29.0
1277.0	16.0
1278.0	30.0
1279.0	31.0
1280.0	19.0
1281.0	15.0
1282.0	23.0
1283.0	17.0
1284.0	17.0
1285.0	29.0
1286.0	24.0
1287.0	17.0
1288.0	23.0
1289.0	19.0
1290.0	19.0
1291.0	22.0
1292.0	25.0
1293.0	18.0
1294.0	17.0
1295.0	28.0
1296.0	16.0
1297.0	27.0
1298.0	23.0
1299.0	16.0
1300.0	18.0
1301.0	21.0
1302.0	15.0
1303.0	26.0
1304.0	29.0
1305.0	17.0
1306.0	16.0
1307.0	19.0
1308.0	22.0
1309.0	23.0
1310.0	27.0
1311.0	22.0
1312.0	24.0
1313.0	20.0
1314.0	21.0
1315.0	14.0
1316.0	20.0
1317.0	14.0
1318.0	18.0
1319.0	23.0
1320.0	21.0
1321.0	24.0
1322.0	24.0
1323.0	21.0
1324.0	24.0
1325.0	22.0
1326.0	17.0
1327.0	21.0
1328.0	23.0
1329.0	30.0
1330.0	24.0
1331.0	30.0
1332.0	24.0
1333.0	13.0
1334.0	18.0
1335.0	22.0
1336.0	23.0
1337.0	22.0
1338.0	24.0
1339.0	24.0
1340.0	19.0
1341.0	21.0
1342.0	20.0
1343.0	28.0
1344.0	23.0
1345.0	28.0
1346.0	26.0
1347.0	19.0
1348.0	27.0
1349.0	13.0
1350.0	19.0
1351.0	26.0
1352.0	32.0
1353.0	19.0
1354.0	31.0
1355.0	28.0
1356.0	28.0
1357.0	25.0
1358.0	25.0
1359.0	28.0
1360.0	27.0
1361.0	28.0
1362.0	35.0
1363.0	30.0
1364.0	28.0
1365.0	32.0
1366.0	25.0
1367.0	24.0
1368.0	22.0
1369.0	28.0
1370.0	28.0
1371.0	24.0
1372.0	27.0
1373.0	32.0
1374.0	25.0
1375.0	24.0
1376.0	19.0
1377.0	33.0
1378.0	19.0
1379.0	24.0
1380.0	27.0
1381.0	27.0
1382.0	28.0
1383.0	21.0
1384.0	27.0
1385.0	17.0
1386.0	37.0
1387.0	27.0
1388.0	25.0
1389.0	28.0
1390.0	29.0
1391.0	21.0
1392.0	23.0
1393.0	26.0
1394.0	36.0
1395.0	29.0
1396.0	25.0
1397.0	24.0
1398.0	27.0
1399.0	23.0
1400.0	30.0
1401.0	31.0
1402.0	27.0
1403.0	24.0
1404.0	26.0
1405.0	46.0
1406.0	24.0
1407.0	23.0
1408.0	26.0
1409.0	25.0
1410.0	21.0
1411.0	19.0
1412.0	28.0
1413.0	29.0
1414.0	19.0
1415.0	20.0
1416.0	19.0
1417.0	21.0
1418.0	23.0
1419.0	21.0
1420.0	25.0
1421.0	29.0
1422.0	21.0
1423.0	22.0
1424.0	13.0
1425.0	23.0
1426.0	24.0
1427.0	18.0
1428.0	26.0
1429.0	23.0
1430.0	19.0
1431.0	23.0
1432.0	21.0
1433.0	21.0
1434.0	22.0
1435.0	18.0
1436.0	25.0
1437.0	15.0
1438.0	24.0
1439.0	22.0
1440.0	20.0
1441.0	24.0
1442.0	16.0
1443.0	17.0
1444.0	21.0
1445.0	18.0
1446.0	18.0
1447.0	14.0
1448.0	25.0
1449.0	18.0
1450.0	9.0
1451.0	17.0
1452.0	15.0
1453.0	27.0
1454.0	19.0
1455.0	23.0
1456.0	19.0
1457.0	17.0
1458.0	14.0
1459.0	20.0
1460.0	13.0
1461.0	16.0
1462.0	27.0
1463.0	19.0
1464.0	21.0
1465.0	14.0
1466.0	13.0
1467.0	16.0
1468.0	17.0
1469.0	24.0
1470.0	23.0
1471.0	22.0
1472.0	18.0
1473.0	17.0
1474.0	19.0
1475.0	23.0
1476.0	16.0
1477.0	13.0
1478.0	14.0
1479.0	20.0
1480.0	24.0
1481.0	9.0
1482.0	16.0
1483.0	20.0
1484.0	14.0
1485.0	18.0
1486.0	10.0
1487.0	15.0
1488.0	10.0
1489.0	20.0
1490.0	18.0
1491.0	11.0
1492.0	14.0
1493.0	15.0
1494.0	19.0
1495.0	15.0
1496.0	11.0
1497.0	18.0
1498.0	11.0
1499.0	14.0
1500.0	18.0
1501.0	14.0
1502.0	10.0
1503.0	13.0
1504.0	17.0
1505.0	20.0
1506.0	12.0
1507.0	11.0
1508.0	19.0
1509.0	14.0
1510.0	22.0
1511.0	13.0
1512.0	11.0
1513.0	14.0
1514.0	10.0
1515.0	15.0
1516.0	12.0
1517.0	18.0
1518.0	13.0
1519.0	14.0
1520.0	14.0
1521.0	18.0
1522.0	9.0
1523.0	12.0
1524.0	17.0
1525.0	11.0
1526.0	11.0
1527.0	16.0
1528.0	19.0
1529.0	22.0
1530.0	14.0
1531.0	18.0
1532.0	18.0
1533.0	13.0
1534.0	11.0
1535.0	19.0
1536.0	16.0
1537.0	18.0
1538.0	13.0
1539.0	17.0
1540.0	7.0
1541.0	14.0
1542.0	14.0
1543.0	16.0
1544.0	17.0
1545.0	15.0
1546.0	20.0
1547.0	11.0
1548.0	15.0
1549.0	14.0
1550.0	14.0
1551.0	17.0
1552.0	15.0
1553.0	19.0
1554.0	13.0
1555.0	20.0
1556.0	15.0
1557.0	16.0
1558.0	21.0
1559.0	16.0
1560.0	17.0
1561.0	11.0
1562.0	16.0
1563.0	13.0
1564.0	19.0
1565.0	17.0
1566.0	14.0
1567.0	16.0
1568.0	18.0
1569.0	17.0
1570.0	11.0
1571.0	21.0
1572.0	12.0
1573.0	16.0
1574.0	24.0
1575.0	18.0
1576.0	17.0
1577.0	11.0
1578.0	18.0
1579.0	19.0
1580.0	19.0
1581.0	18.0
1582.0	11.0
1583.0	21.0
1584.0	19.0
1585.0	14.0
1586.0	22.0
1587.0	13.0
1588.0	21.0
1589.0	9.0
1590.0	17.0
1591.0	18.0
1592.0	21.0
1593.0	15.0
1594.0	19.0
1595.0	17.0
1596.0	22.0
1597.0	30.0
1598.0	15.0
1599.0	21.0
1600.0	20.0
1601.0	16.0
1602.0	26.0
1603.0	21.0
1604.0	23.0
1605.0	23.0
1606.0	15.0
1607.0	24.0
1608.0	16.0
1609.0	17.0
1610.0	10.0
1611.0	25.0
1612.0	18.0
1613.0	15.0
1614.0	28.0
1615.0	17.0
1616.0	16.0
1617.0	20.0
1618.0	16.0
1619.0	16.0
1620.0	15.0
1621.0	22.0
1622.0	18.0
1623.0	22.0
1624.0	19.0
1625.0	19.0
1626.0	27.0
1627.0	25.0
1628.0	19.0
1629.0	18.0
1630.0	14.0
1631.0	19.0
1632.0	26.0
1633.0	20.0
1634.0	24.0
1635.0	15.0
1636.0	20.0
1637.0	25.0
1638.0	25.0
1639.0	23.0
1640.0	15.0
1641.0	21.0
1642.0	17.0
1643.0	20.0
1644.0	18.0
1645.0	15.0
1646.0	20.0
1647.0	13.0
1648.0	22.0
1649.0	17.0
1650.0	18.0
1651.0	15.0
1652.0	15.0
1653.0	19.0
1654.0	20.0
1655.0	15.0
1656.0	16.0
1657.0	22.0
1658.0	22.0
1659.0	16.0
1660.0	17.0
1661.0	18.0
1662.0	15.0
1663.0	17.0
1664.0	21.0
1665.0	18.0
1666.0	21.0
1667.0	20.0
1668.0	15.0
1669.0	28.0
1670.0	28.0
1671.0	18.0
1672.0	13.0
1673.0	17.0
1674.0	18.0
1675.0	13.0
1676.0	16.0
1677.0	18.0
1678.0	11.0
1679.0	7.0
1680.0	24.0
1681.0	17.0
1682.0	14.0
1683.0	20.0
1684.0	19.0
1685.0	24.0
1686.0	12.0
1687.0	18.0
1688.0	11.0
1689.0	11.0
1690.0	21.0
1691.0	13.0
1692.0	13.0
1693.0	16.0
1694.0	19.0
1695.0	25.0
1696.0	13.0
1697.0	15.0
1698.0	15.0
1699.0	22.0
1700.0	12.0
1701.0	17.0
1702.0	17.0
1703.0	19.0
1704.0	21.0
1705.0	19.0
1706.0	17.0
1707.0	15.0
1708.0	20.0
1709.0	13.0
1710.0	20.0
1711.0	17.0
1712.0	19.0
1713.0	18.0
1714.0	16.0
1715.0	18.0
1716.0	17.0
1717.0	20.0
1718.0	16.0
1719.0	21.0
1720.0	20.0
1721.0	16.0
1722.0	22.0
1723.0	15.0
1724.0	11.0
1725.0	10.0
1726.0	13.0
1727.0	13.0
1728.0	15.0
1729.0	14.0
1730.0	7.0
1731.0	12.0
1732.0	16.0
1733.0	14.0
1734.0	17.0
1735.0	14.0
1736.0	19.0
1737.0	10.0
1738.0	16.0
1739.0	14.0
1740.0	17.0
1741.0	13.0
1742.0	18.0
1743.0	11.0
1744.0	12.0
1745.0	13.0
1746.0	14.0
1747.0	10.0
1748.0	10.0
1749.0	10.0
1750.0	15.0
1751.0	5.0
1752.0	13.0
1753.0	13.0
1754.0	15.0
1755.0	16.0
1756.0	10.0
1757.0	7.0
1758.0	8.0
1759.0	8.0
1760.0	9.0
1761.0	7.0
1762.0	9.0
1763.0	4.0
1764.0	14.0
1765.0	8.0
1766.0	13.0
1767.0	9.0
1768.0	13.0
1769.0	14.0
1770.0	18.0
1771.0	14.0
1772.0	12.0
1773.0	12.0
1774.0	14.0
1775.0	9.0
1776.0	12.0
1777.0	6.0
1778.0	14.0
1779.0	9.0
1780.0	16.0
1781.0	14.0
1782.0	16.0
1783.0	17.0
1784.0	11.0
1785.0	10.0
1786.0	15.0
1787.0	11.0
1788.0	9.0
1789.0	9.0
1790.0	16.0
1791.0	8.0
1792.0	11.0
1793.0	17.0
1794.0	12.0
1795.0	12.0
1796.0	14.0
1797.0	13.0
1798.0	15.0
1799.0	20.0
1800.0	12.0
1801.0	10.0
1802.0	18.0
1803.0	7.0
1804.0	12.0
1805.0	6.0
1806.0	15.0
1807.0	12.0
1808.0	7.0
1809.0	9.0
1810.0	20.0
1811.0	12.0
1812.0	6.0
1813.0	10.0
1814.0	9.0
1815.0	10.0
1816.0	10.0
1817.0	10.0
1818.0	18.0
1819.0	12.0
1820.0	10.0
1821.0	13.0
1822.0	14.0
1823.0	13.0
1824.0	9.0
1825.0	6.0
1826.0	9.0
1827.0	8.0
1828.0	13.0
1829.0	10.0
1830.0	10.0
1831.0	4.0
1832.0	13.0
1833.0	8.0
1834.0	16.0
1835.0	8.0
1836.0	10.0
1837.0	10.0
1838.0	11.0
1839.0	17.0
1840.0	3.0
1841.0	11.0
1842.0	12.0
1843.0	10.0
1844.0	9.0
1845.0	13.0
1846.0	11.0
1847.0	5.0
1848.0	11.0
1849.0	10.0
1850.0	9.0
1851.0	10.0
1852.0	8.0
1853.0	6.0
1854.0	17.0
1855.0	8.0
1856.0	8.0
1857.0	8.0
1858.0	10.0
1859.0	10.0
1860.0	8.0
1861.0	15.0
1862.0	7.0
1863.0	9.0
1864.0	8.0
1865.0	8.0
1866.0	8.0
1867.0	7.0
1868.0	13.0
1869.0	11.0
1870.0	15.0
1871.0	8.0
1872.0	9.0
1873.0	7.0
1874.0	5.0
1875.0	14.0
1876.0	7.0
1877.0	8.0
1878.0	9.0
1879.0	9.0
1880.0	13.0
1881.0	14.0
1882.0	11.0
1883.0	7.0
1884.0	9.0
1885.0	11.0
1886.0	8.0
1887.0	7.0
1888.0	9.0
1889.0	7.0
1890.0	11.0
1891.0	4.0
1892.0	10.0
1893.0	10.0
1894.0	6.0
1895.0	7.0
1896.0	11.0
1897.0	7.0
1898.0	5.0
1899.0	9.0
1900.0	7.0
1901.0	12.0
1902.0	8.0
1903.0	7.0
1904.0	3.0
1905.0	11.0
1906.0	8.0
1907.0	11.0
1908.0	8.0
1909.0	11.0
1910.0	9.0
1911.0	13.0
1912.0	6.0
1913.0	11.0
1914.0	15.0
1915.0	6.0
1916.0	3.0
1917.0	6.0
1918.0	8.0
1919.0	10.0
1920.0	8.0
1921.0	6.0
1922.0	8.0
1923.0	6.0
1924.0	10.0
1925.0	10.0
1926.0	6.0
1927.0	11.0
1928.0	12.0
1929.0	4.0
1930.0	3.0
1931.0	7.0
1932.0	9.0
1933.0	9.0
1934.0	8.0
1935.0	3.0
1936.0	4.0
1937.0	13.0
1938.0	6.0
1939.0	5.0
1940.0	12.0
1941.0	8.0
1942.0	4.0
1943.0	10.0
1944.0	4.0
1945.0	17.0
1946.0	2.0
1947.0	12.0
1948.0	15.0
1949.0	10.0
1950.0	7.0
1951.0	13.0
1952.0	10.0
1953.0	8.0
1954.0	12.0
1955.0	14.0
1956.0	9.0
1957.0	8.0
1958.0	9.0
1959.0	8.0
1960.0	9.0
1961.0	8.0
1962.0	4.0
1963.0	5.0
1964.0	7.0
1965.0	8.0
1966.0	13.0
1967.0	9.0
1968.0	9.0
1969.0	9.0
1970.0	10.0
1971.0	11.0
1972.0	8.0
1973.0	6.0
1974.0	9.0
1975.0	8.0
1976.0	7.0
1977.0	8.0
1978.0	5.0
1979.0	12.0
1980.0	3.0
1981.0	4.0
1982.0	10.0
1983.0	6.0
1984.0	10.0
1985.0	6.0
1986.0	7.0
1987.0	9.0
1988.0	9.0
1989.0	13.0
1990.0	3.0
1991.0	9.0
1992.0	13.0
1993.0	8.0
1994.0	12.0
1995.0	4.0
1996.0	5.0
1997.0	12.0
1998.0	1.0
1999.0	4.0
2000.0	14.0
2001.0	11.0
2002.0	6.0
2003.0	11.0
2004.0	12.0
2005.0	7.0
2006.0	11.0
2007.0	14.0
2008.0	15.0
2009.0	12.0
2010.0	13.0
2011.0	14.0
2012.0	11.0
2013.0	7.0
2014.0	8.0
2015.0	7.0
2016.0	8.0
2017.0	8.0
2018.0	10.0
2019.0	5.0
2020.0	14.0
2021.0	11.0
2022.0	9.0
2023.0	13.0
2024.0	18.0
2025.0	6.0
2026.0	6.0
2027.0	8.0
2028.0	9.0
2029.0	6.0
2030.0	11.0
2031.0	8.0
2032.0	16.0
2033.0	7.0
2034.0	6.0
2035.0	13.0
2036.0	13.0
2037.0	7.0
2038.0	9.0
2039.0	8.0
2040.0	10.0
2041.0	13.0
2042.0	13.0
2043.0	9.0
2044.0	6.0
2045.0	7.0
2046.0	12.0
2047.0	14.0
2048.0	12.0
2049.0	7.0
2050.0	17.0
2051.0	9.0
2052.0	11.0
2053.0	6.0
2054.0	9.0
2055.0	13.0
2056.0	10.0
2057.0	6.0
2058.0	10.0
2059.0	6.0
2060.0	8.0
2061.0	10.0
2062.0	10.0
2063.0	12.0
2064.0	7.0
2065.0	6.0
2066.0	12.0
2067.0	9.0
2068.0	15.0
2069.0	12.0
2070.0	14.0
2071.0	16.0
2072.0	11.0
2073.0	12.0
2074.0	13.0
2075.0	6.0
2076.0	12.0
2077.0	16.0
2078.0	7.0
2079.0	16.0
2080.0	10.0
2081.0	13.0
2082.0	9.0
2083.0	8.0
2084.0	10.0
2085.0	12.0
2086.0	14.0
2087.0	9.0
2088.0	14.0
2089.0	15.0
2090.0	4.0
2091.0	15.0
2092.0	18.0
2093.0	11.0
2094.0	13.0
2095.0	14.0
2096.0	11.0
2097.0	10.0
2098.0	12.0
2099.0	13.0
2100.0	10.0
2101.0	9.0
2102.0	10.0
2103.0	9.0
2104.0	12.0
2105.0	9.0
2106.0	14.0
2107.0	16.0
2108.0	9.0
2109.0	11.0
2110.0	8.0
2111.0	12.0
2112.0	21.0
2113.0	12.0
2114.0	16.0
2115.0	13.0
2116.0	9.0
2117.0	8.0
2118.0	11.0
2119.0	8.0
2120.0	15.0
2121.0	12.0
2122.0	12.0
2123.0	8.0
2124.0	8.0
2125.0	6.0
2126.0	5.0
2127.0	7.0
2128.0	13.0
2129.0	14.0
2130.0	13.0
2131.0	11.0
2132.0	12.0
2133.0	9.0
2134.0	13.0
2135.0	11.0
2136.0	9.0
2137.0	9.0
2138.0	6.0
2139.0	5.0
2140.0	7.0
2141.0	9.0
2142.0	3.0
2143.0	6.0
2144.0	8.0
2145.0	7.0
2146.0	8.0
2147.0	5.0
2148.0	8.0
2149.0	7.0
2150.0	6.0
2151.0	11.0
2152.0	9.0
2153.0	6.0
2154.0	10.0
2155.0	16.0
2156.0	10.0
2157.0	7.0
2158.0	8.0
2159.0	8.0
2160.0	5.0
2161.0	11.0
2162.0	6.0
2163.0	11.0
2164.0	5.0
2165.0	9.0
2166.0	11.0
2167.0	9.0
2168.0	3.0
2169.0	6.0
2170.0	7.0
2171.0	8.0
2172.0	10.0
2173.0	6.0
2174.0	5.0
2175.0	4.0
2176.0	8.0
2177.0	5.0
2178.0	6.0
2179.0	5.0
2180.0	2.0
2181.0	11.0
2182.0	7.0
2183.0	8.0
2184.0	7.0
2185.0	9.0
2186.0	4.0
2187.0	7.0
2188.0	6.0
2189.0	8.0
2190.0	12.0
2191.0	9.0
2192.0	8.0
2193.0	4.0
2194.0	6.0
2195.0	4.0
2196.0	9.0
2197.0	5.0
2198.0	7.0
2199.0	5.0
2200.0	6.0
2201.0	5.0
2202.0	5.0
2203.0	6.0
2204.0	12.0
2205.0	9.0
2206.0	5.0
2207.0	1.0
2208.0	4.0
2209.0	5.0
2210.0	9.0
2211.0	9.0
2212.0	4.0
2213.0	4.0
2214.0	5.0
2216.0	4.0
2217.0	4.0
2218.0	4.0
2219.0	3.0
2220.0	3.0
2221.0	2.0
2222.0	5.0
2223.0	3.0
2224.0	6.0
2225.0	3.0
2226.0	3.0
2227.0	6.0
2228.0	3.0
2229.0	5.0
2230.0	5.0
2231.0	2.0
2232.0	4.0
2233.0	6.0
2234.0	5.0
2235.0	5.0
2237.0	3.0
2238.0	2.0
2239.0	7.0
2240.0	3.0
2241.0	2.0
2242.0	4.0
2243.0	7.0
2244.0	8.0
2245.0	3.0
2246.0	2.0
2247.0	2.0
2248.0	2.0
2249.0	3.0
2250.0	3.0
2251.0	4.0
2252.0	1.0
2253.0	4.0
2254.0	5.0
2255.0	3.0
2256.0	10.0
2257.0	3.0
2258.0	4.0
2259.0	2.0
2260.0	3.0
2261.0	4.0
2262.0	1.0
2263.0	3.0
2264.0	6.0
2265.0	6.0
2266.0	2.0
2267.0	4.0
2268.0	4.0
2269.0	4.0
2270.0	8.0
2271.0	7.0
2272.0	3.0
2273.0	3.0
2274.0	6.0
2275.0	3.0
2276.0	2.0
2277.0	4.0
2278.0	4.0
2279.0	5.0
2280.0	5.0
2281.0	3.0
2282.0	9.0
2283.0	2.0
2284.0	4.0
2285.0	4.0
2286.0	7.0
2287.0	4.0
2289.0	3.0
2290.0	4.0
2291.0	5.0
2292.0	9.0
2293.0	7.0
2294.0	4.0
2295.0	3.0
2296.0	9.0
2297.0	5.0
2298.0	3.0
2299.0	5.0
2300.0	6.0
2301.0	3.0
2303.0	4.0
2304.0	6.0
2305.0	6.0
2306.0	2.0
2307.0	3.0
2308.0	5.0
2309.0	5.0
2310.0	3.0
2311.0	1.0
2312.0	1.0
2313.0	3.0
2314.0	2.0
2315.0	5.0
2316.0	8.0
2317.0	3.0
2318.0	7.0
2319.0	7.0
2320.0	8.0
2321.0	8.0
2322.0	8.0
2323.0	13.0
2324.0	7.0
2325.0	2.0
2326.0	1.0
2327.0	2.0
2328.0	3.0
2329.0	3.0
2330.0	6.0
2331.0	1.0
2332.0	2.0
2333.0	1.0
2334.0	2.0
2335.0	1.0
2337.0	3.0
2338.0	4.0
2339.0	3.0
2340.0	3.0
2341.0	2.0
2342.0	4.0
2343.0	2.0
2344.0	3.0
2345.0	4.0
2346.0	2.0
2347.0	4.0
2348.0	2.0
2349.0	1.0
2350.0	8.0
2351.0	4.0
2352.0	3.0
2353.0	2.0
2354.0	5.0
2355.0	5.0
2356.0	1.0
2357.0	4.0
2358.0	3.0
2359.0	4.0
2360.0	6.0
2361.0	5.0
2362.0	3.0
2363.0	3.0
2364.0	2.0
2365.0	2.0
2366.0	1.0
2367.0	1.0
2368.0	1.0
2369.0	4.0
2370.0	6.0
2372.0	4.0
2374.0	2.0
2375.0	4.0
2376.0	2.0
2377.0	1.0
2379.0	5.0
2380.0	2.0
2381.0	3.0
2382.0	6.0
2383.0	2.0
2384.0	4.0
2385.0	1.0
2386.0	1.0
2387.0	3.0
2388.0	4.0
2389.0	3.0
2390.0	2.0
2391.0	2.0
2392.0	2.0
2393.0	6.0
2394.0	2.0
2395.0	4.0
2396.0	3.0
2397.0	5.0
2399.0	3.0
2400.0	2.0
2401.0	2.0
2402.0	3.0
2403.0	4.0
2404.0	4.0
2405.0	2.0
2406.0	1.0
2407.0	3.0
2408.0	1.0
2409.0	2.0
2410.0	4.0
2411.0	6.0
2412.0	1.0
2413.0	1.0
2414.0	4.0
2415.0	3.0
2416.0	4.0
2417.0	4.0
2418.0	2.0
2419.0	1.0
2420.0	4.0
2421.0	2.0
2422.0	4.0
2423.0	3.0
2424.0	6.0
2425.0	1.0
2426.0	3.0
2427.0	1.0
2428.0	5.0
2429.0	3.0
2430.0	2.0
2431.0	6.0
2432.0	4.0
2433.0	6.0
2434.0	3.0
2435.0	5.0
2436.0	1.0
2437.0	3.0
2438.0	1.0
2439.0	1.0
2440.0	1.0
2441.0	4.0
2442.0	4.0
2443.0	2.0
2444.0	5.0
2445.0	3.0
2446.0	2.0
2447.0	4.0
2448.0	7.0
2449.0	5.0
2450.0	6.0
2451.0	3.0
2452.0	3.0
2453.0	2.0
2454.0	2.0
2455.0	2.0
2456.0	3.0
2457.0	7.0
2458.0	5.0
2459.0	5.0
2460.0	3.0
2461.0	5.0
2462.0	6.0
2463.0	2.0
2464.0	4.0
2465.0	3.0
2466.0	1.0
2467.0	1.0
2468.0	5.0
2469.0	3.0
2470.0	1.0
2471.0	4.0
2472.0	3.0
2474.0	5.0
2475.0	3.0
2476.0	4.0
2477.0	5.0
2478.0	4.0
2479.0	4.0
2480.0	5.0
2481.0	6.0
2482.0	2.0
2483.0	3.0
2484.0	2.0
2485.0	8.0
2486.0	4.0
2487.0	3.0
2489.0	2.0
2490.0	4.0
2491.0	7.0
2492.0	1.0
2493.0	6.0
2494.0	7.0
2495.0	2.0
2496.0	3.0
2497.0	2.0
2498.0	1.0
2499.0	5.0
2500.0	3.0
2501.0	3.0
2502.0	2.0
2503.0	3.0
2504.0	5.0
2505.0	3.0
2506.0	2.0
2507.0	1.0
2508.0	6.0
2509.0	2.0
2511.0	5.0
2512.0	5.0
2513.0	2.0
2514.0	4.0
2515.0	2.0
2516.0	3.0
2517.0	6.0
2518.0	5.0
2519.0	4.0
2520.0	1.0
2521.0	3.0
2522.0	1.0
2523.0	3.0
2524.0	6.0
2525.0	6.0
2526.0	3.0
2527.0	5.0
2528.0	2.0
2529.0	2.0
2530.0	4.0
2531.0	2.0
2532.0	5.0
2533.0	3.0
2534.0	3.0
2535.0	5.0
2536.0	3.0
2537.0	5.0
2538.0	3.0
2539.0	2.0
2540.0	5.0
2541.0	6.0
2542.0	1.0
2543.0	3.0
2544.0	4.0
2545.0	2.0
2546.0	2.0
2547.0	4.0
2548.0	5.0
2549.0	2.0
2550.0	1.0
2551.0	5.0
2552.0	2.0
2553.0	7.0
2554.0	4.0
2555.0	3.0
2556.0	3.0
2558.0	2.0
2559.0	5.0
2560.0	5.0
2562.0	3.0
2563.0	1.0
2564.0	4.0
2565.0	4.0
2566.0	2.0
2567.0	1.0
2568.0	2.0
2569.0	4.0
2570.0	2.0
2571.0	4.0
2572.0	2.0
2573.0	4.0
2574.0	4.0
2575.0	2.0
2576.0	4.0
2577.0	1.0
2578.0	2.0
2579.0	3.0
2580.0	1.0
2582.0	3.0
2583.0	2.0
2584.0	3.0
2585.0	2.0
2586.0	3.0
2587.0	2.0
2588.0	1.0
2589.0	2.0
2590.0	6.0
2591.0	2.0
2592.0	1.0
2593.0	2.0
2594.0	6.0
2595.0	6.0
2596.0	3.0
2597.0	3.0
2598.0	1.0
2599.0	2.0
2600.0	1.0
2601.0	1.0
2603.0	1.0
2604.0	3.0
2605.0	3.0
2606.0	2.0
2607.0	2.0
2608.0	1.0
2611.0	3.0
2612.0	2.0
2613.0	2.0
2614.0	3.0
2615.0	4.0
2616.0	2.0
2617.0	3.0
2618.0	4.0
2619.0	2.0
2620.0	4.0
2621.0	1.0
2622.0	3.0
2623.0	3.0
2624.0	3.0
2625.0	1.0
2626.0	6.0
2628.0	3.0
2629.0	2.0
2630.0	3.0
2631.0	5.0
2632.0	1.0
2633.0	4.0
2634.0	3.0
2635.0	2.0
2636.0	1.0
2637.0	3.0
2638.0	3.0
2639.0	2.0
2640.0	1.0
2641.0	4.0
2642.0	4.0
2643.0	2.0
2644.0	2.0
2645.0	4.0
2646.0	1.0
2647.0	2.0
2648.0	4.0
2649.0	5.0
2650.0	2.0
2651.0	3.0
2652.0	2.0
2654.0	2.0
2655.0	4.0
2656.0	1.0
2657.0	3.0
2658.0	3.0
2659.0	5.0
2660.0	3.0
2661.0	3.0
2662.0	2.0
2663.0	2.0
2665.0	3.0
2666.0	3.0
2667.0	4.0
2668.0	2.0
2670.0	4.0
2671.0	4.0
2673.0	1.0
2674.0	3.0
2675.0	3.0
2676.0	1.0
2678.0	2.0
2679.0	1.0
2682.0	1.0
2685.0	1.0
2687.0	1.0
2688.0	1.0
2689.0	2.0
2692.0	2.0
2694.0	6.0
2695.0	1.0
2696.0	2.0
2698.0	2.0
2699.0	3.0
2701.0	1.0
2702.0	2.0
2704.0	1.0
2705.0	1.0
2706.0	1.0
2707.0	3.0
2708.0	1.0
2710.0	2.0
2711.0	1.0
2713.0	1.0
2716.0	1.0
2717.0	1.0
2718.0	1.0
2719.0	3.0
2720.0	2.0
2721.0	1.0
2722.0	2.0
2723.0	2.0
2724.0	4.0
2725.0	1.0
2729.0	1.0
2732.0	3.0
2733.0	1.0
2734.0	3.0
2735.0	1.0
2736.0	1.0
2738.0	2.0
2739.0	1.0
2740.0	2.0
2741.0	2.0
2742.0	1.0
2743.0	1.0
2745.0	2.0
2746.0	2.0
2747.0	1.0
2748.0	1.0
2749.0	3.0
2750.0	1.0
2752.0	2.0
2753.0	5.0
2754.0	3.0
2755.0	1.0
2756.0	2.0
2757.0	6.0
2758.0	3.0
2761.0	1.0
2762.0	5.0
2764.0	2.0
2765.0	2.0
2766.0	3.0
2767.0	3.0
2768.0	3.0
2769.0	1.0
2770.0	4.0
2771.0	1.0
2772.0	5.0
2773.0	3.0
2774.0	2.0
2775.0	2.0
2777.0	6.0
2778.0	3.0
2779.0	2.0
2780.0	2.0
2781.0	5.0
2782.0	1.0
2783.0	6.0
2784.0	4.0
2785.0	4.0
2786.0	1.0
2787.0	2.0
2788.0	2.0
2789.0	5.0
2790.0	3.0
2791.0	4.0
2792.0	2.0
2793.0	5.0
2794.0	3.0
2795.0	4.0
2796.0	3.0
2797.0	3.0
2798.0	1.0
2799.0	1.0
2800.0	2.0
2801.0	1.0
2802.0	3.0
2803.0	1.0
2804.0	3.0
2805.0	1.0
2806.0	1.0
2808.0	2.0
2809.0	2.0
2810.0	1.0
2811.0	1.0
2812.0	4.0
2813.0	3.0
2814.0	3.0
2815.0	2.0
2816.0	1.0
2817.0	4.0
2818.0	2.0
2819.0	2.0
2821.0	2.0
2822.0	3.0
2823.0	2.0
2824.0	1.0
2825.0	3.0
2826.0	4.0
2827.0	3.0
2828.0	1.0
2829.0	3.0
2830.0	3.0
2832.0	5.0
2833.0	2.0
2834.0	1.0
2835.0	6.0
2836.0	3.0
2838.0	1.0
2839.0	1.0
2840.0	5.0
2841.0	1.0
2842.0	2.0
2844.0	2.0
2845.0	4.0
2846.0	3.0
2847.0	4.0
2848.0	1.0
2849.0	5.0
2850.0	3.0
2851.0	2.0
2852.0	3.0
2853.0	3.0
2854.0	3.0
2855.0	2.0
2856.0	3.0
2857.0	2.0
2858.0	1.0
2860.0	2.0
2861.0	2.0
2863.0	4.0
2864.0	1.0
2866.0	4.0
2867.0	2.0
2868.0	2.0
2869.0	2.0
2871.0	7.0
2872.0	2.0
2873.0	1.0
2874.0	2.0
2875.0	1.0
2876.0	1.0
2877.0	1.0
2879.0	3.0
2880.0	1.0
2881.0	2.0
2883.0	1.0
2885.0	1.0
2886.0	3.0
2887.0	2.0
2888.0	1.0
2891.0	5.0
2892.0	3.0
2893.0	3.0
2894.0	2.0
2895.0	1.0
2896.0	3.0
2897.0	3.0
2900.0	3.0
2901.0	4.0
2903.0	3.0
2904.0	1.0
2906.0	4.0
2907.0	2.0
2908.0	1.0
2910.0	2.0
2911.0	1.0
2912.0	5.0
2913.0	4.0
2914.0	3.0
2915.0	3.0
2916.0	2.0
2917.0	3.0
2918.0	2.0
2919.0	1.0
2920.0	3.0
2921.0	3.0
2922.0	1.0
2923.0	2.0
2924.0	3.0
2925.0	3.0
2926.0	1.0
2927.0	3.0
2928.0	1.0
2929.0	2.0
2931.0	2.0
2932.0	1.0
2933.0	1.0
2934.0	4.0
2935.0	4.0
2936.0	3.0
2937.0	3.0
2938.0	5.0
2941.0	3.0
2942.0	2.0
2947.0	1.0
2948.0	3.0
2949.0	3.0
2950.0	3.0
2951.0	1.0
2952.0	3.0
2953.0	1.0
2954.0	3.0
2955.0	3.0
2956.0	1.0
2957.0	3.0
2958.0	3.0
2960.0	3.0
2961.0	1.0
2963.0	2.0
2965.0	3.0
2966.0	3.0
2967.0	2.0
2968.0	1.0
2969.0	1.0
2970.0	1.0
2971.0	1.0
2972.0	1.0
2975.0	2.0
2979.0	2.0
2980.0	3.0
2982.0	1.0
2983.0	1.0
2984.0	1.0
2985.0	2.0
2986.0	1.0
2987.0	3.0
2988.0	3.0
2989.0	2.0
2990.0	2.0
2991.0	1.0
2992.0	3.0
2993.0	2.0
2994.0	4.0
2995.0	1.0
2996.0	3.0
2997.0	3.0
2998.0	2.0
2999.0	1.0
3003.0	2.0
3004.0	4.0
3005.0	2.0
3007.0	1.0
3008.0	2.0
3009.0	1.0
3010.0	2.0
3011.0	1.0
3012.0	3.0
3013.0	1.0
3014.0	1.0
3015.0	1.0
3016.0	3.0
3017.0	1.0
3019.0	2.0
3020.0	1.0
3021.0	1.0
3022.0	1.0
3025.0	1.0
3026.0	2.0
3027.0	2.0
3028.0	1.0
3029.0	2.0
3030.0	1.0
3031.0	1.0
3032.0	3.0
3033.0	1.0
3035.0	2.0
3036.0	2.0
3037.0	3.0
3038.0	3.0
3039.0	1.0
3040.0	1.0
3042.0	2.0
3043.0	1.0
3045.0	1.0
3046.0	1.0
3047.0	1.0
3049.0	2.0
3053.0	4.0
3056.0	1.0
3057.0	2.0
3059.0	3.0
3060.0	1.0
3061.0	1.0
3062.0	1.0
3063.0	2.0
3067.0	3.0
3068.0	1.0
3069.0	1.0
3071.0	1.0
3072.0	2.0
3073.0	3.0
3074.0	1.0
3075.0	2.0
3076.0	2.0
3077.0	1.0
3078.0	1.0
3079.0	2.0
3082.0	2.0
3083.0	2.0
3085.0	2.0
3086.0	2.0
3087.0	2.0
3088.0	2.0
3089.0	2.0
3091.0	2.0
3092.0	1.0
3093.0	1.0
3095.0	1.0
3096.0	2.0
3097.0	2.0
3098.0	1.0
3099.0	1.0
3100.0	1.0
3101.0	1.0
3102.0	1.0
3107.0	1.0
3108.0	2.0
3109.0	1.0
3110.0	1.0
3112.0	2.0
3113.0	1.0
3114.0	1.0
3115.0	1.0
3116.0	2.0
3117.0	2.0
3118.0	1.0
3119.0	1.0
3121.0	3.0
3123.0	1.0
3124.0	2.0
3125.0	1.0
3127.0	2.0
3128.0	1.0
3129.0	3.0
3130.0	1.0
3132.0	1.0
3134.0	2.0
3135.0	3.0
3136.0	1.0
3137.0	3.0
3139.0	1.0
3140.0	2.0
3142.0	2.0
3143.0	1.0
3145.0	2.0
3146.0	2.0
3147.0	1.0
3148.0	1.0
3149.0	2.0
3150.0	2.0
3151.0	1.0
3152.0	1.0
3153.0	1.0
3155.0	2.0
3156.0	3.0
3157.0	2.0
3158.0	2.0
3160.0	2.0
3161.0	1.0
3162.0	1.0
3163.0	3.0
3164.0	1.0
3166.0	2.0
3169.0	1.0
3170.0	3.0
3171.0	1.0
3172.0	1.0
3173.0	1.0
3174.0	1.0
3175.0	1.0
3176.0	1.0
3177.0	1.0
3178.0	1.0
3179.0	2.0
3180.0	4.0
3183.0	2.0
3184.0	3.0
3185.0	2.0
3187.0	1.0
3188.0	1.0
3189.0	1.0
3190.0	1.0
3191.0	3.0
3192.0	1.0
3193.0	2.0
3194.0	1.0
3195.0	1.0
3197.0	2.0
3199.0	1.0
3201.0	3.0
3202.0	2.0
3205.0	2.0
3206.0	1.0
3207.0	3.0
3209.0	4.0
3211.0	2.0
3213.0	1.0
3214.0	3.0
3215.0	3.0
3216.0	2.0
3219.0	3.0
3220.0	2.0
3221.0	3.0
3222.0	2.0
3223.0	1.0
3224.0	1.0
3226.0	2.0
3228.0	2.0
3229.0	2.0
3230.0	2.0
3233.0	2.0
3234.0	1.0
3235.0	2.0
3238.0	1.0
3239.0	1.0
3240.0	1.0
3241.0	1.0
3243.0	1.0
3244.0	1.0
3245.0	1.0
3246.0	2.0
3247.0	4.0
3248.0	4.0
3251.0	2.0
3254.0	1.0
3255.0	2.0
3256.0	2.0
3257.0	1.0
3258.0	2.0
3259.0	1.0
3260.0	4.0
3261.0	3.0
3262.0	1.0
3263.0	1.0
3264.0	2.0
3265.0	1.0
3267.0	3.0
3269.0	2.0
3271.0	2.0
3272.0	2.0
3273.0	1.0
3274.0	3.0
3277.0	1.0
3278.0	1.0
3279.0	1.0
3283.0	3.0
3286.0	1.0
3287.0	1.0
3288.0	2.0
3291.0	1.0
3292.0	1.0
3293.0	1.0
3294.0	4.0
3296.0	1.0
3297.0	1.0
3298.0	1.0
3299.0	5.0
3301.0	2.0
3303.0	1.0
3304.0	2.0
3307.0	1.0
3308.0	1.0
3310.0	2.0
3311.0	2.0
3313.0	1.0
3314.0	1.0
3315.0	1.0
3316.0	1.0
3317.0	1.0
3319.0	1.0
3320.0	3.0
3321.0	1.0
3323.0	1.0
3325.0	2.0
3326.0	2.0
3327.0	1.0
3328.0	2.0
3330.0	2.0
3331.0	1.0
3332.0	2.0
3334.0	1.0
3335.0	1.0
3336.0	1.0
3337.0	2.0
3338.0	2.0
3339.0	3.0
3340.0	1.0
3341.0	2.0
3342.0	2.0
3344.0	3.0
3345.0	4.0
3346.0	1.0
3348.0	2.0
3350.0	2.0
3351.0	1.0
3352.0	1.0
3353.0	1.0
3355.0	3.0
3356.0	1.0
3358.0	1.0
3359.0	1.0
3361.0	2.0
3362.0	1.0
3363.0	1.0
3364.0	1.0
3365.0	2.0
3366.0	1.0
3367.0	1.0
3369.0	1.0
3370.0	1.0
3371.0	1.0
3372.0	1.0
3374.0	1.0
3377.0	1.0
3378.0	1.0
3379.0	4.0
3386.0	1.0
3387.0	1.0
3388.0	1.0
3389.0	1.0
3391.0	1.0
3392.0	1.0
3393.0	1.0
3396.0	1.0
3397.0	1.0
3398.0	1.0
3399.0	1.0
3402.0	1.0
3404.0	1.0
3407.0	2.0
3409.0	2.0
3412.0	1.0
3413.0	1.0
3414.0	1.0
3421.0	2.0
3422.0	1.0
3427.0	1.0
3431.0	2.0
3432.0	1.0
3433.0	2.0
3437.0	1.0
3439.0	2.0
3441.0	2.0
3443.0	1.0
3446.0	1.0
3449.0	1.0
3450.0	1.0
3454.0	1.0
3456.0	1.0
3459.0	1.0
3460.0	1.0
3463.0	1.0
3464.0	2.0
3465.0	2.0
3468.0	1.0
3470.0	1.0
3472.0	1.0
3473.0	1.0
3475.0	1.0
3477.0	1.0
3478.0	2.0
3479.0	1.0
3481.0	1.0
3482.0	1.0
3484.0	1.0
3488.0	1.0
3490.0	1.0
3491.0	1.0
3493.0	1.0
3497.0	1.0
3500.0	1.0
3501.0	2.0
3503.0	1.0
3504.0	1.0
3505.0	1.0
3509.0	3.0
3510.0	2.0
3511.0	3.0
3512.0	1.0
3514.0	2.0
3515.0	1.0
3516.0	1.0
3517.0	2.0
3518.0	1.0
3519.0	1.0
3520.0	1.0
3523.0	1.0
3525.0	2.0
3526.0	1.0
3527.0	1.0
3529.0	1.0
3530.0	2.0
3531.0	1.0
3533.0	1.0
3535.0	1.0
3536.0	1.0
3537.0	1.0
3540.0	1.0
3542.0	1.0
3543.0	1.0
3544.0	1.0
3546.0	1.0
3547.0	1.0
3549.0	1.0
3550.0	2.0
3555.0	1.0
3557.0	1.0
3558.0	2.0
3561.0	2.0
3563.0	1.0
3565.0	1.0
3566.0	1.0
3567.0	1.0
3570.0	2.0
3571.0	1.0
3572.0	1.0
3573.0	2.0
3575.0	2.0
3577.0	1.0
3583.0	2.0
3584.0	1.0
3587.0	1.0
3590.0	2.0
3593.0	1.0
3595.0	1.0
3601.0	3.0
3604.0	2.0
3605.0	1.0
3612.0	2.0
3613.0	2.0
3614.0	1.0
3617.0	2.0
3619.0	1.0
3621.0	1.0
3623.0	1.0
3624.0	1.0
3628.0	1.0
3629.0	2.0
3631.0	11.0
3632.0	1.0
3633.0	5.0
3634.0	1.0
3638.0	1.0
3639.0	1.0
3641.0	1.0
3642.0	1.0
3643.0	1.0
3645.0	2.0
3647.0	1.0
3651.0	1.0
3652.0	1.0
3657.0	2.0
3658.0	1.0
3660.0	1.0
3662.0	1.0
3663.0	1.0
3666.0	2.0
3672.0	3.0
3674.0	1.0
3675.0	1.0
3681.0	1.0
3687.0	1.0
3689.0	1.0
3690.0	1.0
3692.0	1.0
3693.0	1.0
3698.0	1.0
3700.0	1.0
3701.0	1.0
3704.0	3.0
3705.0	2.0
3710.0	1.0
3711.0	1.0
3713.0	1.0
3715.0	2.0
3717.0	2.0
3718.0	2.0
3719.0	1.0
3722.0	1.0
3723.0	2.0
3727.0	1.0
3728.0	1.0
3729.0	2.0
3731.0	1.0
3735.0	1.0
3737.0	3.0
3741.0	1.0
3743.0	2.0
3744.0	1.0
3748.0	1.0
3750.0	1.0
3751.0	1.0
3752.0	2.0
3754.0	1.0
3755.0	1.0
3756.0	1.0
3757.0	1.0
3759.0	1.0
3766.0	2.0
3768.0	1.0
3769.0	1.0
3772.0	1.0
3775.0	1.0
3778.0	1.0
3779.0	1.0
3781.0	2.0
3782.0	3.0
3787.0	1.0
3788.0	1.0
3789.0	1.0
3791.0	2.0
3794.0	2.0
3798.0	2.0
3799.0	1.0
3801.0	1.0
3804.0	1.0
3807.0	2.0
3808.0	1.0
3809.0	1.0
3810.0	2.0
3812.0	2.0
3816.0	2.0
3820.0	1.0
3822.0	2.0
3824.0	2.0
3828.0	3.0
3829.0	2.0
3830.0	1.0
3831.0	3.0
3832.0	1.0
3837.0	1.0
3840.0	2.0
3842.0	1.0
3843.0	2.0
3844.0	1.0
3845.0	3.0
3846.0	2.0
3847.0	2.0
3850.0	2.0
3852.0	1.0
3853.0	3.0
3854.0	1.0
3855.0	2.0
3856.0	1.0
3858.0	1.0
3863.0	1.0
3864.0	1.0
3865.0	1.0
3867.0	1.0
3868.0	2.0
3872.0	1.0
3874.0	2.0
3876.0	1.0
3879.0	1.0
3880.0	1.0
3882.0	1.0
3883.0	1.0
3884.0	1.0
3886.0	1.0
3888.0	1.0
3889.0	1.0
3891.0	1.0
3892.0	1.0
3893.0	1.0
3897.0	1.0
3898.0	1.0
3899.0	1.0
3901.0	2.0
3903.0	1.0
3911.0	1.0
3912.0	1.0
3913.0	1.0
3914.0	1.0
3917.0	1.0
3920.0	1.0
3922.0	1.0
3926.0	1.0
3930.0	1.0
3931.0	1.0
3932.0	3.0
3933.0	1.0
3936.0	1.0
3937.0	1.0
3939.0	2.0
3941.0	2.0
3943.0	1.0
3945.0	1.0
3946.0	2.0
3949.0	1.0
3950.0	2.0
3951.0	1.0
3952.0	1.0
3954.0	1.0
3955.0	2.0
3957.0	3.0
3958.0	2.0
3959.0	1.0
3962.0	2.0
3966.0	1.0
3967.0	1.0
3968.0	1.0
3969.0	2.0
3970.0	1.0
3971.0	1.0
3972.0	2.0
3974.0	1.0
3975.0	2.0
3976.0	3.0
3977.0	3.0
3979.0	1.0
3981.0	1.0
3982.0	2.0
3984.0	1.0
3987.0	4.0
3988.0	1.0
3989.0	2.0
3990.0	2.0
3991.0	3.0
3992.0	2.0
3993.0	1.0
3996.0	2.0
3998.0	2.0
3999.0	1.0
4000.0	2.0
4001.0	1.0
4004.0	1.0
4005.0	1.0
4008.0	2.0
4013.0	2.0
4015.0	2.0
4017.0	2.0
4020.0	1.0
4023.0	2.0
4024.0	1.0
4028.0	1.0
4030.0	1.0
4031.0	2.0
4032.0	1.0
4034.0	1.0
4035.0	2.0
4036.0	1.0
4038.0	1.0
4039.0	3.0
4041.0	1.0
4044.0	1.0
4046.0	1.0
4051.0	1.0
4052.0	3.0
4054.0	1.0
4056.0	1.0
4058.0	1.0
4060.0	2.0
4063.0	1.0
4069.0	1.0
4070.0	1.0
4071.0	2.0
4078.0	1.0
4080.0	1.0
4082.0	1.0
4083.0	1.0
4086.0	1.0
4090.0	3.0
4094.0	2.0
4097.0	1.0
4098.0	1.0
4104.0	1.0
4106.0	1.0
4107.0	1.0
4108.0	1.0
4109.0	1.0
4110.0	1.0
4113.0	1.0
4114.0	1.0
4115.0	1.0
4116.0	1.0
4117.0	4.0
4118.0	1.0
4119.0	1.0
4120.0	1.0
4121.0	1.0
4123.0	2.0
4127.0	1.0
4129.0	1.0
4131.0	1.0
4133.0	2.0
4134.0	1.0
4135.0	1.0
4138.0	1.0
4140.0	2.0
4141.0	1.0
4142.0	2.0
4143.0	1.0
4144.0	1.0
4145.0	1.0
4146.0	2.0
4147.0	1.0
4149.0	1.0
4150.0	1.0
4153.0	1.0
4155.0	1.0
4156.0	3.0
4160.0	1.0
4161.0	1.0
4163.0	1.0
4166.0	1.0
4168.0	1.0
4169.0	1.0
4171.0	1.0
4172.0	2.0
4173.0	2.0
4176.0	1.0
4178.0	1.0
4179.0	1.0
4187.0	1.0
4189.0	1.0
4191.0	1.0
4193.0	1.0
4195.0	1.0
4199.0	1.0
4200.0	1.0
4201.0	1.0
4202.0	1.0
4203.0	1.0
4204.0	1.0
4205.0	2.0
4206.0	2.0
4212.0	1.0
4213.0	1.0
4214.0	1.0
4221.0	1.0
4222.0	1.0
4223.0	1.0
4243.0	1.0
4245.0	1.0
4247.0	1.0
4248.0	1.0
4249.0	1.0
4250.0	1.0
4254.0	1.0
4257.0	1.0
4262.0	1.0
4266.0	1.0
4267.0	3.0
4270.0	1.0
4271.0	1.0
4275.0	2.0
4279.0	1.0
4281.0	1.0
4282.0	1.0
4298.0	2.0
4300.0	1.0
4307.0	1.0
4311.0	2.0
4313.0	1.0
4314.0	1.0
4315.0	1.0
4316.0	1.0
4318.0	1.0
4320.0	1.0
4323.0	1.0
4324.0	2.0
4326.0	2.0
4337.0	1.0
4348.0	1.0
4360.0	1.0
4365.0	1.0
4375.0	1.0
4376.0	2.0
4381.0	1.0
4383.0	1.0
4390.0	1.0
4393.0	1.0
4396.0	1.0
4401.0	1.0
4405.0	1.0
4409.0	1.0
4415.0	1.0
4420.0	1.0
4421.0	3.0
4424.0	1.0
4435.0	1.0
4439.0	1.0
4440.0	1.0
4446.0	1.0
4450.0	1.0
4455.0	2.0
4456.0	1.0
4457.0	1.0
4458.0	1.0
4462.0	1.0
4464.0	1.0
4467.0	1.0
4473.0	1.0
4481.0	1.0
4483.0	1.0
4487.0	1.0
4488.0	2.0
4493.0	1.0
4496.0	1.0
4498.0	1.0
4501.0	1.0
4515.0	1.0
4517.0	2.0
4527.0	1.0
4529.0	1.0
4534.0	1.0
4546.0	1.0
4550.0	1.0
4552.0	1.0
4557.0	1.0
4559.0	1.0
4572.0	1.0
4575.0	1.0
4582.0	1.0
4585.0	1.0
4586.0	1.0
4588.0	1.0
4589.0	2.0
4591.0	2.0
4594.0	1.0
4605.0	1.0
4606.0	1.0
4612.0	1.0
4616.0	1.0
4629.0	1.0
4630.0	2.0
4633.0	1.0
4639.0	2.0
4640.0	1.0
4645.0	1.0
4656.0	1.0
4666.0	1.0
4680.0	1.0
4772.0	1.0
4778.0	1.0
4827.0	1.0
4830.0	1.0
4897.0	1.0
4960.0	1.0
4984.0	1.0
5050.0	1.0
5055.0	1.0
5091.0	1.0
5115.0	1.0
5171.0	1.0
5187.0	1.0
5236.0	1.0
5251.0	1.0
5292.0	1.0
5303.0	1.0
5341.0	1.0
5355.0	1.0
5426.0	1.0
5432.0	1.0
5459.0	1.0
5470.0	1.0
5491.0	1.0
5534.0	1.0
5547.0	1.0
5602.0	1.0
5651.0	1.0
5652.0	1.0
5675.0	1.0
5747.0	1.0
5748.0	1.0
5812.0	1.0
5818.0	1.0
5836.0	1.0
5851.0	1.0
5902.0	1.0
5930.0	1.0
5942.0	1.0
5971.0	1.0
5999.0	1.0
6039.0	1.0
6070.0	1.0
6086.0	1.0
6093.0	1.0
6095.0	1.0
6124.0	1.0
6125.0	1.0
6131.0	1.0
6184.0	1.0
6199.0	1.0
6221.0	1.0
6239.0	1.0
6281.0	1.0
6289.0	1.0
6294.0	1.0
6311.0	1.0
6323.0	1.0
6333.0	1.0
6346.0	1.0
6357.0	1.0
6365.0	1.0
