#Position (bp)	insert size
384368.0	1143.1708760105266
1153103.0	745.9923418087656
1921838.0	646.607116558186
2690573.0	824.6548700208498
3459308.0	611.598872914448
4228043.0	421.13166870184006
4996778.0	605.2072544576555
5765513.0	400.4227080721535
6534248.0	427.40041776792566
7302983.0	362.86649435190503
8071718.0	357.35812851704736
8840453.0	409.27793788024337
9609188.0	409.47167144969126
1.0377923E7	355.57254935524367
1.0801324E7	353.0449494443888
1.11856915E7	885.425843529848
1.1915393E7	791.5955819379227
1.2684128E7	506.2239783544784
1.3452863E7	660.3225210298241
1.4221598E7	425.9391945704491
1.4990333E7	477.7563725410962
1.5759068E7	367.0177652332724
1.6527803E7	375.73458687829174
1.7296538E7	364.14694859366836
1.8065273E7	539.319708313498
1.8834008E7	444.078948092317
1.9602743E7	444.31823593610477
2.018777E7	355.68838038128644
2.05721375E7	1262.6703020134228
2.1140213E7	910.3377331358788
2.1908948E7	1035.321963342653
2.2677683E7	461.6855250744903
2.3446418E7	420.81021891971875
2.4215153E7	372.06436203433316
2.4983888E7	362.23748422846774
2.5752623E7	363.74346585991765
2.6521358E7	357.13463262000977
2.7290093E7	385.95551039298147
2.8058828E7	357.117701823747
2.86485735E7	355.475591252099
2.9032941E7	466.05578951672254
2.9596298E7	443.7642558719518
3.0365033E7	524.7276907382877
3.1133768E7	456.7350146964163
3.1902503E7	377.11551116820687
3.2671238E7	405.50598960360503
3.3439973E7	393.25117234711144
3.4208708E7	362.69851845227447
3.4977443E7	361.13893068703453
3.5659712E7	356.5194092640807
3.60440795E7	363.4411993164518
3.6514913E7	458.5124916753877
3.7283648E7	502.8226895008104
3.8052383E7	460.28334574375384
3.8821118E7	435.39926068540626
3.9589853E7	407.3851591610774
4.0358588E7	377.1437344111425
4.1127323E7	377.57896478259465
4.1896058E7	364.4220534584171
4.2664793E7	358.7543541420073
4.3049519E7	131.02215189873417
4.34338865E7	1154.0428783895043
4.4202263E7	908.535739348371
4.4970998E7	1018.4388984859262
4.5739733E7	1167.7876077930373
4.6508468E7	2410.773568732176
4.7277203E7	673.9198646437602
4.8045938E7	431.6720958870372
4.8668911E7	322.6075201863978
4.90532785E7	371.8448130516711
4.9583408E7	401.8216608817467
5.0352143E7	395.38398207830227
5.1120878E7	367.49842158782195
5.1889613E7	364.3449695330686
5.2658348E7	361.8383030925025
5.3427083E7	356.7520850107099
5.38687855E7	356.84149123716685
5.4253153E7	2229.8357411753204
5.4964553E7	3627.1438636176204
5.5733288E7	1602.3023799729683
5.6502023E7	691.4155703862386
5.7270758E7	532.6192192247833
5.8039493E7	380.6024188623089
5.85039505E7	353.6998679577465
5.8888318E7	650.8845218428781
5.9576963E7	891.5337470378641
6.0345698E7	806.5242163586346
6.1114433E7	436.4882426137451
6.1883168E7	378.27278584526937
6.2651903E7	378.23004337909754
6.3087631E7	342.7329352693717
6.34719985E7	1341.9907607147218
6.4189373E7	568.8579329310213
6.4958108E7	692.9267160950478
6.5726843E7	481.63924337044074
6.6495578E7	373.71313981341405
6.7140034E7	358.327791709235
6.75244015E7	408.6783079818894
6.8033048E7	419.98137989646915
6.8801783E7	356.1818368964417
6.9570518E7	381.5864379801149
7.0339253E7	361.03593065523347
7.11040115E7	352.482773006488
7.1488379E7	365.2620904836193
7.1876723E7	459.5741632665583
7.2645458E7	368.90212412161134
7.3414193E7	404.3326481126271
7.4182928E7	370.57267496698734
7.4951663E7	357.9201344255409
7.5358208E7	350.9146246596655
7.57425755E7	1035.8492831479505
7.6489133E7	697.2424821832087
7.7257868E7	444.6697121545177
7.8026603E7	449.24880787344284
7.8795338E7	382.87970986990535
7.92080895E7	364.6917616691762
7.9592457E7	1214.6478015525788
8.0332808E7	1325.7782369146005
8.1101543E7	449.06304326216855
8.1870278E7	425.3887134108116
8.26063115E7	393.7293085385018
8.2990679E7	443.5723465016659
8.3407748E7	656.141127106502
8.4176483E7	630.2595099366331
8.4945218E7	424.32674810660615
8.5713953E7	373.3198661209987
8.6362088E7	341.1114833243017
8.67464555E7	628.9302928219746
8.7251423E7	466.5678579123957
8.8020158E7	537.5437696534638
8.8788893E7	581.2491069392719
8.9557628E7	457.3660485933504
9.0098611E7	339.9637789661319
9.04829785E7	1045.5618266365393
9.1095098E7	539.2508193909829
9.1863833E7	535.2861848644044
9.2632568E7	468.2851897903837
9.3401303E7	357.96792274367385
9.38242175E7	358.1056789558049
9.4208585E7	661.4301147460938
9.4938773E7	710.4204930978007
9.5707508E7	696.8235344227847
9.6476243E7	367.1453145376638
9.71220675E7	354.8445527464717
9.7506435E7	1654.9352296093214
9.8013713E7	797.9413014540241
9.8782448E7	523.3893681510841
9.9551183E7	463.16435943134246
1.00269334E8	368.38025894051435
1.006537015E8	956.3109048723898
1.01088653E8	589.4282679653904
1.01857388E8	448.1472704497786
1.02626123E8	382.1308716402914
1.033545365E8	356.7976985417081
1.03738904E8	768.9652173913043
1.04163593E8	563.7542253715294
1.04932328E8	696.6430196157917
1.05701063E8	458.936908238209
1.06347158E8	415.31055061366965
1.067315255E8	828.6286337807791
1.07238533E8	712.1173777784942
1.08007268E8	366.5221161566598
1.08776003E8	352.0682839659934
1.09309377E8	356.955117049346
1.096937445E8	387.10151932661756
1.10313473E8	362.9059698800613
1.11082208E8	355.00067637958114
1.11850943E8	359.61055572532416
1.12235708E8	82.9090909090909
1.126200755E8	456.55416285722714
1.13388413E8	525.0168658316554
1.14157148E8	395.7659809353969
1.147696095E8	347.76518201284796
1.15153977E8	356.81210600046694
1.15694618E8	418.8689686713926
1.16463353E8	356.489050549341
1.17232088E8	366.89491133082237
1.17668795E8	361.2050723510191
1.180531625E8	374.24877688019114
1.18769558E8	378.7302843317026
1.19538293E8	361.44304704290374
1.2014897E8	359.1639144021955
1.205333375E8	1411.9888412757757
1.21075763E8	638.9950179994858
1.21844498E8	412.45316349062506
1.225916085E8	351.8052879723221
1.22975976E8	361.7170004086637
1.23381968E8	426.24153245280644
1.24150703E8	373.626120615099
1.24919438E8	363.56271335288034
1.253769895E8	346.6811491219166
1.25761357E8	839.5180595249827
1.26456908E8	382.34034500465964
1.27225643E8	351.23597187647175
1.277254535E8	359.74077976817705
1.28109821E8	477.76465774398775
1.28763113E8	603.4918995230962
1.29531848E8	354.03399658732684
1.300272615E8	354.0582318687136
1.30411629E8	428.0254033642293
1.31069318E8	463.288117457199
1.31838053E8	382.7100972735991
1.322676755E8	346.84722222222223
1.32652043E8	376.62924600467244
1.33375523E8	357.6818926755473
1.34030498E8	345.64644957168014
1.344148655E8	326.6413324708926
1.34912993E8	408.97731614908844
1.35681728E8	375.04737975592246
1.361569665E8	339.4235212797472
1.36541334E8	605.4409618522737
1.37219198E8	382.20724317532375
1.37895604E8	345.5177008704581
1.382799715E8	404.75631691648823
1.38756668E8	533.1558177838948
1.39525403E8	373.2922737654564
1.400102465E8	334.0342741935484
1.40394614E8	484.87723703756103
1.41062873E8	380.04699837986954
1.417121025E8	362.18034319289575
1.4209647E8	380.7321474606857
1.42600343E8	403.447864093683
1.43369078E8	357.20145976994945
1.437831155E8	354.6297882464906
1.44167483E8	593.6760878185947
1.44906548E8	357.1651742462053
1.45465214E8	324.7489082969432
1.458495815E8	493.9065060880528
1.46444018E8	441.5565477700543
1.47106683E8	342.01005449894336
1.474910505E8	364.9865806787831
1.47981488E8	391.24620548013826
1.48737048E8	355.68716865308727
1.491214155E8	338.7944732297064
1.49518958E8	401.08627211568387
1.50287693E8	395.933512674379
1.50728883E8	349.8769956002514
1.511132505E8	476.1796238192473
1.51825163E8	355.16543232982195
1.52332369E8	359.2976007564118
1.527167365E8	357.222802152993
1.53362633E8	355.0719861386492
1.5389724E8	358.08246836342954
1.542816075E8	388.42709003790316
1.54900103E8	329.3228386266489
1.55461321E8	302.99867197875164
1.558456885E8	389.52869431249195
1.56437573E8	363.98865073036
1.57018682E8	354.0564369001348
1.574030495E8	351.2262614605373
1.57975043E8	397.00043343988733
1.585640605E8	364.79378852793894
1.58948428E8	359.5614088820827
1.59512513E8	372.76678504488507
1.6009777E8	355.25272656222245
1.604821375E8	381.81742546799165
1.61049983E8	340.22498355592415
1.616289075E8	348.432440713279
1.62013275E8	347.9412388709983
1.62587453E8	467.98046135933635
1.631586895E8	335.5809523809524
1.63543057E8	352.61667603259343
1.64124923E8	364.98193282247433
1.64685819E8	358.0506624783537
1.650701865E8	442.0152525070558
1.65662393E8	368.3229140526976
1.66204869E8	360.4553271028037
1.665892365E8	322.93216040576954
1.67199863E8	347.927222587479
1.67707403E8	312.325112702201
1.680917705E8	357.4722568384323
1.68737333E8	398.032936038577
1.69197014E8	348.6161380597015
1.695813815E8	357.14074532306574
1.70274803E8	354.9653234787891
1.706842435E8	341.12364243943193
1.71068611E8	360.8459624174708
1.717757825E8	354.668624098714
1.7216015E8	354.54825311507454
1.72581008E8	366.8927030913012
1.732448375E8	361.2240794991097
1.73629205E8	860.2553618939023
1.74118478E8	445.4746321405512
1.7470787E8	343.9292461398728
1.750922375E8	359.370391241346
1.75655948E8	430.58379739336493
1.761671155E8	403.26847016020184
1.76551483E8	478.0633191720148
1.77193418E8	386.5494771051206
1.775981795E8	334.7212485123878
1.77982547E8	360.40792762766335
1.786433205E8	361.21539805415824
1.79027688E8	358.0396769662921
1.79499623E8	378.6580055599901
1.80059845E8	359.44581087303953
1.804442125E8	377.1262425185224
1.81037093E8	370.5494601493291
1.814629515E8	342.02131438721136
1.81847319E8	610.2191291627227
1.824697645E8	345.18272737969176
1.82854132E8	360.06104139145754
1.83343298E8	609.8183440001784
1.83845386E8	349.9923580786026
1.842297535E8	570.0950591254928
1.848263935E8	388.3507555066512
1.85210761E8	334.48778920308484
1.85649503E8	364.0418967956209
1.861815255E8	358.57505042510275
1.86565893E8	396.38500284344786
1.871516995E8	353.6723117006158
1.87536067E8	348.46369098712444
1.87955708E8	448.92655481857196
1.88487033E8	346.7277679858997
1.888714005E8	371.45803104608274
1.89437117E8	383.94745259686727
1.898214845E8	1739.6731690853865
1.90261913E8	370.5425001639667
1.907655555E8	360.45692846423213
1.91149923E8	380.93545469346407
1.917006725E8	361.83888856114686
1.9208504E8	362.1877502944641
1.92568118E8	361.67353698108985
1.93014003E8	357.83549455097256
1.933983705E8	416.226430976431
1.939421735E8	331.16611405835545
1.94326541E8	430.3784791412226
1.948700135E8	358.51889636690316
1.95254381E8	357.2830769230769
1.95643058E8	360.1642280690243
1.96173218E8	347.05316334778456
1.965575855E8	352.51583059210526
1.970859405E8	345.19005733646077
1.97470308E8	331.33287881370376
1.97949263E8	333.12088134905883
1.98379719E8	343.61401362921544
1.987640865E8	429.8071260423732
1.99284827E8	350.4326937718898
1.996691945E8	547.3746742351219
2.001689555E8	412.50303434882875
2.00553323E8	2267.5557196212976
2.01024203E8	489.8780110072955
2.0143258E8	337.90935192780967
2.018169475E8	410.64269923149806
2.023091665E8	370.1045327423355
2.02693534E8	415.59292084572
2.03168465E8	368.309778948013
2.035528325E8	592.3705485479613
2.04022535E8	340.4038540089863
2.044069025E8	395.810643776824
2.048603755E8	380.5489402300036
2.05244743E8	374.39473684210526
2.05636613E8	391.9608158726443
2.060816995E8	339.41530101776783
2.06466067E8	353.29089637612293
2.069158215E8	357.79062918340026
2.07300189E8	420.5292993224731
2.07743072E8	469.06315040802576
2.081274395E8	399.8239705936955
2.08563085E8	353.15399061032866
2.089474525E8	389.3070228611015
2.09377998E8	347.17983120979966
2.097623655E8	357.20684202961047
2.101865875E8	334.2796251511487
2.10570955E8	333.84311981020164
2.10991954E8	364.893978410273
2.113763215E8	340.33479532163744
2.117807295E8	354.48610781287107
2.12165097E8	335.9220779220779
2.12555228E8	355.3631836842802
2.12951007E8	338.9894859813084
2.133353745E8	374.3793568697999
2.137362725E8	344.8611046914722
2.1412064E8	343.75219084712757
2.145168735E8	326.1044721407625
2.14901241E8	359.17981391192865
2.15295174E8	360.2298522030117
2.156795415E8	363.13445394710914
2.160708055E8	355.33589646464645
2.16455173E8	373.17040229885055
2.16845987E8	341.685387794797
2.172303545E8	356.2556578003632
2.176193275E8	357.33095072866064
2.18003695E8	374.4802501745757
2.183870575E8	481.4686421757662
2.18771425E8	344.63988594962774
2.191437085E8	348.94757763975156
2.19528076E8	373.45673459947056
2.19895419E8	361.49319727891157
2.202797865E8	379.53090807721793
2.20645687E8	339.65834818775994
2.21025053E8	361.2019455953882
2.21390679E8	565.7832167832167
2.217493495E8	349.7897237125097
2.22133717E8	329.2922926192031
2.22491112E8	349.05422794117646
2.228754795E8	355.24393689663293
2.232300165E8	364.90962052500515
2.23614384E8	483.5575052854123
2.239617555E8	424.0620837899351
2.24346123E8	353.5481117907769
2.2468963E8	352.5549015728559
2.250739975E8	461.28089255578476
2.254154375E8	378.7940857297884
2.25799805E8	472.8505650715169
2.261404185E8	343.9578240429819
2.26524786E8	360.48152021697126
2.2685767E8	360.56144609933733
2.272420375E8	339.12449516583035
2.275674865E8	339.75181518151817
2.27901798E8	350.2235402914634
2.282642395E8	397.17294365772824
2.28575658E8	362.5933064872563
2.289600255E8	468.31373746627986
2.29270193E8	408.2014408353833
2.296545605E8	351.47344497607656
2.299644725E8	442.9063620568556
2.3034884E8	365.4343705655788
2.30655893E8	324.20575097710775
2.309973965E8	375.1341190640055
2.313463715E8	295.04259438528555
2.31650276E8	346.7318704676169
2.320346435E8	414.0596619576186
2.32330417E8	345.7353743558654
2.327147845E8	348.91336299892123
2.33008396E8	318.6353176588294
2.333832675E8	382.9694972539079
2.336859445E8	295.47058823529414
2.33975938E8	350.14761171700525
2.343603055E8	374.253850931677
2.346438945E8	359.1516478931998
2.35028262E8	415.2605499103407
2.353116695E8	347.4197090310184
2.35668032E8	368.8019738546054
2.359736405E8	420.48492967180175
2.36248209E8	350.3015534053972
2.366325765E8	362.0619784341303
2.36905892E8	368.06348941843027
2.372902595E8	350.4939234407067
2.375596255E8	345.53740821591583
2.378457775E8	346.02973600844774
2.38209635E8	368.92175840813235
2.384723095E8	355.0943720543388
2.38856677E8	350.57183592893176
2.391161115E8	345.37265737626143
2.394117615E8	361.20086306098966
2.39756603E8	360.25171067738233
2.40012063E8	355.71516176781563
2.403964305E8	334.83406053050766
2.40651522E8	340.6145018257694
2.40935513E8	346.93564307570824
2.41282414E8	356.0237640936687
2.415260005E8	323.1949045732805
2.41910368E8	354.4372143242757
2.42153892E8	326.8448275862069
2.423992835E8	358.8672938701572
2.427812845E8	379.7233637747336
2.430194555E8	349.33234421364983
2.43354977E8	355.04115647381104
2.436401495E8	335.8654887432317
2.43875304E8	367.6765345964283
2.442596715E8	349.4158109209454
2.44494215E8	353.5153789820579
2.447631205E8	354.8405946940717
2.451110035E8	317.69629532661344
2.45340206E8	322.90736342042754
2.45672164E8	354.19666471502694
2.45942791E8	346.3201309328969
2.46158155E8	339.1885686707115
2.46536439E8	356.57612036887235
2.46757852E8	353.0050420168067
2.469695205E8	341.69130257247855
2.47353888E8	347.4596957598423
2.47564574E8	343.2128329297821
2.47805319E8	342.9020304568528
2.48157783E8	369.24224108658746
2.48365893E8	346.0682486563229
2.486381075E8	348.01204537481
2.489579875E8	379.8961027135312
2.49165224E8	340.8132397191575
2.49467076E8	386.69705774031183
2.4975636E8	362.9235795680931
2.499626485E8	360.47470795979353
2.502879155E8	348.43067560854445
2.5054851E8	324.09510600356646
2.507484705E8	352.18991841021085
2.510885645E8	359.67060835936337
2.51332072E8	338.6028466483012
2.51527848E8	336.5582506087282
2.51873065E8	372.92889737875413
2.5210593E8	345.9290535237796
2.5229909E8	354.5990710063016
2.52643082E8	372.6353681905283
2.5287344E8	361.18886976477336
2.53058026E8	355.38546608438844
2.5338655E8	347.4255671468786
2.53626707E8	287.7397504456328
2.53810996E8	313.3831957989497
2.541215335E8	367.7275237553805
2.543774555E8	336.30921573805125
2.545591305E8	339.3534332520042
2.54848343E8	358.1690293128304
2.551248655E8	437.8387368421053
2.553049575E8	357.901197346886
2.555674465E8	354.31568722680913
2.55866877E8	368.87420941672525
2.560427725E8	341.9893196625013
2.562705875E8	378.44686866531526
2.56600938E8	344.35076771491913
2.56774153E8	349.32820976491865
2.569624935E8	362.5361081932773
2.57304699E8	355.0578787817952
2.57500726E8	345.0998376623377
2.576711905E8	334.7739651416122
2.57986484E8	352.0631288222529
2.582258865E8	357.1340573012939
2.583930965E8	359.8815647620514
2.586566015E8	352.1528967574085
2.58942833E8	474.1920600858369
2.5910475E8	345.8375982268789
2.593058495E8	355.8648412734874
2.59625725E8	455.2397982134824
2.59808993E8	335.56908665105385
2.59968316E8	343.52316300501934
2.60263454E8	347.967051807678
2.60511936E8	356.1460113960114
2.60669987E8	358.3154383242824
2.60895678E8	343.92482198283733
2.61207803E8	338.3696310312204
2.613664795E8	358.37485714285714
2.61520696E8	341.6870921817535
2.61824593E8	356.51179787669724
2.62058165E8	383.6435288849082
2.622109925E8	341.5337692857873
2.624361765E8	357.64786292332155
2.627407855E8	347.97531572904705
2.62899969E8	356.21989215098864
2.63050826E8	362.77090024330903
2.633441895E8	389.71545205920205
2.635851015E8	353.80252764612953
2.63733667E8	366.5979381443299
2.639380475E8	394.9748909866309
2.64231582E8	346.486581263866
2.64411569E8	360.93052917232023
2.645558915E8	360.78856501374213
2.648102425E8	346.30055975574294
2.65083559E8	331.51830232275324
2.65224529E8	354.1165611814346
2.653750005E8	324.28138567293774
2.65651351E8	346.271833516319
2.65885247E8	387.5357490535425
2.66021552E8	342.8308361527308
2.66196816E8	351.6439005325126
2.664682985E8	355.3282596982759
2.66677402E8	380.4858067209351
2.668104465E8	344.55241025641027
2.670024795E8	341.0196704880035
2.672676815E8	357.1174067175389
2.67460016E8	319.3149492017416
2.67590504E8	310.65627730847655
2.67790844E8	345.6751742880775
2.680494615E8	332.3046725199314
2.68233489E8	369.2586035408793
2.683623315E8	355.6636322936875
2.685626535E8	344.00556477072075
2.688141505E8	354.8359853121175
2.68998196E8	351.703781512605
2.691212125E8	344.7465398964978
2.69305491E8	336.16017993350283
2.69544969E8	354.36433579167806
2.69745058E8	355.1991558273753
2.698635095E8	362.1430687569436
2.700194335E8	345.7369226213975
2.7025476E8	369.4936135146271
2.704832035E8	359.47991888694867
2.706000615E8	367.3356732610083
2.707192135E8	336.1259367872271
2.70946674E8	350.293662062734
2.711728175E8	382.64315948601666
2.713243835E8	359.1480724000409
2.714361945E8	315.54288629894194
2.71620605E8	365.54166300043994
2.718435565E8	354.23243107454624
2.720435135E8	344.0544573643411
2.721547675E8	300.4754156349487
2.722872195E8	336.08169590643274
2.725064275E8	339.4964152352502
2.727249785E8	393.7280084447572
2.72867561E8	304.3085077466703
2.729767215E8	357.69836146971204
2.731596875E8	368.6552477139348
2.733731465E8	345.04608294930875
2.73574548E8	335.25506164461035
2.736806165E8	341.2516286644951
2.737972355E8	349.62502011263075
2.74008185E8	329.4395465994962
2.7421821E8	309.654715341156
2.74380672E8	358.39956300072834
2.744841805E8	359.4435407603556
2.746317545E8	341.2863465665236
2.74835029E8	348.8275335775336
2.750368585E8	351.5805382853403
2.751721665E8	340.1173727166731
2.752717585E8	378.2709046454768
2.754346305E8	353.19017754207977
2.75629477E8	361.4699810606061
2.75822252E8	360.62025591922
2.75947145E8	426.28915662650604
2.760430425E8	309.83337528316133
2.762057895E8	348.52135982829054
2.763968555E8	356.78018959179724
2.76587426E8	339.665558739255
2.767135505E8	336.2722812755519
2.76808458E8	335.31810796172596
2.76967139E8	360.1665754024751
2.77156076E8	374.6433231005372
2.773432765E8	341.41886269070733
2.774748495E8	428.7863270080582
2.775673295E8	333.08559972105996
2.77713495E8	349.0891679080655
2.77897569E8	338.7657969192078
2.780813245E8	364.8673805601318
2.78227624E8	330.15746638358104
2.78318713E8	316.5335185828413
2.78445831E8	360.33287837427963
2.78624475E8	327.1660072796329
2.78799759E8	358.4916703523515
2.7896884E8	357.2788497448027
2.79055951E8	347.81439393939394
2.791480645E8	362.57754010695186
2.793219045E8	333.78923996584115
2.794951505E8	358.4736467626293
2.796670295E8	353.1260454878944
2.797860375E8	383.69642362073745
2.798713395E8	345.63382172016554
2.80007599E8	349.7689126184389
2.801762495E8	351.1978127794209
2.8034403E8	349.83663220088624
2.80507948E8	360.6789315597511
2.805915035E8	349.4471544715447
2.80677891E8	342.06248406018875
2.80844071E8	346.8338552826768
2.810100155E8	343.15480245231606
2.81175222E8	335.47901028634976
2.813072575E8	347.17680140597537
2.81389511E8	336.1948228882834
2.81503931E8	337.7644038076152
2.816671245E8	337.9995666305525
2.81829173E8	359.6899024246008
2.819906385E8	353.42121524201855
2.820985375E8	333.60107816711593
2.821788915E8	323.4068725099602
2.823119855E8	344.5603624298111
2.82471554E8	344.18203456483496
2.8263049E8	353.4748110831234
2.827887405E8	348.15169651489344
2.82881078E8	365.8519061583578
2.829592085E8	351.94838606583573
2.831008305E8	362.05110832287744
2.832545715E8	344.1263770525878
2.8340819E8	357.6507195152739
2.8356106E8	347.6475155279503
2.83650187E8	337.99333333333334
2.837259075E8	336.7654867256637
2.838639935E8	340.8933231005372
2.84014566E8	367.11373401405245
2.841642325E8	325.5351019087674
2.843131325E8	339.7310593637258
2.844097475E8	340.05466970387243
2.844837785E8	342.30841121495325
2.84609444E8	356.8463088043607
2.847568575E8	329.5040650406504
2.84903889E8	351.36740506329113
2.850507725E8	326.7530619000331
2.85162443E8	335.79907084785134
2.85235427E8	317.19171707771056
2.8534268E8	338.30550656476584
2.85486983E8	352.3373051335518
2.85630282E8	332.5772589556229
2.85773144E8	352.93007053905774
2.859069595E8	333.85815202034473
2.859767315E8	336.05514705882354
2.86052856E8	355.1184412920868
2.861903485E8	346.1618673218673
2.86326707E8	364.70280420630945
2.86461012E8	346.20133032426656
2.865942015E8	353.3766328011611
2.866994605E8	373.6248857119109
2.867650045E8	368.93966216714614
2.868562865E8	325.4442142645753
2.86985097E8	349.8711358734723
2.87113018E8	360.02726664436267
2.872400565E8	351.9743378619459
2.8736678E8	349.1528524183547
2.874684495E8	351.20060514372165
2.875308515E8	339.11329348135496
2.876171135E8	353.9805551199624
2.877417145E8	345.89384334371977
2.87865989E8	345.4844660194175
2.87989856E8	351.3610108303249
2.881135245E8	344.2743826734722
2.88225463E8	289.117859725235
2.882869705E8	343.60643564356434
2.883595355E8	337.46296562634836
2.884818635E8	346.2041847041847
2.88604014E8	341.81228949314055
2.88725668E8	347.59605122732125
2.88845977E8	351.4820427652066
2.889652565E8	346.1590062111801
2.890345995E8	300.70794824399263
2.89094055E8	330.4222789115646
2.892031115E8	351.6489533011272
2.893211245E8	328.1309523809524
2.8943711E8	348.3469623059867
2.89550763E8	353.28533276359366
2.896633655E8	340.6575552825553
2.897663725E8	336.7522079653391
2.898226395E8	321.7368896925859
2.89887659E8	355.12356928547615
2.899984115E8	339.85736347044786
2.901089365E8	346.21551036682615
2.90218437E8	344.6952691680261
2.903262345E8	349.488178913738
2.9043256E8	341.86700636942675
2.905335855E8	309.4989289191821
2.905862925E8	332.85357142857146
2.906432345E8	354.82103099845864
2.907479405E8	341.2002371675419
2.90851896E8	338.75
2.90955247E8	348.3251019483462
2.91058116E8	350.5651814043316
2.91160204E8	346.64334470989763
2.912615545E8	335.25818072650856
2.91331315E8	332.10178970917224
2.9138107E8	338.04408352668213
2.91461273E8	337.7939475713184
2.91559725E8	379.4233128834356
2.91657178E8	345.2777234978017
2.917545145E8	313.89718309859154
2.91851644E8	331.244988394176
2.91948596E8	361.7154811715481
2.920451375E8	319.5173913043478
2.9210626E8	348.10062056737587
2.921538905E8	346.46012759170657
2.922360205E8	339.065836791148
2.923310645E8	338.49793388429754
2.924255295E8	331.31346578366447
2.925187585E8	344.7039413382218
2.92610929E8	356.1493624772313
2.92702327E8	338.20128873887694
2.92792108E8	345.8082699796032
2.928622145E8	387.9332956472583
2.929062585E8	351.656629431763
2.92967363E8	347.16363065326635
2.930529085E8	348.0886075949367
2.931380435E8	363.68545949214024
2.9322235E8	332.9881001231022
2.93305647E8	381.47415730337076
2.93388439E8	342.5376657824934
2.93470965E8	352.91270969576345
2.935531875E8	370.86159280667954
2.936254925E8	364.04497487437186
2.936664795E8	369.9882121807466
2.9371692E8	333.5956547978274
2.937980535E8	360.15373878364903
2.938782955E8	359.37410694955616
2.93957456E8	353.37601152865534
2.940359865E8	277.66188197767144
2.94113718E8	340.80163122633263
2.94190606E8	374.6499364675985
2.94267212E8	245.82432432432432
2.9434356E8	372.6747137879542
2.94403587E8	342.452935388652
2.944416325E8	358.06523605150215
2.944955125E8	337.87179487179486
2.9457076E8	342.99209167204646
2.9464554E8	340.97058823529414
2.947198625E8	324.7231875374476
2.947938495E8	217.7111111111111
2.94867693E8	333.6914622491239
2.94941437E8	342.6074074074074
2.950150255E8	279.7966002344666
2.9508846E8	334.4796814936848
2.951596985E8	354.61022167487687
2.951959055E8	310.85714285714283
2.9523318E8	306.06130268199234
2.953042615E8	366.8112759643917
2.95375117E8	340.4214064115822
2.95445692E8	340.9854391733208
2.95515887E8	326.2507569501789
2.955858525E8	355.548801369863
2.956554665E8	351.9619836586473
2.957244435E8	354.244399185336
2.957929165E8	324.70531822144727
2.958609135E8	372.62025316455697
2.959283655E8	337.4909657320872
2.95962472E8	315.8
2.959959795E8	364.16682430834715
2.960623185E8	352.8706582864704
2.961285905E8	335.74113924050636
2.961944545E8	341.1024828314844
2.96259386E8	321.51542111506524
2.963231915E8	340.55653659925946
2.963866495E8	334.9640976543801
2.964495135E8	336.76769911504425
2.96511883E8	355.8522033898305
2.96574108E8	376.03471074380167
2.966360135E8	361.27619446772843
2.966975155E8	344.3670576735093
2.967299425E8	252.46153846153845
2.967605265E8	330.3864951768489
2.968197085E8	292.50294985250736
2.968803715E8	343.21565315315314
2.969406465E8	334.2236710130391
2.970003935E8	306.62938331318014
2.97059853E8	359.0828286774761
2.971191925E8	357.27016289233217
2.971783685E8	354.9155844155844
2.972373605E8	324.0200501253133
2.972962345E8	357.4230951254141
2.973550285E8	330.33512866546977
2.974136535E8	354.4806290755658
2.974716695E8	336.4225352112676
2.975006415E8	0.0
2.975297915E8	265.094298245614
2.975874835E8	342.2147028512539
2.97644944E8	355.1264693960276
2.977022745E8	350.5453189108542
2.977593955E8	341.41078524124885
2.97816386E8	343.0724907063197
2.97873337E8	370.27924371493873
2.97929694E8	344.8773946360153
2.979853355E8	336.4768105601142
2.98040566E8	319.40641025641025
2.980954345E8	381.0321782178218
2.98150189E8	334.633608815427
2.982045775E8	312.09327731092435
2.98250394E8	351.2167544060426
2.98277297E8	347.36778983438035
2.98312184E8	354.14285714285717
2.983655255E8	380.20388349514565
2.98418571E8	342.8998366902558
2.98471025E8	349.7263831388784
2.985229515E8	347.72579067492666
2.98574718E8	347.07392197125256
2.98626245E8	364.2186940966011
2.986775555E8	362.1290900941282
2.987287515E8	329.18019573978125
2.9877965E8	344.43841424634303
2.98830158E8	350.7149028077754
2.98880377E8	358.71751412429376
2.9893041E8	363.2991222147198
2.989803155E8	352.23009912886755
2.9902156E8	347.0032292787944
2.99046443E8	325.85749385749386
2.990795815E8	350.7893243940175
2.991287095E8	328.29592284085925
2.991776335E8	354.9070208728653
2.99226409E8	330.1675708257987
2.992750675E8	345.2755102040816
2.99323612E8	285.8775510204082
2.993721015E8	371.31125253109633
2.99420364E8	324.87644787644786
2.994682855E8	345.5328587075575
2.995160355E8	344.21450381679387
2.99563736E8	349.0868744098206
2.99611366E8	312.9139523578026
2.99658856E8	365.7608252674478
2.99706222E8	342.54019111860595
2.99753043E8	350.77455357142856
2.997914265E8	341.60671462829737
2.998145535E8	298.78125
2.998454455E8	324.9189944134078
2.998912785E8	337.40140845070425
2.999369015E8	351.22306855277475
2.99982407E8	332.1232638888889
3.000278035E8	327.82694763729245
3.00072936E8	348.1402550091075
3.001178095E8	361.66051912568304
3.001626E8	345.1039657020364
3.002072585E8	327.49442060085835
3.0025153E8	362.96999188969994
3.002951105E8	324.16783216783216
3.00338256E8	328.16923868312756
3.00381246E8	308.88526912181305
3.00424041E8	342.1378795420607
3.00466617E8	297.6528925619835
3.00509036E8	351.2508484162896
3.005513965E8	322.38499628620946
3.005739685E8	449.25274725274727
3.0059498E8	340.76200640341517
3.006355E8	345.10966981132077
3.00677186E8	374.44674663029525
3.00718655E8	335.73644703919933
3.007599975E8	338.55898876404495
3.008009635E8	357.65518453427063
3.00841504E8	369.54749498997995
3.00881871E8	340.86720997123683
3.009221625E8	333.04127100073043
3.00962411E8	304.209900990099
3.01002529E8	358.0534351145038
3.010424755E8	354.42664551942903
3.010823325E8	358.6822846943329
3.011221535E8	349.1764252696456
3.01161883E8	364.873920552677
3.012013185E8	347.68346650276584
3.01240271E8	355.25377468060395
3.01278813E8	340.68611435239205
3.013171725E8	322.936018957346
3.013402245E8	336.91584158415844
3.01359325E8	354.5087281795511
3.01393599E8	360.26874625074987
3.01431711E8	382.6116504854369
3.014697935E8	324.64022662889516
3.015075635E8	339.33660130718954
3.01544826E8	321.76456876456876
3.015818905E8	366.3966101694915
3.01618727E8	358.64746732026146
3.01655231E8	346.828
3.01691575E8	334.1859215475551
3.01727817E8	353.239525540463
3.017639465E8	368.886593204775
3.018000005E8	337.7307692307692
3.018360275E8	303.00363636363636
3.018718265E8	334.82604817127566
3.019074095E8	345.258064516129
3.0194275E8	355.6532663316583
3.01977819E8	359.0496131087847
3.020128525E8	328.05725971370146
3.02047874E8	367.8825396825397
3.020828745E8	361.1006386258533
3.021066125E8	376.68324607329845
3.021240165E8	356.89409141583053
3.0215234E8	336.620979020979
3.021865385E8	333.1283632286995
3.022202135E8	338.2924747866563
3.02253491E8	364.53066571394544
3.022863395E8	350.5254957507082
3.02318457E8	376.42622950819674
3.023501625E8	318.8752228163993
3.02381257E8	337.35355285961873
3.024117055E8	352.59579728059333
3.024418645E8	334.2622478386167
3.024718665E8	349.8660844250364
3.02501802E8	363.7227157360406
3.0253152E8	349.7396480331263
3.02561013E8	358.0349251603706
3.025904035E8	364.15715767634856
3.026196635E8	355.33224755700326
3.02648696E8	359.75393154486585
3.026774925E8	307.41442953020135
3.0270614E8	352.1714285714286
3.0273473E8	336.67448151487827
3.0276322E8	343.5
3.02791553E8	360.29249475890987
3.02819683E8	339.8669001751313
3.02847463E8	338.1034482758621
3.02871419E8	307.27513227513225
3.028851665E8	348.79605263157896
3.029023805E8	305.520325203252
3.02929608E8	351.2084210526316
3.029566585E8	355.00472508591065
3.02983539E8	334.5377558221595
3.030103E8	348.1851683348499
3.03036936E8	337.61266747868456
3.030633795E8	312.9721706864564
3.03089659E8	354.4134885588117
3.031158375E8	311.2418604651163
3.03141897E8	340.46948356807513
3.0316784E8	372.89449541284404
3.03193613E8	351.3819320214669
3.03219033E8	341.83228391528337
3.03244142E8	340.2009966777409
3.03269183E8	352.55045871559633
3.032941495E8	332.2658393207054
3.03318984E8	340.7245989304813
3.03343729E8	370.24460431654677
3.03368407E8	341.39702760084924
3.03392961E8	347.3639846743295
3.034173935E8	372.7
3.034417695E8	360.5216572504708
3.03466092E8	351.27242524916943
3.03490315E8	212.22641509433961
3.03514472E8	344.9682119205298
3.03538466E8	347.25759577278734
3.035622675E8	353.8400809716599
3.03585904E8	367.2681231380338
3.036094165E8	380.55806451612904
3.03632882E8	352.711743772242
3.036474595E8	328.83798882681566
3.03659146E8	301.5410199556541
3.036795675E8	306.5366795366795
3.03702759E8	358.1869300911854
3.037259045E8	338.75
3.03749014E8	351.88757396449705
3.037721115E8	305.48012078510317
3.03795153E8	356.46345975948196
3.038181055E8	345.09206798866853
3.03840977E8	356.8354591836735
3.038636995E8	363.849012775842
3.038862345E8	347.5650172612198
3.03908542E8	354.59581881533103
3.03930611E8	317.4992050874404
3.039525865E8	361.65533028122957
3.03974351E8	372.728275862069
3.039958025E8	355.8909952606635
3.040171415E8	361.10865122615803
3.04038313E8	342.55906821963396
3.040591685E8	345.4474885844749
3.04079863E8	353.6521145975443
3.04100481E8	355.14320193081255
3.04120937E8	352.7049071618037
3.041411265E8	325.32820097244735
3.04161089E8	359.45612582781456
3.041809935E8	334.8871989860583
3.04200889E8	359.63300970873786
3.042207195E8	322.51928020565555
3.042404435E8	336.1433962264151
3.04260093E8	340.37966804979254
3.042797115E8	352.82184716361934
3.04299283E8	394.5205146880311
3.043188045E8	352.86037735849055
3.0433822E8	358.0833333333333
3.04357514E8	340.9808429118774
3.043766445E8	264.6949152542373
3.04395624E8	357.45471014492756
3.044120845E8	246.82758620689654
3.044215395E8	340.0
3.044334495E8	342.59003831417624
3.044520715E8	359.83561643835617
3.04470397E8	372.8487654320988
3.04488589E8	370.5349794238683
3.0450666E8	320.47435897435895
3.0452464E8	241.03174603174602
3.04542522E8	341.65942028985506
3.04560353E8	355.1354581673307
3.045781455E8	328.23595505617976
3.045958945E8	360.956228956229
3.04613409E8	339.12259970457905
3.04630615E8	332.2162162162162
3.046477165E8	360.70710973724886
3.04664782E8	356.3087912087912
3.046818275E8	360.4375
3.04698855E8	349.6476833976834
3.047157445E8	356.89344852411807
3.047322845E8	349.02659574468083
3.047485745E8	360.9070373588184
3.047647915E8	332.1139534883721
3.04780937E8	377.74524714828897
3.04797045E8	335.56449165402125
3.04813105E8	343.2447368421053
3.04829099E8	19.375
3.04844809E8	377.42890084550345
3.04860144E8	359.0912709171556
3.04875228E8	351.40143369175627
3.048899345E8	357.9822222222222
3.04904393E8	353.1904761904762
3.04918797E8	366.25342465753425
3.04933121E8	338.314453125
3.049473325E8	348.64269829503337
3.049613855E8	373.2526158445441
3.049753525E8	356.1871178149205
3.04989176E8	355.6422287390029
3.050028535E8	340.7526595744681
3.050165075E8	342.68831168831167
3.05030149E8	365.0483870967742
3.05043766E8	370.899879855827
3.05057328E8	386.5167112299465
3.050707775E8	341.82337662337665
3.050840815E8	366.55829596412553
3.050973185E8	299.625
3.0511055E8	362.4791666666667
3.051237565E8	365.6455108359133
3.051369355E8	364.56671251719393
3.05150043E8	339.64473684210526
3.05163013E8	346.22685185185185
3.05175888E8	342.155672823219
3.05185055E8	20.0
3.051914585E8	298.3076923076923
3.052015075E8	345.31531531531533
3.05214187E8	332.60714285714283
3.052267085E8	359.3507571043352
3.05239162E8	359.5984848484849
3.052514665E8	299.07563025210084
3.052635855E8	22.75
3.05275651E8	299.65354330708664
3.052876965E8	349.21673003802283
3.052997075E8	305.5343137254902
3.05311672E8	344.9574468085106
3.053236175E8	302.0
3.053355615E8	340.52197802197804
3.05347491E8	320.0
3.0535937E8	367.4777680906713
3.053711045E8	19.333333333333332
3.053827095E8	290.656
3.05394203E8	352.1050156739812
3.05405586E8	468.58574181117535
3.05416915E8	325.7
3.054282015E8	311.43589743589746
3.054393975E8	348.9311717861206
3.05450508E8	358.24870466321244
3.054616145E8	358.021164021164
3.05472713E8	349.84375
3.054837595E8	359.4861196792104
3.05494683E8	313.5921052631579
3.055054885E8	350.60526315789474
3.055161465E8	355.9761290322581
3.05526661E8	308.8671875
3.05537127E8	364.60844444444444
3.055475015E8	334.5
3.055577785E8	360.5218855218855
3.05567969E8	369.6923076923077
3.05578E8	301.4556451612903
3.05587934E8	335.39906103286387
3.055978485E8	344.0629011553273
3.056077465E8	325.37417218543044
3.05617534E8	359.44586728754365
3.05627204E8	394.9611111111111
3.0563683E8	199.625
3.056464125E8	342.05
3.05655943E8	319.96625766871165
3.05665429E8	419.38235294117646
3.056749135E8	363.2207792207792
3.05684391E8	334.46120689655174
3.056938605E8	354.8563656147987
3.05703288E8	369.2937062937063
3.0571261E8	295.013698630137
3.057218545E8	320.14222222222224
3.057310705E8	323.6885593220339
3.057402675E8	309.31756756756755
3.057494535E8	299.93333333333334
3.057585785E8	349.1422680412371
3.05767648E8	362.7626527050611
3.05776642E8	360.8232984293194
3.057855425E8	328.780303030303
3.05794349E8	200.375
3.05803082E8	297.9185520361991
3.058116615E8	341.29551451187336
3.058200515E8	347.33898305084745
3.058282875E8	331.17297297297296
3.058363865E8	325.57575757575756
3.058444065E8	325.46351931330474
3.058523285E8	344.4403361344538
3.058601015E8	372.3422459893048
3.058677105E8	0.0
3.058752425E8	347.6203007518797
3.05882709E8	330.4770642201835
3.058900985E8	318.97159090909093
3.05897348E8	397.84761904761905
3.059044835E8	21.0
3.059115865E8	336.7843137254902
3.059186575E8	291.4321608040201
3.059257075E8	337.9954128440367
3.059327345E8	298.34418604651165
3.059397415E8	346.3888888888889
3.05946737E8	374.61845102505697
3.05953382E8	370.43628509719224
3.059568435E8	237.2
3.059606085E8	368.14331210191085
3.059675075E8	75.42857142857143
3.05974393E8	244.5
3.059812595E8	346.2279411764706
3.0598811E8	175.48
3.05994947E8	352.4
3.060017745E8	358.65928777670837
3.06008546E8	335.63309352517985
3.06015243E8	347.45454545454544
3.06021916E8	372.83673469387753
3.06028584E8	354.47086247086247
3.060351805E8	304.88235294117646
3.060416715E8	365.951724137931
3.06048088E8	320.92857142857144
3.06054431E8	337.79350348027845
3.06060702E8	323.95238095238096
3.06066934E8	367.59065934065933
3.060731045E8	377.5
3.06079204E8	383.2857142857143
3.060852755E8	345.23655913978496
3.06091306E8	69.25
3.060973105E8	335.51149425287355
3.06103308E8	323.4691943127962
3.06109298E8	363.47587719298247
3.06115231E8	355.45217391304345
3.06121083E8	352.6
3.061268995E8	349.61538461538464
3.061326905E8	331.6212121212121
3.061384525E8	358.76107899807323
3.06144196E8	0.0
3.06149915E8	342.5615384615385
3.061556135E8	343.005698005698
3.061612865E8	342.83277591973246
3.061668935E8	365.2080378250591
3.061724375E8	341.7699642431466
3.06177958E8	20.0
3.06183465E8	331.53061224489795
3.0618895E8	364.48563078421824
3.061944175E8	294.69767441860466
3.061998695E8	343.8192307692308
3.062052965E8	0.0
3.062107035E8	365.1995863495346
3.062160895E8	326.81639344262294
3.06221455E8	322.951724137931
3.062267975E8	208.72222222222223
3.062321055E8	54.666666666666664
3.062373925E8	198.0
3.062426715E8	362.0769230769231
3.06247945E8	372.3122171945701
3.062532015E8	103.5
3.062584425E8	356.8832236842105
3.06263673E8	338.10877192982457
3.062688905E8	356.86752136752136
3.06274102E8	302.6458333333333
3.06279276E8	353.9825242718447
3.062844135E8	309.741935483871
3.062895485E8	270.0
3.06294667E8	0.0
3.06299761E8	333.7371134020619
3.063048415E8	343.2093023255814
3.063099165E8	332.2782258064516
3.063149815E8	0.0
3.063200175E8	285.3333333333333
3.063250325E8	409.63031914893617
3.06330018E8	233.5
3.063349735E8	0.0
3.063399235E8	304.3061224489796
3.06344861E8	364.4931506849315
3.063497735E8	330.7692307692308
3.06354609E8	366.11189801699715
3.06359362E8	363.8987764182425
3.06364072E8	315.1923076923077
3.06368756E8	269.9583333333333
3.063734225E8	349.17427385892114
3.063780725E8	397.36842105263156
3.06382707E8	342.3958333333333
3.063873235E8	182.36363636363637
3.06391931E8	349.1057692307692
3.063965295E8	381.5353075170843
3.06401082E8	366.53361945636624
3.064055785E8	357.14383561643837
3.06410055E8	383.0
3.0641452E8	335.25
3.0641896E8	364.9130434782609
3.064233765E8	282.90410958904107
3.06427766E8	362.49074074074076
3.064321085E8	292.02702702702703
3.06436424E8	359.375
3.06440737E8	131.4
3.064450465E8	336.0
3.06449342E8	331.36
3.06453625E8	19.0
3.06457902E8	354.31024096385545
3.064621725E8	305.41269841269843
3.06466441E8	306.20075757575756
3.06470704E8	364.70234113712377
3.064749595E8	400.7959183673469
3.064792095E8	92.0
3.06483446E8	272.3880597014925
3.064876545E8	384.36075205640424
3.064918455E8	234.8
3.0649603E8	408.28882175226585
3.065001735E8	167.0
3.06504273E8	318.14334470989763
3.065083565E8	311.0
3.06512427E8	322.7682926829268
3.06516488E8	344.99
3.065205265E8	365.16423357664235
3.065245425E8	306.6136363636364
3.06528524E8	0.0
3.06532471E8	373.8876860622463
3.065364115E8	348.74198988195616
3.065403375E8	0.0
3.0654423E8	351.7966666666667
3.06548097E8	0.0
3.0655195E8	0.0
3.065557735E8	277.45
3.06559577E8	301.3414634146341
3.065633635E8	293.75
3.065671335E8	339.30864197530866
3.065709005E8	363.78688524590166
3.065746505E8	265.9298245614035
3.065783835E8	436.5067567567568
3.06582112E8	355.10186199342826
3.06585833E8	265.5
3.06589543E8	353.15555555555557
3.065932395E8	352.1456657730116
3.065969265E8	387.55606407322654
3.06600612E8	359.9826086956522
3.066042955E8	391.07460545193686
3.06607968E8	268.2903225806452
3.0661163E8	336.8558139534884
3.066152875E8	98.88888888888889
3.06618939E8	205.125
3.066225875E8	0.0
3.066262295E8	346.1695652173913
3.066298605E8	326.515625
3.066334545E8	196.0
3.06637011E8	23.0
3.0664056E8	227.625
3.066440915E8	377.9025423728813
3.066476025E8	386.0217391304348
3.066511055E8	367.26785714285717
3.06654603E8	358.23237179487177
3.066580945E8	314.5507246376812
3.066615705E8	418.5
3.06665033E8	307.2077922077922
3.06668493E8	0.0
3.066719485E8	277.85185185185185
3.066753845E8	373.52866242038215
3.06678798E8	53.42857142857143
3.066821985E8	441.2
3.06685591E8	0.0
3.066889815E8	332.7720207253886
3.066923705E8	309.85380116959067
3.066957585E8	331.06060606060606
3.066991455E8	359.0022935779817
3.067025305E8	348.94117647058823
3.06705914E8	343.28125
3.067092965E8	0.0
3.06712672E8	304.3333333333333
3.06716041E8	338.3993710691824
3.067194095E8	343.35616438356163
3.067227775E8	357.43560606060606
3.067248635E8	63.0
3.06726541E8	21.0
3.067294915E8	298.0
3.067328405E8	364.1967213114754
3.067361665E8	372.5
3.06739469E8	72.0
3.06742768E8	19.0
3.06746065E8	279.0722891566265
3.067493595E8	284.8125
3.067526505E8	374.27470355731225
3.06755933E8	0.0
3.067591995E8	372.3491124260355
3.067624565E8	354.9136212624585
3.067657115E8	377.29411764705884
3.06768965E8	40.75
3.06772208E8	281.8606060606061
3.067754395E8	216.0
3.067786575E8	343.7951807228916
3.067818625E8	243.55555555555554
3.067850465E8	351.1397058823529
3.0678821E8	266.5
3.067913705E8	376.7942857142857
3.067945245E8	319.7142857142857
3.06797666E8	346.98790322580646
3.0680079E8	0.0
3.06803903E8	265.9047619047619
3.068070135E8	19.0
3.068101235E8	362.85714285714283
3.06813233E8	355.6059701492537
3.068163365E8	314.219512195122
3.068194285E8	0.0
3.06822513E8	382.52941176470586
3.068255925E8	335.58125
3.068286625E8	340.7916666666667
3.068317255E8	343.09708737864077
3.068347845E8	339.25
3.068378385E8	21.0
3.0684088E8	171.0
3.06843903E8	335.0327868852459
3.068469175E8	308.12396694214874
3.068499285E8	397.09673518742443
3.068529315E8	320.9111111111111
3.06855925E8	267.0
3.06858904E8	310.16326530612247
3.06861871E8	0.0
3.06864829E8	237.59825327510916
3.068677785E8	19.0
3.06870722E8	294.2916666666667
3.068736605E8	313.4010152284264
3.06876586E8	336.06451612903226
3.06879498E8	496.5
3.068824045E8	399.0
3.068853035E8	393.5108695652174
3.06888198E8	0.0
3.0689109E8	0.0
3.068939665E8	149.0
3.06896809E8	322.1111111111111
3.068996235E8	221.9
3.069024245E8	344.0020920502092
3.06905212E8	298.2413793103448
3.069079905E8	359.20754716981133
3.069107675E8	350.44444444444446
3.06913543E8	334.44565217391306
3.06916313E8	328.3333333333333
3.06919067E8	345.72558139534885
3.069218095E8	371.24788732394364
3.069245455E8	355.76190476190476
3.06927266E8	390.93706293706293
3.06929975E8	343.03508771929825
3.069326695E8	0.0
3.069353465E8	381.6397058823529
3.06938016E8	180.0
3.06940674E8	365.23217247097847
3.06943317E8	311.8074074074074
3.069459505E8	19.333333333333332
3.069485655E8	327.6102564102564
3.06951153E8	158.36363636363637
3.069537225E8	379.559585492228
3.069562725E8	51.0
3.069587885E8	27.0
3.069612825E8	368.76635514018693
3.069637735E8	360.0875
3.0696626E8	365.2105263157895
3.06968739E8	321.7244094488189
3.06971213E8	19.0
3.06973672E8	0.0
3.069761095E8	197.5
3.06978536E8	261.8529411764706
3.0698095E8	19.0
3.06983354E8	20.0
3.06985755E8	357.77272727272725
3.06988152E8	397.53846153846155
3.06990543E8	351.6884422110553
3.069929255E8	457.42857142857144
3.069953025E8	406.9268292682927
3.069976725E8	325.832414553473
3.070000295E8	288.8727272727273
3.07002367E8	791.0
3.07004687E8	0.0
3.070070005E8	37.0
3.070093035E8	20.0
3.070115925E8	0.0
3.07013868E8	357.4078947368421
3.07016134E8	381.9943820224719
3.07018396E8	280.82456140350877
3.07020655E8	0.0
3.070229135E8	0.0
3.0702516E8	353.73015873015873
3.07027389E8	312.92857142857144
3.0702961E8	357.63384615384615
3.070318285E8	348.83644859813086
3.070340435E8	153.5
3.070362525E8	341.256
3.07038456E8	342.2340425531915
3.07040653E8	0.0
3.0704284E8	243.6
3.070450185E8	333.79816513761466
3.07047178E8	328.6
3.0704932E8	20.0
3.07051452E8	356.0088495575221
3.070535745E8	0.0
3.07055696E8	266.06666666666666
3.07057816E8	338.64414414414415
3.07059934E8	0.0
3.0706204E8	0.0
3.070641345E8	0.0
3.07066228E8	336.67605633802816
3.070683165E8	0.0
3.070704E8	331.0
3.07072481E8	356.49567224466244
3.07074558E8	287.25
3.070766325E8	0.0
3.070787045E8	342.05882352941177
3.07080772E8	298.8
3.070828335E8	331.79761904761904
3.07084889E8	0.0
3.07086942E8	19.0
3.07088987E8	0.0
3.070910185E8	150.08333333333334
3.07093044E8	284.35714285714283
3.07095069E8	331.73214285714283
3.07097091E8	326.3125
3.07099108E8	83.25
3.071011185E8	304.60377358490564
3.07103122E8	251.0
3.071051185E8	269.6
3.071071095E8	185.95454545454547
3.071090915E8	346.8860294117647
3.07111059E8	0.0
3.071130195E8	126.66666666666667
3.07114979E8	369.5
3.07116933E8	350.3917525773196
3.071188785E8	337.875
3.071208195E8	370.0
3.07122752E8	0.0
3.071246735E8	417.6909090909091
3.071265845E8	0.0
3.07128479E8	0.0
3.07130355E8	0.0
3.07132213E8	70.6
3.071340475E8	20.0
3.07135863E8	397.8
3.071376725E8	388.22222222222223
3.07139478E8	403.3333333333333
3.07141279E8	0.0
3.071430775E8	0.0
3.07144871E8	305.5
3.071466595E8	0.0
3.07148442E8	439.25
3.07150216E8	169.4
3.071519825E8	0.0
3.071537425E8	0.0
3.071554995E8	279.87301587301585
3.071572545E8	40.333333333333336
3.07159008E8	19.0
3.071607605E8	137.0
3.071625115E8	162.94444444444446
3.07164259E8	129.0
3.07165998E8	0.0
3.071677295E8	0.0
3.07169459E8	0.0
3.07171187E8	328.0759493670886
3.07172911E8	194.5856754306437
3.071746285E8	281.2631578947368
3.071763405E8	343.6595744680851
3.0717805E8	21.0
3.07179757E8	210.77777777777777
3.0718146E8	186.0
3.07183154E8	0.0
3.071848325E8	0.0
3.071864995E8	333.9404958677686
3.07188158E8	354.1467889908257
3.07189806E8	285.6
3.07191447E8	328.3061224489796
3.071930855E8	0.0
3.07194713E8	341.3845177664975
3.07196327E8	359.1666666666667
3.071979365E8	277.44117647058823
3.07199539E8	200.0
3.07201133E8	21.0
3.072027235E8	20.0
3.072043025E8	283.0
3.07205867E8	0.0
3.07207427E8	19.0
3.07208982E8	98.33333333333333
3.072105315E8	0.0
3.07212076E8	397.9
3.072136115E8	20.0
3.072151395E8	316.29464285714283
3.072166655E8	375.47670250896056
3.07218189E8	143.0
3.07219709E8	0.0
3.07221218E8	19.0
3.072227155E8	41.0
3.072242065E8	255.0
3.07225692E8	0.0
3.072271765E8	295.9852941176471
3.07228659E8	323.5466666666667
3.072301395E8	22.0
3.072316155E8	19.0
3.072330835E8	342.75
3.0723454E8	402.36842105263156
3.072359815E8	280.5047619047619
3.072374155E8	19.0
3.07238849E8	326.1929824561403
3.072402775E8	298.55555555555554
3.072416995E8	313.75
3.072431125E8	307.6666666666667
3.072445175E8	382.0
3.07245921E8	0.0
3.07247322E8	0.0
3.072487205E8	111.5
3.072501165E8	304.0
3.072515085E8	348.22410865874366
3.072528945E8	0.0
3.07254274E8	372.90909090909093
3.072556495E8	259.5952380952381
3.072570195E8	372.561797752809
3.07258382E8	354.85714285714283
3.07259739E8	0.0
3.072610935E8	0.0
3.072624475E8	318.014598540146
3.072637995E8	376.1607142857143
3.07265146E8	19.0
3.072664865E8	334.3125
3.072678185E8	0.0
3.072691435E8	0.0
3.072704615E8	265.1
3.07271773E8	326.4888888888889
3.072730825E8	323.71875
3.072743855E8	68.5
3.072756825E8	329.0344827586207
3.072769735E8	61.333333333333336
3.07278257E8	0.0
3.07279535E8	196.5
3.07280808E8	19.0
3.07282078E8	280.7
3.07283345E8	276.24050632911394
3.072846035E8	252.3846153846154
3.072858485E8	0.0
3.072870805E8	339.82142857142856
3.07288306E8	258.5
3.072895305E8	0.0
3.0729075E8	0.0
3.072919625E8	0.0
3.0729317E8	331.0
3.072943745E8	0.0
3.07295576E8	0.0
3.07296769E8	218.125
3.072979505E8	0.0
3.072991265E8	0.0
3.073002965E8	19.666666666666668
3.0730146E8	20.0
3.0730262E8	293.8198198198198
3.073037765E8	0.0
3.073049325E8	189.0
3.073060875E8	367.4
3.07307234E8	374.1333333333333
3.073083675E8	0.0
3.0730949E8	0.0
3.07310606E8	320.24528301886795
3.073117205E8	0.0
3.07312834E8	301.986301369863
3.07313946E8	0.0
3.07315057E8	19.0
3.073161665E8	280.54545454545456
3.07317273E8	361.36842105263156
3.073183765E8	314.55555555555554
3.073194775E8	150.96491228070175
3.073205775E8	318.14285714285717
3.07321677E8	444.0
3.073227755E8	20.0
3.073238735E8	324.8287153652393
3.07324967E8	351.4017857142857
3.07326045E8	19.0
3.07327112E8	231.69230769230768
3.07328175E8	0.0
3.07329233E8	248.1891891891892
3.073302885E8	249.0
3.0733134E8	348.29531568228106
3.07332388E8	156.0
3.073334315E8	334.8
3.073344645E8	0.0
3.073354855E8	290.1875
3.073365005E8	208.77777777777777
3.07337512E8	0.0
3.07338521E8	19.0
3.07339524E8	277.0
3.073405195E8	0.0
3.073415095E8	0.0
3.073424955E8	0.0
3.07343481E8	0.0
3.07344466E8	150.33333333333334
3.07345449E8	408.0
3.0734643E8	0.0
3.073474095E8	0.0
3.073483845E8	0.0
3.073493565E8	0.0
3.07350326E8	238.5
3.073512895E8	20.0
3.07352248E8	0.0
3.07353193E8	343.55
3.07354126E8	0.0
3.073550565E8	0.0
3.073559835E8	0.0
3.073569075E8	20.5
3.073578275E8	0.0
3.073587445E8	0.0
3.07359658E8	0.0
3.07360568E8	482.125
3.07361477E8	0.0
3.073623815E8	0.0
3.0736328E8	0.0
3.073641745E8	20.0
3.073650655E8	157.0
3.07365955E8	0.0
3.073668425E8	0.0
3.07367728E8	0.0
3.07368608E8	0.0
3.073694805E8	203.0
3.0737035E8	324.22222222222223
3.073712185E8	22.0
3.07372084E8	220.2941176470588
3.073729445E8	0.0
3.07373801E8	195.92307692307693
3.07374652E8	0.0
3.07375497E8	270.3407407407407
3.07376337E8	350.375
3.07377173E8	100.0
3.073780065E8	371.57142857142856
3.07378836E8	0.0
3.073796625E8	0.0
3.07380485E8	273.86486486486484
3.073812975E8	244.71544715447155
3.073821025E8	493.0
3.073829055E8	20.0
3.07383704E8	20.0
3.073844975E8	272.3333333333333
3.073852875E8	0.0
3.07386072E8	286.6842105263158
3.07386853E8	0.0
3.073876335E8	0.0
3.07388411E8	236.3684210526316
3.073891845E8	0.0
3.073899525E8	350.7142857142857
3.073907155E8	274.85714285714283
3.073914765E8	0.0
3.073922355E8	19.0
3.07392992E8	0.0
3.073937465E8	0.0
3.073944975E8	0.0
3.073952445E8	0.0
3.073959905E8	0.0
3.073967355E8	0.0
3.073974755E8	0.0
3.073982085E8	0.0
3.07398938E8	20.0
3.07399665E8	20.0
3.074003845E8	0.0
3.074010975E8	21.0
3.07401809E8	259.3333333333333
3.074025195E8	20.0
3.074032295E8	0.0
3.074039365E8	0.0
3.0740464E8	0.0
3.0740534E8	0.0
3.074060365E8	0.0
3.07406728E8	112.33333333333333
3.07407414E8	20.0
3.07408095E8	0.0
3.07408771E8	0.0
3.074094455E8	0.0
3.07410119E8	71.0
3.07410791E8	0.0
3.074114535E8	0.0
3.074121015E8	21.0
3.07412743E8	425.1333333333333
3.07413383E8	0.0
3.07414021E8	0.0
3.07414658E8	0.0
3.07415294E8	0.0
3.074159275E8	0.0
3.074165575E8	0.0
3.07417184E8	0.0
3.074178075E8	0.0
3.074184285E8	0.0
3.07419046E8	0.0
3.074196585E8	0.0
3.07420267E8	387.1666666666667
3.07420871E8	0.0
3.07421472E8	0.0
3.074220725E8	0.0
3.07422671E8	0.0
3.074232665E8	20.0
3.074238595E8	130.33333333333334
3.074244515E8	19.0
3.07425042E8	155.8
3.074256305E8	0.0
3.074262165E8	0.0
3.074268005E8	139.66666666666666
3.074273815E8	136.0
3.074279595E8	237.43661971830986
3.07428537E8	0.0
3.07429113E8	0.0
3.074296855E8	0.0
3.07430254E8	0.0
3.07430819E8	0.0
3.074313815E8	0.0
3.074319415E8	0.0
3.07432497E8	0.0
3.074330485E8	0.0
3.074335975E8	0.0
3.074341455E8	194.0
3.07434693E8	0.0
3.0743524E8	0.0
3.074357865E8	490.0
3.074363325E8	200.0
3.07436878E8	0.0
3.07437422E8	0.0
3.07437964E8	118.5
3.07438504E8	199.33333333333334
3.074390425E8	153.32441471571906
3.07439579E8	0.0
3.074401125E8	0.0
3.07440644E8	0.0
3.07441174E8	109.0
3.074417025E8	0.0
3.07442227E8	0.0
3.07442747E8	0.0
3.07443264E8	190.79297597042515
3.074437785E8	0.0
3.0744429E8	0.0
3.07444798E8	360.0
3.074453045E8	0.0
3.0744581E8	0.0
3.074463125E8	452.0
3.07446812E8	196.18980169971672
3.074473085E8	0.0
3.074478015E8	0.0
3.074482925E8	0.0
3.074487815E8	0.0
3.07449269E8	109.0
3.074497555E8	0.0
3.07450239E8	0.0
3.0745072E8	0.0
3.07451198E8	0.0
3.074516695E8	19.0
3.074521375E8	0.0
3.074526035E8	0.0
3.07453067E8	123.0
3.07453528E8	0.0
3.07453982E8	0.0
3.074544305E8	0.0
3.074548775E8	0.0
3.07455321E8	138.0
3.074557615E8	0.0
3.07456201E8	0.0
3.07456637E8	19.0
3.0745707E8	0.0
3.07457503E8	0.0
3.07457932E8	0.0
3.07458353E8	257.0
3.0745877E8	0.0
3.07459185E8	0.0
3.074595975E8	0.0
3.07460009E8	0.0
3.07460419E8	129.0
3.074608275E8	0.0
3.07461234E8	0.0
3.07461637E8	0.0
3.07462037E8	0.0
3.07462436E8	0.0
3.074628295E8	0.0
3.074632175E8	0.0
3.07463604E8	0.0
3.074639885E8	0.0
3.074643725E8	0.0
3.07464756E8	179.0
3.074651385E8	144.8
3.0746552E8	0.0
3.074659E8	0.0
3.074662785E8	0.0
3.07466655E8	219.05882352941177
3.07467028E8	0.0
3.07467397E8	0.0
3.07467764E8	0.0
3.074681295E8	0.0
3.074684925E8	0.0
3.074688535E8	200.5
3.074692125E8	0.0
3.07469565E8	123.0
3.0746991E8	0.0
3.07470252E8	0.0
3.074705915E8	0.0
3.07470929E8	0.0
3.07471266E8	0.0
3.07471601E8	0.0
3.07471933E8	0.0
3.074722625E8	0.0
3.0747259E8	0.0
3.07472917E8	0.0
3.074732435E8	0.0
3.07473569E8	0.0
3.07473894E8	0.0
3.07474218E8	0.0
3.07474541E8	0.0
3.07474863E8	0.0
3.074751825E8	0.0
3.074754995E8	0.0
3.074758155E8	0.0
3.0747613E8	0.0
3.074764425E8	0.0
3.074767535E8	0.0
3.07477063E8	0.0
3.07477372E8	0.0
3.074776785E8	0.0
3.074779805E8	0.0
3.0747828E8	0.0
3.074785785E8	0.0
3.07478873E8	0.0
3.074791635E8	171.2
3.074794525E8	0.0
3.07479739E8	0.0
3.07480024E8	0.0
3.074803065E8	0.0
3.074805865E8	0.0
3.07480866E8	0.0
3.07481141E8	0.0
3.07481412E8	21.0
3.074816825E8	0.0
3.0748195E8	0.0
3.07482213E8	0.0
3.074824735E8	0.0
3.074827325E8	0.0
3.074829885E8	0.0
3.074832415E8	104.75
3.074834925E8	0.0
3.07483741E8	0.0
3.07483986E8	0.0
3.07484227E8	0.0
3.07484466E8	0.0
3.07484705E8	0.0
3.07484943E8	0.0
3.074851795E8	0.0
3.074854115E8	19.0
3.07485639E8	0.0
3.074858655E8	0.0
3.074860915E8	0.0
3.074863175E8	0.0
3.07486542E8	20.5
3.07486762E8	0.0
3.074869785E8	20.0
3.074871945E8	0.0
3.07487409E8	0.0
3.07487621E8	0.0
3.0748783E8	0.0
3.074880335E8	0.0
3.07488232E8	0.0
3.07488428E8	0.0
3.074886225E8	0.0
3.0748881E8	0.0
3.07488991E8	0.0
3.07489172E8	0.0
3.07489351E8	0.0
3.074895275E8	0.0
3.07489703E8	0.0
3.07489878E8	0.0
3.07490053E8	0.0
3.074902265E8	0.0
3.07490395E8	0.0
3.074905575E8	0.0
3.074907135E8	0.0
3.07490864E8	0.0
3.07491012E8	0.0
3.074911565E8	0.0
3.07491297E8	0.0
3.074914355E8	0.0
3.074915695E8	0.0
3.074916995E8	0.0
3.074918285E8	0.0
3.074919565E8	0.0
3.07492084E8	0.0
3.07492211E8	0.0
3.07492338E8	0.0
3.074924645E8	0.0
3.074925885E8	0.0
3.074927095E8	0.0
3.074928275E8	0.0
3.074929365E8	0.0
3.074930385E8	0.0
3.074931395E8	0.0
3.07493239E8	0.0
3.07493338E8	0.0
3.07493436E8	0.0
3.07493525E8	0.0
3.074936035E8	0.0
3.07493678E8	0.0
3.074937455E8	0.0
3.07493806E8	0.0
