#Insert size (bp)	insert size
2.0	1076.0
3.0	999.0
4.0	1000.0
5.0	984.0
6.0	1034.0
7.0	1081.0
8.0	1015.0
9.0	1012.0
10.0	1039.0
11.0	1147.0
12.0	1077.0
13.0	1159.0
14.0	1114.0
15.0	1205.0
16.0	1213.0
17.0	1274.0
18.0	1298.0
19.0	73075.0
20.0	42109.0
21.0	19417.0
22.0	10264.0
23.0	6076.0
24.0	4203.0
25.0	3636.0
26.0	3369.0
27.0	3266.0
28.0	2701.0
29.0	2869.0
30.0	2801.0
31.0	2881.0
32.0	2824.0
33.0	2838.0
34.0	2914.0
35.0	3048.0
36.0	2902.0
37.0	2947.0
38.0	3142.0
39.0	3051.0
40.0	2993.0
41.0	3134.0
42.0	3055.0
43.0	3189.0
44.0	3429.0
45.0	3380.0
46.0	3246.0
47.0	3392.0
48.0	3419.0
49.0	3417.0
50.0	3667.0
51.0	3686.0
52.0	3721.0
53.0	3737.0
54.0	3701.0
55.0	3996.0
56.0	4006.0
57.0	4344.0
58.0	4092.0
59.0	4198.0
60.0	4263.0
61.0	4232.0
62.0	4263.0
63.0	4301.0
64.0	4426.0
65.0	4499.0
66.0	4563.0
67.0	4717.0
68.0	4659.0
69.0	4803.0
70.0	4922.0
71.0	5122.0
72.0	5008.0
73.0	5170.0
74.0	5317.0
75.0	5423.0
76.0	5482.0
77.0	5578.0
78.0	5786.0
79.0	5913.0
80.0	6328.0
81.0	6244.0
82.0	6523.0
83.0	7033.0
84.0	7067.0
85.0	7111.0
86.0	7089.0
87.0	7205.0
88.0	7477.0
89.0	7503.0
90.0	7641.0
91.0	7628.0
92.0	7772.0
93.0	7664.0
94.0	8092.0
95.0	8228.0
96.0	8396.0
97.0	8419.0
98.0	8740.0
99.0	8786.0
100.0	9046.0
101.0	9289.0
102.0	9449.0
103.0	9589.0
104.0	10030.0
105.0	10073.0
106.0	10047.0
107.0	10292.0
108.0	10480.0
109.0	10790.0
110.0	11147.0
111.0	11329.0
112.0	11740.0
113.0	12324.0
114.0	12879.0
115.0	13441.0
116.0	14634.0
117.0	16662.0
118.0	33690.0
119.0	35236.0
120.0	36812.0
121.0	37518.0
122.0	38469.0
123.0	39802.0
124.0	40290.0
125.0	41571.0
126.0	42070.0
127.0	43129.0
128.0	44144.0
129.0	45507.0
130.0	46149.0
131.0	47816.0
132.0	48374.0
133.0	49226.0
134.0	50113.0
135.0	51275.0
136.0	51997.0
137.0	53216.0
138.0	54037.0
139.0	55703.0
140.0	56935.0
141.0	58047.0
142.0	58746.0
143.0	60797.0
144.0	61139.0
145.0	62254.0
146.0	62900.0
147.0	62910.0
148.0	63809.0
149.0	65242.0
150.0	65568.0
151.0	66187.0
152.0	67616.0
153.0	67892.0
154.0	68493.0
155.0	69505.0
156.0	69815.0
157.0	70882.0
158.0	71064.0
159.0	71563.0
160.0	71443.0
161.0	71968.0
162.0	72859.0
163.0	73256.0
164.0	73416.0
165.0	73813.0
166.0	74126.0
167.0	74074.0
168.0	73948.0
169.0	74668.0
170.0	74720.0
171.0	74833.0
172.0	75016.0
173.0	75146.0
174.0	74394.0
175.0	75258.0
176.0	74657.0
177.0	75162.0
178.0	74920.0
179.0	74481.0
180.0	74220.0
181.0	74125.0
182.0	73983.0
183.0	75027.0
184.0	74658.0
185.0	74682.0
186.0	74872.0
187.0	74770.0
188.0	75586.0
189.0	76334.0
190.0	75505.0
191.0	75281.0
192.0	74716.0
193.0	74713.0
194.0	74513.0
195.0	74011.0
196.0	73423.0
197.0	73696.0
198.0	73717.0
199.0	73127.0
200.0	72506.0
201.0	72423.0
202.0	72318.0
203.0	71572.0
204.0	71575.0
205.0	70346.0
206.0	70317.0
207.0	70406.0
208.0	69654.0
209.0	69399.0
210.0	69036.0
211.0	69622.0
212.0	68170.0
213.0	68530.0
214.0	67821.0
215.0	67700.0
216.0	66993.0
217.0	66055.0
218.0	66248.0
219.0	65911.0
220.0	65543.0
221.0	64804.0
222.0	64855.0
223.0	64145.0
224.0	63922.0
225.0	63401.0
226.0	63653.0
227.0	62602.0
228.0	62535.0
229.0	61963.0
230.0	62391.0
231.0	61333.0
232.0	61432.0
233.0	60823.0
234.0	60668.0
235.0	59969.0
236.0	59639.0
237.0	59277.0
238.0	59398.0
239.0	58807.0
240.0	58295.0
241.0	57146.0
242.0	57831.0
243.0	57495.0
244.0	57077.0
245.0	56925.0
246.0	56416.0
247.0	55879.0
248.0	56255.0
249.0	55245.0
250.0	55543.0
251.0	54858.0
252.0	54750.0
253.0	54315.0
254.0	54161.0
255.0	53643.0
256.0	53614.0
257.0	53182.0
258.0	52721.0
259.0	52929.0
260.0	52039.0
261.0	51911.0
262.0	51964.0
263.0	51559.0
264.0	51672.0
265.0	51139.0
266.0	50600.0
267.0	50974.0
268.0	49984.0
269.0	50189.0
270.0	50032.0
271.0	49703.0
272.0	50343.0
273.0	49051.0
274.0	49672.0
275.0	48995.0
276.0	48896.0
277.0	48526.0
278.0	48536.0
279.0	47955.0
280.0	47909.0
281.0	47527.0
282.0	47461.0
283.0	47098.0
284.0	47247.0
285.0	47159.0
286.0	46727.0
287.0	46455.0
288.0	46170.0
289.0	45986.0
290.0	45880.0
291.0	45686.0
292.0	45881.0
293.0	45336.0
294.0	44974.0
295.0	45231.0
296.0	45044.0
297.0	44881.0
298.0	44615.0
299.0	44721.0
300.0	44331.0
301.0	44190.0
302.0	44113.0
303.0	43728.0
304.0	43521.0
305.0	43776.0
306.0	43950.0
307.0	43535.0
308.0	43283.0
309.0	42884.0
310.0	42633.0
311.0	42713.0
312.0	42999.0
313.0	42605.0
314.0	42778.0
315.0	42530.0
316.0	42241.0
317.0	42148.0
318.0	41552.0
319.0	41517.0
320.0	41682.0
321.0	41547.0
322.0	41333.0
323.0	41499.0
324.0	41527.0
325.0	41295.0
326.0	40952.0
327.0	40762.0
328.0	40691.0
329.0	40623.0
330.0	40973.0
331.0	41053.0
332.0	40437.0
333.0	40480.0
334.0	40471.0
335.0	40415.0
336.0	40080.0
337.0	39845.0
338.0	40083.0
339.0	40343.0
340.0	40253.0
341.0	39727.0
342.0	39596.0
343.0	39419.0
344.0	39614.0
345.0	39684.0
346.0	39486.0
347.0	39283.0
348.0	39319.0
349.0	38969.0
350.0	39660.0
351.0	39321.0
352.0	39018.0
353.0	39135.0
354.0	38902.0
355.0	38663.0
356.0	39024.0
357.0	38642.0
358.0	38754.0
359.0	38967.0
360.0	38642.0
361.0	38721.0
362.0	38524.0
363.0	38995.0
364.0	38914.0
365.0	39210.0
366.0	38688.0
367.0	39094.0
368.0	39299.0
369.0	39130.0
370.0	38956.0
371.0	39280.0
372.0	38664.0
373.0	39136.0
374.0	39232.0
375.0	39591.0
376.0	39543.0
377.0	39458.0
378.0	39694.0
379.0	39918.0
380.0	40256.0
381.0	39850.0
382.0	39863.0
383.0	40802.0
384.0	40287.0
385.0	40690.0
386.0	41257.0
387.0	41180.0
388.0	41250.0
389.0	41605.0
390.0	41676.0
391.0	41797.0
392.0	41961.0
393.0	42424.0
394.0	42932.0
395.0	43209.0
396.0	43092.0
397.0	43245.0
398.0	44018.0
399.0	44004.0
400.0	44581.0
401.0	44732.0
402.0	45029.0
403.0	45129.0
404.0	46143.0
405.0	46121.0
406.0	46150.0
407.0	46719.0
408.0	47421.0
409.0	47619.0
410.0	48219.0
411.0	48547.0
412.0	48446.0
413.0	49367.0
414.0	49927.0
415.0	50071.0
416.0	50636.0
417.0	50654.0
418.0	51765.0
419.0	52086.0
420.0	52441.0
421.0	52966.0
422.0	54087.0
423.0	53772.0
424.0	54612.0
425.0	55019.0
426.0	55876.0
427.0	55884.0
428.0	56353.0
429.0	56848.0
430.0	57077.0
431.0	58079.0
432.0	58302.0
433.0	58570.0
434.0	59138.0
435.0	59267.0
436.0	59708.0
437.0	60423.0
438.0	60303.0
439.0	60738.0
440.0	61280.0
441.0	61361.0
442.0	62101.0
443.0	62720.0
444.0	62589.0
445.0	62968.0
446.0	63802.0
447.0	63240.0
448.0	64250.0
449.0	64227.0
450.0	63947.0
451.0	64791.0
452.0	64860.0
453.0	65279.0
454.0	65240.0
455.0	65438.0
456.0	65819.0
457.0	65854.0
458.0	66224.0
459.0	66409.0
460.0	66662.0
461.0	66702.0
462.0	67082.0
463.0	67216.0
464.0	67527.0
465.0	67644.0
466.0	67579.0
467.0	68131.0
468.0	67990.0
469.0	68743.0
470.0	68519.0
471.0	68987.0
472.0	68844.0
473.0	69240.0
474.0	69557.0
475.0	69913.0
476.0	70475.0
477.0	70441.0
478.0	70330.0
479.0	70259.0
480.0	70589.0
481.0	70899.0
482.0	71304.0
483.0	71246.0
484.0	71450.0
485.0	71521.0
486.0	71700.0
487.0	71714.0
488.0	72095.0
489.0	71893.0
490.0	72821.0
491.0	71474.0
492.0	72141.0
493.0	72824.0
494.0	71867.0
495.0	71504.0
496.0	72916.0
497.0	72673.0
498.0	72493.0
499.0	72525.0
500.0	72449.0
501.0	71887.0
502.0	72331.0
503.0	72462.0
504.0	71819.0
505.0	72344.0
506.0	71951.0
507.0	72165.0
508.0	71608.0
509.0	71478.0
510.0	71880.0
511.0	71612.0
512.0	71642.0
513.0	71371.0
514.0	71616.0
515.0	71339.0
516.0	71346.0
517.0	71163.0
518.0	70744.0
519.0	70719.0
520.0	70447.0
521.0	70516.0
522.0	70504.0
523.0	69400.0
524.0	68792.0
525.0	68489.0
526.0	67666.0
527.0	67020.0
528.0	67218.0
529.0	65951.0
530.0	65048.0
531.0	65069.0
532.0	65068.0
533.0	63805.0
534.0	63974.0
535.0	63628.0
536.0	63152.0
537.0	62392.0
538.0	61638.0
539.0	60985.0
540.0	60322.0
541.0	59701.0
542.0	59908.0
543.0	58884.0
544.0	58039.0
545.0	57311.0
546.0	56565.0
547.0	56153.0
548.0	55362.0
549.0	53892.0
550.0	53735.0
551.0	53016.0
552.0	52208.0
553.0	51231.0
554.0	50719.0
555.0	50131.0
556.0	48827.0
557.0	47767.0
558.0	47765.0
559.0	46704.0
560.0	45683.0
561.0	44754.0
562.0	44135.0
563.0	42783.0
564.0	42404.0
565.0	41224.0
566.0	40531.0
567.0	39193.0
568.0	38638.0
569.0	37847.0
570.0	36926.0
571.0	35916.0
572.0	35389.0
573.0	34258.0
574.0	33378.0
575.0	32601.0
576.0	31879.0
577.0	31312.0
578.0	29980.0
579.0	29304.0
580.0	28482.0
581.0	27594.0
582.0	27030.0
583.0	26114.0
584.0	25467.0
585.0	24539.0
586.0	24067.0
587.0	23189.0
588.0	22398.0
589.0	21881.0
590.0	21119.0
591.0	20482.0
592.0	19869.0
593.0	19159.0
594.0	18349.0
595.0	17894.0
596.0	17114.0
597.0	16707.0
598.0	16170.0
599.0	15519.0
600.0	14761.0
601.0	14388.0
602.0	14084.0
603.0	13488.0
604.0	13029.0
605.0	12630.0
606.0	12026.0
607.0	11510.0
608.0	11420.0
609.0	10970.0
610.0	10593.0
611.0	9943.0
612.0	9704.0
613.0	9437.0
614.0	8940.0
615.0	8599.0
616.0	8213.0
617.0	8003.0
618.0	7709.0
619.0	7445.0
620.0	7037.0
621.0	6993.0
622.0	6857.0
623.0	6500.0
624.0	6081.0
625.0	5968.0
626.0	5910.0
627.0	5584.0
628.0	5360.0
629.0	5148.0
630.0	4971.0
631.0	4746.0
632.0	4615.0
633.0	4387.0
634.0	4273.0
635.0	4076.0
636.0	3941.0
637.0	3814.0
638.0	3774.0
639.0	3639.0
640.0	3566.0
641.0	3419.0
642.0	3392.0
643.0	3292.0
644.0	3188.0
645.0	3078.0
646.0	3078.0
647.0	3016.0
648.0	2847.0
649.0	2843.0
650.0	2722.0
651.0	2686.0
652.0	2642.0
653.0	2640.0
654.0	2550.0
655.0	2505.0
656.0	2543.0
657.0	2516.0
658.0	2432.0
659.0	2471.0
660.0	2348.0
661.0	2318.0
662.0	2265.0
663.0	2320.0
664.0	2195.0
665.0	2238.0
666.0	2150.0
667.0	2158.0
668.0	2115.0
669.0	2138.0
670.0	2036.0
671.0	2066.0
672.0	2014.0
673.0	2032.0
674.0	1977.0
675.0	1937.0
676.0	1952.0
677.0	1994.0
678.0	1956.0
679.0	1877.0
680.0	1841.0
681.0	1802.0
682.0	1844.0
683.0	1799.0
684.0	1776.0
685.0	1799.0
686.0	1791.0
687.0	1777.0
688.0	1771.0
689.0	1714.0
690.0	1722.0
691.0	1670.0
692.0	1740.0
693.0	1689.0
694.0	1610.0
695.0	1679.0
696.0	1713.0
697.0	1586.0
698.0	1564.0
699.0	1617.0
700.0	1575.0
701.0	1570.0
702.0	1578.0
703.0	1617.0
704.0	1520.0
705.0	1553.0
706.0	1556.0
707.0	1581.0
708.0	1479.0
709.0	1552.0
710.0	1502.0
711.0	1430.0
712.0	1517.0
713.0	1466.0
714.0	1307.0
715.0	1358.0
716.0	1402.0
717.0	1376.0
718.0	1321.0
719.0	1278.0
720.0	1233.0
721.0	1281.0
722.0	1273.0
723.0	1271.0
724.0	1220.0
725.0	1258.0
726.0	1305.0
727.0	1188.0
728.0	1213.0
729.0	1234.0
730.0	1189.0
731.0	1200.0
732.0	1240.0
733.0	1190.0
734.0	1185.0
735.0	1155.0
736.0	1171.0
737.0	1147.0
738.0	1080.0
739.0	1157.0
740.0	1117.0
741.0	1199.0
742.0	1074.0
743.0	1249.0
744.0	1135.0
745.0	1095.0
746.0	1106.0
747.0	1094.0
748.0	1138.0
749.0	1091.0
750.0	1059.0
751.0	1144.0
752.0	1082.0
753.0	1104.0
754.0	1108.0
755.0	1067.0
756.0	1088.0
757.0	1088.0
758.0	1086.0
759.0	1062.0
760.0	1074.0
761.0	1001.0
762.0	1069.0
763.0	1004.0
764.0	1022.0
765.0	1083.0
766.0	1085.0
767.0	1055.0
768.0	1010.0
769.0	1020.0
770.0	1001.0
771.0	1014.0
772.0	988.0
773.0	994.0
774.0	987.0
775.0	1004.0
776.0	947.0
777.0	957.0
778.0	1000.0
779.0	943.0
780.0	967.0
781.0	977.0
782.0	924.0
783.0	871.0
784.0	939.0
785.0	943.0
786.0	895.0
787.0	921.0
788.0	926.0
789.0	899.0
790.0	877.0
791.0	842.0
792.0	860.0
793.0	873.0
794.0	920.0
795.0	886.0
796.0	856.0
797.0	845.0
798.0	869.0
799.0	869.0
800.0	813.0
801.0	863.0
802.0	887.0
803.0	885.0
804.0	845.0
805.0	833.0
806.0	859.0
807.0	864.0
808.0	779.0
809.0	815.0
810.0	807.0
811.0	868.0
812.0	791.0
813.0	842.0
814.0	860.0
815.0	839.0
816.0	821.0
817.0	804.0
818.0	862.0
819.0	870.0
820.0	831.0
821.0	785.0
822.0	790.0
823.0	843.0
824.0	800.0
825.0	779.0
826.0	786.0
827.0	770.0
828.0	745.0
829.0	719.0
830.0	787.0
831.0	776.0
832.0	750.0
833.0	745.0
834.0	773.0
835.0	869.0
836.0	786.0
837.0	777.0
838.0	820.0
839.0	749.0
840.0	762.0
841.0	814.0
842.0	716.0
843.0	732.0
844.0	734.0
845.0	708.0
846.0	709.0
847.0	647.0
848.0	655.0
849.0	561.0
850.0	614.0
851.0	686.0
852.0	695.0
853.0	661.0
854.0	602.0
855.0	667.0
856.0	637.0
857.0	680.0
858.0	660.0
859.0	596.0
860.0	622.0
861.0	638.0
862.0	650.0
863.0	622.0
864.0	609.0
865.0	636.0
866.0	658.0
867.0	653.0
868.0	633.0
869.0	603.0
870.0	632.0
871.0	654.0
872.0	678.0
873.0	587.0
874.0	642.0
875.0	588.0
876.0	573.0
877.0	640.0
878.0	656.0
879.0	635.0
880.0	579.0
881.0	613.0
882.0	614.0
883.0	604.0
884.0	607.0
885.0	615.0
886.0	621.0
887.0	653.0
888.0	583.0
889.0	587.0
890.0	616.0
891.0	619.0
892.0	630.0
893.0	588.0
894.0	580.0
895.0	599.0
896.0	625.0
897.0	575.0
898.0	599.0
899.0	584.0
900.0	559.0
901.0	553.0
902.0	551.0
903.0	544.0
904.0	518.0
905.0	533.0
906.0	556.0
907.0	503.0
908.0	512.0
909.0	500.0
910.0	473.0
911.0	552.0
912.0	530.0
913.0	505.0
914.0	490.0
915.0	505.0
916.0	470.0
917.0	525.0
918.0	520.0
919.0	516.0
920.0	487.0
921.0	489.0
922.0	510.0
923.0	538.0
924.0	499.0
925.0	517.0
926.0	489.0
927.0	519.0
928.0	501.0
929.0	526.0
930.0	492.0
931.0	498.0
932.0	464.0
933.0	498.0
934.0	484.0
935.0	454.0
936.0	480.0
937.0	411.0
938.0	476.0
939.0	524.0
940.0	522.0
941.0	510.0
942.0	427.0
943.0	469.0
944.0	478.0
945.0	480.0
946.0	453.0
947.0	465.0
948.0	496.0
949.0	494.0
950.0	465.0
951.0	447.0
952.0	433.0
953.0	431.0
954.0	432.0
955.0	411.0
956.0	459.0
957.0	406.0
958.0	391.0
959.0	413.0
960.0	406.0
961.0	413.0
962.0	416.0
963.0	425.0
964.0	399.0
965.0	445.0
966.0	387.0
967.0	402.0
968.0	418.0
969.0	419.0
970.0	400.0
971.0	378.0
972.0	389.0
973.0	413.0
974.0	392.0
975.0	399.0
976.0	395.0
977.0	412.0
978.0	362.0
