#Position (bp)	mapping quality
384368.0	53.325920747559785
1153103.0	58.15452120048849
1921838.0	58.89346005912588
2690573.0	58.96338641770089
3459308.0	59.757508382620564
4228043.0	58.929313580517544
4996778.0	59.10752331682476
5765513.0	59.78186073598971
6534248.0	58.14491892059261
7302983.0	57.41424502203119
8071718.0	58.742904612270564
8840453.0	52.905948616812864
9609188.0	56.19608007872639
1.0377923E7	54.0910680652844
1.0801324E7	44.727024569717344
1.11856915E7	56.55672825227241
1.1915393E7	58.62958399366817
1.2684128E7	59.504301491775514
1.3452863E7	59.343312375215106
1.4221598E7	59.10473048335127
1.4990333E7	59.301482268250645
1.5759068E7	58.59298057166038
1.6527803E7	57.822051760042996
1.7296538E7	57.63932004580804
1.8065273E7	50.81115450881235
1.8834008E7	52.02464326219063
1.9602743E7	54.38547072680426
2.018777E7	47.782785648054336
2.05721375E7	44.06685553063374
2.1140213E7	47.07565433523129
2.1908948E7	53.39683889453235
2.2677683E7	58.24481134002723
2.3446418E7	58.103239915587025
2.4215153E7	59.43038607189759
2.4983888E7	58.2661520685282
2.5752623E7	57.86552686907711
2.6521358E7	59.23140803150119
2.7290093E7	55.25960430226446
2.8058828E7	54.12445149393975
2.86485735E7	57.41783255966361
2.9032941E7	56.59204926540876
2.9596298E7	58.277154536126915
3.0365033E7	58.41791595796126
3.1133768E7	59.502279627894424
3.1902503E7	59.83761309107242
3.2671238E7	58.719456289533895
3.3439973E7	58.25420441576556
3.4208708E7	57.66911062822357
3.4977443E7	58.43875407819737
3.5659712E7	56.934655282522954
3.60440795E7	52.36768115853325
3.6514913E7	57.430812381288135
3.7283648E7	57.17757418454254
3.8052383E7	58.84378198112828
3.8821118E7	57.755183336539574
3.9589853E7	51.49308494539722
4.0358588E7	59.32383590012736
4.1127323E7	57.519399003731806
4.1896058E7	59.28347528528442
4.2664793E7	58.68679236659015
4.3049519E7	24.83037488235909
4.34338865E7	51.24489328342725
4.4202263E7	46.72287182421769
4.4970998E7	37.18439563991238
4.5739733E7	35.47684274380638
4.6508468E7	36.33646392868682
4.7277203E7	41.11983224620933
4.8045938E7	38.879423879789144
4.8668911E7	33.287556198750785
4.90532785E7	48.38870598900176
4.9583408E7	59.108160357771766
5.0352143E7	59.357366525749725
5.1120878E7	59.43920907290961
5.1889613E7	59.381591870327135
5.2658348E7	59.53461712618978
5.3427083E7	58.80211686960429
5.38687855E7	59.81311308653425
5.4253153E7	52.46086597508832
5.4964553E7	49.44089189138616
5.5733288E7	47.65077668104191
5.6502023E7	55.17212790298941
5.7270758E7	54.53898026010604
5.8039493E7	55.68452251367116
5.85039505E7	56.12033807792432
5.8888318E7	46.62261427241752
5.9576963E7	47.07689835072088
6.0345698E7	49.24105924925979
6.1114433E7	45.481854138508396
6.1883168E7	49.15545200830416
6.2651903E7	44.05027401366922
6.3087631E7	43.955564763988434
6.34719985E7	29.53199391320546
6.4189373E7	47.61644672011518
6.4958108E7	48.78921675444892
6.5726843E7	51.88959216751162
6.6495578E7	51.942036988442695
6.7140034E7	47.12520601671103
6.75244015E7	52.13448316446517
6.8033048E7	54.71768324331919
6.8801783E7	58.08010647637342
6.9570518E7	57.77857114219444
7.0339253E7	57.27240809357438
7.11040115E7	56.24389522553663
7.1488379E7	2.928177196015119
7.1876723E7	56.472986614831065
7.2645458E7	58.84627735505416
7.3414193E7	58.958837479725084
7.4182928E7	59.59093450250788
7.4951663E7	59.4115219833577
7.5358208E7	55.55317510524208
7.57425755E7	43.2263974650554
7.6489133E7	50.4179928187188
7.7257868E7	50.59356419002919
7.8026603E7	51.979388727918824
7.8795338E7	53.06720919333114
7.92080895E7	43.006687318954945
7.9592457E7	47.824831200341386
8.0332808E7	38.67870424267297
8.1101543E7	47.689090245792286
8.1870278E7	48.115321195518646
8.26063115E7	33.49067943341814
8.2990679E7	49.45540014317119
8.3407748E7	47.12561106716012
8.4176483E7	45.85417583199351
8.4945218E7	47.13831728737193
8.5713953E7	47.15816483943743
8.6362088E7	47.168516114674894
8.67464555E7	30.891544488769515
8.7251423E7	47.38909327579688
8.8020158E7	49.953438197292066
8.8788893E7	43.520850536435624
8.9557628E7	39.56522596072165
9.0098611E7	29.686652347894228
9.04829785E7	51.005856417823715
9.1095098E7	55.09071025839314
9.1863833E7	53.7510739470839
9.2632568E7	52.19066737274179
9.3401303E7	50.27329505626155
9.38242175E7	17.1428835963261
9.4208585E7	25.449346437518084
9.4938773E7	45.30222008609201
9.5707508E7	42.57505760979893
9.6476243E7	48.1659160210855
9.71220675E7	36.503126208515276
9.7506435E7	38.240606543732476
9.8013713E7	45.45292362514128
9.8782448E7	47.08839371727694
9.9551183E7	39.37398457500917
1.00269334E8	42.694615703771966
1.006537015E8	24.887569203100607
1.01088653E8	49.28112779946992
1.01857388E8	53.31253503816153
1.02626123E8	53.51118794322458
1.033545365E8	54.87442994921706
1.03738904E8	29.378533363847385
1.04163593E8	33.639636310374996
1.04932328E8	32.21362076514204
1.05701063E8	41.82848172676727
1.06347158E8	36.04411840864588
1.067315255E8	46.86307954604684
1.07238533E8	51.785143430875856
1.08007268E8	46.62781415367613
1.08776003E8	45.527486123563634
1.09309377E8	54.11987643418833
1.096937445E8	55.18598953548748
1.10313473E8	56.44031025207517
1.11082208E8	59.57766430960226
1.11850943E8	47.514368008359334
1.12235708E8	0.660563911349449
1.126200755E8	43.207198564136014
1.13388413E8	40.893291707681094
1.14157148E8	45.800616059133475
1.147696095E8	44.11687197201764
1.15153977E8	41.679315768234595
1.15694618E8	43.83092271359022
1.16463353E8	45.74417208584022
1.17232088E8	50.41723392865933
1.17668795E8	46.290927009717684
1.180531625E8	57.84306173285877
1.18769558E8	59.16219402887739
1.19538293E8	58.13121992996439
1.2014897E8	58.85506745887243
1.205333375E8	49.30787550611825
1.21075763E8	48.02700167947114
1.21844498E8	53.45097610548448
1.225916085E8	38.70112721878368
1.22975976E8	42.84529854000156
1.23381968E8	55.410850851837445
1.24150703E8	53.99069145245951
1.24919438E8	49.59322055194388
1.253769895E8	48.05175256623758
1.25761357E8	43.68135527552705
1.26456908E8	46.17497384275279
1.27225643E8	48.08855687705551
1.277254535E8	42.65115300227263
1.28109821E8	40.58806971060741
1.28763113E8	51.36002711848385
1.29531848E8	50.22990030050059
1.300272615E8	38.35250539502438
1.30411629E8	44.6971691134748
1.31069318E8	36.769364747290716
1.31838053E8	47.926438826078446
1.322676755E8	46.13306486241935
1.32652043E8	49.39166952803989
1.33375523E8	50.624326176333426
1.34030498E8	48.57150156587507
1.344148655E8	33.735632133699674
1.34912993E8	47.82845035133933
1.35681728E8	47.911579727419344
1.361569665E8	45.069202747655375
1.36541334E8	29.834737227486357
1.37219198E8	39.51066288659803
1.37895604E8	41.697097646614274
1.382799715E8	36.12674559592789
1.38756668E8	44.45838394067923
1.39525403E8	41.91393441683704
1.400102465E8	43.02062901443899
1.40394614E8	43.518100681350305
1.41062873E8	52.82228295001143
1.417121025E8	49.04875674159546
1.4209647E8	41.57364272001085
1.42600343E8	44.76156350902562
1.43369078E8	46.193948276254496
1.437831155E8	8.526479315484305
1.44167483E8	37.694552662226975
1.44906548E8	31.250513097471917
1.45465214E8	25.25954928184021
1.458495815E8	45.80283112677596
1.46444018E8	44.78591206955745
1.47106683E8	41.35283570961842
1.474910505E8	46.61333017233819
1.47981488E8	38.477566619278164
1.48737048E8	33.53660047490176
1.491214155E8	34.26783007789257
1.49518958E8	44.9316909694187
1.50287693E8	49.227262830249096
1.50728883E8	51.86718924007155
1.511132505E8	50.020733266249486
1.51825163E8	49.83661797306422
1.52332369E8	45.507338738416784
1.527167365E8	58.31969718767523
1.53362633E8	58.964915410600305
1.5389724E8	52.65656902321035
1.542816075E8	28.95671511654871
1.54900103E8	27.83848672261673
1.55461321E8	28.628399353317963
1.558456885E8	55.014486439982264
1.56437573E8	57.17061946925808
1.57018682E8	52.8848396377599
1.574030495E8	14.87275678895235
1.57975043E8	28.39639869319538
1.585640605E8	48.23313201921331
1.58948428E8	57.279441189076664
1.59512513E8	56.22987776622029
1.6009777E8	52.15181370709475
1.604821375E8	26.88321363186633
1.61049983E8	41.71588014885974
1.616289075E8	49.257389304123464
1.62013275E8	53.39281518348648
1.62587453E8	38.348021615564015
1.631586895E8	30.625274218945986
1.63543057E8	54.66529408061948
1.64124923E8	54.80349438469431
1.64685819E8	41.26161638455468
1.650701865E8	45.00844804593448
1.65662393E8	46.60731448020227
1.66204869E8	50.02829818386578
1.665892365E8	30.050062645530947
1.67199863E8	47.388005285016604
1.67707403E8	22.396054151268693
1.680917705E8	56.125059239986726
1.68737333E8	50.615956177403284
1.69197014E8	48.844390554430184
1.695813815E8	46.59308112023164
1.70274803E8	41.95471638314496
1.706842435E8	40.39121133472018
1.71068611E8	48.449912889101604
1.717757825E8	46.29613812478104
1.7216015E8	36.98669827683817
1.72581008E8	54.66867537363399
1.732448375E8	54.51534316340958
1.73629205E8	49.35720266326158
1.74118478E8	38.513997867630785
1.7470787E8	39.830202762078535
1.750922375E8	39.42754353653926
1.75655948E8	42.93650884425265
1.761671155E8	28.26356286002464
1.76551483E8	46.48065832135924
1.77193418E8	50.00896674820159
1.775981795E8	19.35240265494468
1.77982547E8	58.48671504753205
1.786433205E8	57.51639081075868
1.79027688E8	46.22312707067383
1.79499623E8	47.217629053358316
1.80059845E8	52.05774071667912
1.804442125E8	47.82431787036757
1.81037093E8	50.84556792449311
1.814629515E8	30.746337691003294
1.81847319E8	29.86535815862739
1.824697645E8	29.499025678259965
1.82854132E8	53.76617955300591
1.83343298E8	36.58290027005971
1.83845386E8	49.92453929266028
1.842297535E8	26.237380179004738
1.848263935E8	39.9827306610785
1.85210761E8	38.92520892475818
1.85649503E8	54.37881147398373
1.861815255E8	56.75157461879086
1.86565893E8	39.1997569716325
1.871516995E8	40.66903798426066
1.87536067E8	48.37560835684595
1.87955708E8	46.58005825610871
1.88487033E8	40.03215370657007
1.888714005E8	37.05333789663711
1.89437117E8	48.76914073260017
1.898214845E8	45.023650508493326
1.90261913E8	46.78982405826667
1.907655555E8	49.54420466853364
1.91149923E8	45.547863753386416
1.917006725E8	47.25803524348338
1.9208504E8	45.297607429670784
1.92568118E8	46.44790659131251
1.93014003E8	54.382368441745456
1.933983705E8	31.70506201812344
1.939421735E8	33.33412814374981
1.94326541E8	41.133766553743534
1.948700135E8	38.36430065144234
1.95254381E8	39.366879599115165
1.95643058E8	49.01805835849253
1.96173218E8	40.76072883010605
1.965575855E8	38.39874033605719
1.970859405E8	40.68840369241539
1.97470308E8	28.02586078116681
1.97949263E8	37.37763188186821
1.98379719E8	22.392362559733634
1.987640865E8	32.627069888095626
1.99284827E8	31.470314109719155
1.996691945E8	30.937082974865497
2.001689555E8	31.63741584335283
2.00553323E8	38.74167838301366
2.01024203E8	40.534286055713864
2.0143258E8	32.88509900952641
2.018169475E8	32.65236951262974
2.023091665E8	37.79456261114406
2.02693534E8	40.12333761637999
2.03168465E8	47.191736771070545
2.035528325E8	27.119390758840566
2.04022535E8	38.115992962558025
2.044069025E8	34.482158352557725
2.048603755E8	37.05860395945462
2.05244743E8	3.014766201804758
2.05636613E8	48.13454990623008
2.060816995E8	34.2667495677188
2.06466067E8	51.46657876672031
2.069158215E8	33.12293813315734
2.07300189E8	47.931908855645986
2.07743072E8	40.580214582883634
2.081274395E8	39.826297007968805
2.08563085E8	37.69490534384924
2.089474525E8	29.506297197670715
2.09377998E8	50.273056802799374
2.097623655E8	34.367281344411275
2.101865875E8	24.022698134229476
2.10570955E8	32.90749568605622
2.10991954E8	47.803752374367434
2.113763215E8	22.21483323377832
2.117807295E8	43.364064115361664
2.12165097E8	36.712936468782544
2.12555228E8	39.542507849198664
2.12951007E8	40.907288993424714
2.133353745E8	29.79646033474572
2.137362725E8	36.80056641816783
2.1412064E8	33.09566441948574
2.145168735E8	27.72938093861604
2.14901241E8	57.66392202808785
2.15295174E8	58.92694602863451
2.156795415E8	43.36115168537481
2.160708055E8	7.55989610958699
2.16455173E8	43.04047363477296
2.16845987E8	19.051329007294573
2.172303545E8	56.133769081256766
2.176193275E8	57.54281896965317
2.18003695E8	40.10113197460742
2.183870575E8	33.195332297097636
2.18771425E8	40.31264248520036
2.191437085E8	39.24245391117355
2.19528076E8	47.50250328195121
2.19895419E8	29.460853760900424
2.202797865E8	44.306679568961876
2.20645687E8	40.052960766401306
2.21025053E8	47.70365732847836
2.21390679E8	51.3201844755541
2.217493495E8	34.043781678563434
2.22133717E8	31.764265539678224
2.22491112E8	28.840791229287895
2.228754795E8	34.94393686490121
2.232300165E8	37.40697132059746
2.23614384E8	22.601831502941863
2.239617555E8	29.982847984734704
2.24346123E8	54.58115173970619
2.2468963E8	40.59822531200816
2.250739975E8	31.01985180973804
2.254154375E8	33.33117820378292
2.25799805E8	32.53358856117586
2.261404185E8	35.6535652024859
2.26524786E8	57.26907971901916
2.2685767E8	57.70880076739314
2.272420375E8	34.804635088635386
2.275674865E8	11.229119827107562
2.27901798E8	47.61317698926503
2.282642395E8	40.32448847553579
2.28575658E8	46.48330153884487
2.289600255E8	45.49403926104558
2.29270193E8	45.80708007627515
2.296545605E8	37.08639806438769
2.299644725E8	42.045489779743605
2.3034884E8	28.245238214308184
2.30655893E8	27.60935874176939
2.309973965E8	38.453983181226896
2.313463715E8	32.637004421251
2.31650276E8	35.94694739668508
2.320346435E8	25.764253992435673
2.32330417E8	50.81086638402136
2.327147845E8	34.21452451024535
2.33008396E8	33.26181318634378
2.333832675E8	42.9858293091228
2.336859445E8	10.816954999746335
2.33975938E8	48.6609196686187
2.343603055E8	47.38136984187825
2.346438945E8	53.54801253462417
2.35028262E8	39.192810576066
2.353116695E8	27.84703391584167
2.35668032E8	44.21856498975054
2.359736405E8	47.786432322753136
2.36248209E8	44.00569349287013
2.366325765E8	46.50024209783324
2.36905892E8	43.99018799894631
2.372902595E8	41.823451636637266
2.375596255E8	38.52722917658447
2.378457775E8	26.92847044328688
2.38209635E8	39.334008990544106
2.384723095E8	40.40863655007547
2.38856677E8	31.915143777284047
2.391161115E8	31.975915882699837
2.394117615E8	44.57338045690449
2.39756603E8	58.768574396744455
2.40012063E8	56.98069020597122
2.403964305E8	26.14268076266281
2.40651522E8	19.643953460572977
2.40935513E8	35.12282286375475
2.41282414E8	23.356430310601592
2.415260005E8	25.300997831356984
2.41910368E8	56.267023237737796
2.42153892E8	31.277019378038222
2.423992835E8	35.02198557650703
2.427812845E8	49.68495420783288
2.430194555E8	37.92430034187029
2.43354977E8	47.89033174576592
2.436401495E8	26.565030846325037
2.43875304E8	47.311064768996985
2.442596715E8	49.338615922345085
2.44494215E8	41.887764682323166
2.447631205E8	47.97710683923398
2.451110035E8	26.096523897729803
2.45340206E8	25.035406092321995
2.45672164E8	53.490224453487144
2.45942791E8	27.166845148854144
2.46158155E8	35.293648480712406
2.46536439E8	52.16073391449434
2.46757852E8	31.06816193814209
2.469695205E8	29.997198299530236
2.47353888E8	40.95689307048588
2.47564574E8	45.183024952161574
2.47805319E8	21.410664600497736
2.48157783E8	49.84782170554898
2.48365893E8	47.529422052533135
2.486381075E8	39.652630648727076
2.489579875E8	32.12316650843424
2.49165224E8	31.697488280100412
2.49467076E8	38.59517946876962
2.4975636E8	45.911659271943456
2.499626485E8	42.9329715425821
2.502879155E8	34.72545249343509
2.5054851E8	26.30663848587898
2.507484705E8	35.34358639150483
2.510885645E8	45.87302158704628
2.51332072E8	37.865063106637706
2.51527848E8	18.283660869383226
2.51873065E8	33.420597956545066
2.5210593E8	52.42561084257679
2.5229909E8	47.37569557199587
2.52643082E8	23.40369360567784
2.5287344E8	53.17002980560986
2.53058026E8	56.547558197677645
2.5338655E8	32.31602495705415
2.53626707E8	39.9416930509968
2.53810996E8	31.067026396327588
2.541215335E8	29.413424491279518
2.543774555E8	23.10811471801477
2.545591305E8	32.7933433572711
2.54848343E8	46.238070031570345
2.551248655E8	37.795647054262815
2.553049575E8	45.11698768934393
2.555674465E8	26.38517256309622
2.55866877E8	43.81990920096723
2.560427725E8	37.07810668585725
2.562705875E8	41.23557058313296
2.56600938E8	25.530488492063235
2.56774153E8	39.4790496927362
2.569624935E8	32.495180921173606
2.57304699E8	54.4090881680888
2.57500726E8	33.70713141840736
2.576711905E8	25.34359550196485
2.57986484E8	40.93597647663707
2.582258865E8	58.403418932811704
2.583930965E8	47.14368477704488
2.586566015E8	45.877753901899105
2.58942833E8	35.95529050987447
2.5910475E8	32.40675128861683
2.593058495E8	46.3997250329741
2.59625725E8	42.94703023764451
2.59808993E8	35.698046165853825
2.59968316E8	32.033874622652604
2.60263454E8	38.134909163402526
2.60511936E8	46.51249242551043
2.60669987E8	43.40609498183703
2.60895678E8	46.998455909431414
2.61207803E8	36.640095103446725
2.613664795E8	50.227800502045184
2.61520696E8	44.0629679735462
2.61824593E8	56.93924995547135
2.62058165E8	38.71587776020062
2.622109925E8	35.98215774122765
2.624361765E8	59.09962221889121
2.627407855E8	24.69851920317489
2.62899969E8	28.64451644686979
2.63050826E8	31.823239254059303
2.633441895E8	35.991784672240435
2.635851015E8	24.52840883301923
2.63733667E8	7.932702343020912
2.639380475E8	43.196385218485574
2.64231582E8	34.01064433650524
2.64411569E8	34.79676049502548
2.645558915E8	20.142512936307387
2.648102425E8	40.665298338246124
2.65083559E8	32.58945185633094
2.65224529E8	53.170681249636395
2.653750005E8	38.10953976181165
2.65651351E8	34.744795103293264
2.65885247E8	39.21965051270062
2.66021552E8	34.49761898446549
2.66196816E8	41.55135374303359
2.664682985E8	34.690114854401536
2.66677402E8	24.00541437265179
2.668104465E8	23.39796522666072
2.670024795E8	43.66399440586268
2.672676815E8	12.501718553770903
2.67460016E8	24.895134085508925
2.67590504E8	14.571716273974294
2.67790844E8	34.47226821172557
2.680494615E8	29.36609183607177
2.68233489E8	46.493456669010435
2.683623315E8	39.52725702549382
2.685626535E8	45.77340930045376
2.688141505E8	39.51504520685777
2.68998196E8	32.10946577906779
2.691212125E8	33.20572377239668
2.69305491E8	26.413179149792246
2.69544969E8	36.11942856143996
2.69745058E8	29.860510069743526
2.698635095E8	44.098738566582774
2.700194335E8	42.91405481631168
2.7025476E8	33.92296356088144
2.704832035E8	47.60652175472921
2.706000615E8	54.60312012392937
2.707192135E8	28.356432974604612
2.70946674E8	34.69234630832932
2.711728175E8	28.445891763616086
2.713243835E8	11.10390896963465
2.714361945E8	33.733145580123285
2.71620605E8	44.97444219446555
2.718435565E8	49.01013934272462
2.720435135E8	31.170453071284946
2.721547675E8	31.264076116478257
2.722872195E8	29.022082676449187
2.725064275E8	37.49455443497424
2.727249785E8	34.6021082706794
2.72867561E8	37.93649887823346
2.729767215E8	35.00264395572117
2.731596875E8	26.28350025863538
2.733731465E8	12.17972307574529
2.73574548E8	24.439372537911964
2.736806165E8	9.11819025905199
2.737972355E8	44.556438543375464
2.74008185E8	27.814878359109866
2.7421821E8	33.57336584997609
2.74380672E8	51.90507243860946
2.744841805E8	42.400750068173174
2.746317545E8	25.605709192417418
2.74835029E8	34.68429041987071
2.750368585E8	47.23583630697971
2.751721665E8	18.82310782383835
2.752717585E8	32.43026634474413
2.754346305E8	52.5250042657434
2.75629477E8	48.23480798019595
2.75822252E8	50.840043054838105
2.75947145E8	22.55842379516074
2.760430425E8	22.993009054537797
2.762057895E8	47.81171860266625
2.763968555E8	45.18955373709628
2.76587426E8	29.98557898688448
2.767135505E8	26.893779124438407
2.76808458E8	31.737264658500465
2.76967139E8	55.09740537737945
2.77156076E8	24.531003705750265
2.773432765E8	30.38697428192109
2.774748495E8	27.94411924057241
2.775673295E8	32.416085651137415
2.77713495E8	18.659356960400686
2.77897569E8	28.39655797147034
2.780813245E8	21.811003691526704
2.78227624E8	42.399084329790654
2.78318713E8	23.830847283767675
2.78445831E8	43.448457253000676
2.78624475E8	36.75840448001454
2.78799759E8	35.7974858876918
2.7896884E8	49.38341402476113
2.79055951E8	14.749711325921282
2.791480645E8	46.0186197780265
2.793219045E8	22.346562905492714
2.794951505E8	18.173347103922733
2.796670295E8	40.04813266576861
2.797860375E8	36.52684426457344
2.798713395E8	46.09161776146236
2.80007599E8	38.28132028775665
2.801762495E8	47.87774754195805
2.8034403E8	39.08288623792563
2.80507948E8	38.11078748057019
2.805915035E8	27.902210294605435
2.80677891E8	23.434675187252317
2.80844071E8	33.75295904810191
2.810100155E8	37.225949959843945
2.81175222E8	32.621011400777206
2.813072575E8	28.427026473633934
2.81389511E8	35.33479083275296
2.81503931E8	28.24063127015824
2.816671245E8	26.84251436591894
2.81829173E8	24.51900145076804
2.819906385E8	44.69085839259021
2.820985375E8	26.990003076474682
2.821788915E8	25.54518616300071
2.823119855E8	29.658512534056882
2.82471554E8	41.191250980168455
2.8263049E8	40.05211987034001
2.827887405E8	56.71299679578509
2.82881078E8	12.98171166469425
2.829592085E8	24.377466788111477
2.831008305E8	45.681129179524106
2.832545715E8	36.09844936478542
2.8340819E8	42.93544887574838
2.8356106E8	25.01594758942728
2.83650187E8	10.717067301984311
2.837259075E8	28.001320318853473
2.838639935E8	38.57478508563103
2.84014566E8	2.402637774622839
2.841642325E8	32.91297337366752
2.843131325E8	31.664361648867192
2.844097475E8	32.20310559370093
2.844837785E8	34.99373542926762
2.84609444E8	33.77435103403449
2.847568575E8	34.09331878448141
2.84903889E8	43.226488204247154
2.850507725E8	21.29920979243131
2.85162443E8	25.81470977836651
2.85235427E8	20.91493489062334
2.8534268E8	23.03446628083132
2.85486983E8	31.578573069557585
2.85630282E8	21.992280659617098
2.85773144E8	53.58880124812433
2.859069595E8	21.33434213785031
2.859767315E8	37.28559212196523
2.86052856E8	32.02550227928598
2.861903485E8	49.29930344130035
2.86326707E8	52.047485164522065
2.86461012E8	37.01371243804881
2.865942015E8	37.809340592982515
2.866994605E8	10.101605207899564
2.867650045E8	7.928371059557356
2.868562865E8	25.113751211674277
2.86985097E8	33.398800957911654
2.87113018E8	46.10655701058424
2.872400565E8	35.8061191255883
2.8736678E8	40.47682187238429
2.874684495E8	29.938493121953666
2.875308515E8	43.591830269537745
2.876171135E8	17.69468167895519
2.877417145E8	34.21716611156113
2.87865989E8	33.296158832417454
2.87989856E8	34.97071853881512
2.881135245E8	38.97184021715132
2.88225463E8	24.953166450364048
2.882869705E8	38.13410998124198
2.883595355E8	42.98443386206884
2.884818635E8	54.61740133437844
2.88604014E8	43.36466479731164
2.88725668E8	31.605925129873714
2.88845977E8	39.679753415975455
2.889652565E8	48.88837693175308
2.890345995E8	39.55653479313067
2.89094055E8	16.797167679069606
2.892031115E8	39.439748366410974
2.893211245E8	27.88704222986845
2.8943711E8	38.375655452449145
2.89550763E8	41.2997710233331
2.896633655E8	23.873868748054985
2.897663725E8	37.11642041777014
2.898226395E8	36.229871768303106
2.89887659E8	30.72603332709163
2.899984115E8	38.09282009467509
2.901089365E8	49.714037497124764
2.90218437E8	29.189727995071955
2.903262345E8	35.62658704453441
2.9043256E8	28.206866706729176
2.905335855E8	16.261614157105512
2.905862925E8	56.881981335247666
2.906432345E8	21.6280507225361
2.907479405E8	35.23639423691265
2.90851896E8	24.996174230159678
2.90955247E8	24.60927627743161
2.91058116E8	47.272325647722
2.91160204E8	24.4401456589541
2.912615545E8	28.25537770238568
2.91331315E8	21.04599283122037
2.9138107E8	34.11493219627301
2.91461273E8	32.90401406845537
2.91559725E8	2.698963000896172
2.91657178E8	35.371508013200355
2.917545145E8	24.15177190370316
2.91851644E8	31.72009045344291
2.91948596E8	5.7325410117234
2.920451375E8	33.46652664490532
2.9210626E8	44.760493409999945
2.921538905E8	58.25332979985665
2.922360205E8	21.165273374667777
2.923310645E8	35.57210353855343
2.924255295E8	34.06705066421559
2.925187585E8	30.22855172871507
2.92610929E8	5.488256364583181
2.92702327E8	33.32194673517506
2.92792108E8	24.626771754437318
2.928622145E8	38.961901806811944
2.929062585E8	35.44099754025428
2.92967363E8	30.667113956858415
2.930529085E8	28.83332870897034
2.931380435E8	15.433041337737201
2.9322235E8	25.343356620842858
2.93305647E8	15.932277050202682
2.93388439E8	29.700520840749167
2.93470965E8	32.384619828917835
2.935531875E8	33.655382724441196
2.936254925E8	4.037405324002303
2.936664795E8	3.4411223052757016
2.9371692E8	28.74632247737116
2.937980535E8	25.995545266650584
2.938782955E8	45.670269653441686
2.93957456E8	58.954603090439335
2.940359865E8	30.402453442085967
2.94113718E8	43.50363998730935
2.94190606E8	36.35801593657196
2.94267212E8	2.18582906219698
2.9434356E8	9.906111351864462
2.94403587E8	33.77864629166252
2.944416325E8	28.173973250862595
2.944955125E8	29.657488803903203
2.9457076E8	34.28030003248785
2.9464554E8	28.009468947871348
2.947198625E8	25.607800052836936
2.947938495E8	1.2766070565490575
2.94867693E8	37.42930998382285
2.94941437E8	27.700193665843944
2.950150255E8	24.30729410331119
2.9508846E8	43.83530485132952
2.951596985E8	19.18079356885441
2.951959055E8	25.60955981823858
2.9523318E8	6.308608282891898
2.953042615E8	6.639927970906356
2.95375117E8	12.613674883740568
2.95445692E8	32.33890891347079
2.95515887E8	51.040605547954314
2.955858525E8	0.6344415096256413
2.956554665E8	45.07095218298401
2.957244435E8	4.593828672339397
2.957929165E8	27.92035481062934
2.958609135E8	3.4583227481864114
2.959283655E8	20.628528792493714
2.95962472E8	5.326405451448041
2.959959795E8	6.677255042093453
2.960623185E8	8.212422840159364
2.961285905E8	35.60567706624408
2.961944545E8	30.181114086408193
2.96259386E8	37.651570076637995
2.963231915E8	37.64781169496849
2.963866495E8	38.48228686840389
2.964495135E8	34.19704314176402
2.96511883E8	3.5615158085947587
2.96574108E8	9.419973392688107
2.966360135E8	47.94393042060966
2.966975155E8	13.88971400234199
2.967299425E8	41.61433359113173
2.967605265E8	24.934795575854288
2.968197085E8	20.89585031669594
2.968803715E8	28.241459542045714
2.969406465E8	30.45500401136914
2.970003935E8	21.714751647754298
2.97059853E8	58.561701817059806
2.971191925E8	46.583745635396134
2.971783685E8	29.40165590787466
2.972373605E8	29.77474017426331
2.972962345E8	21.972176965786133
2.973550285E8	33.12369165092811
2.974136535E8	34.88607015775293
2.974716695E8	4.364471382154461
2.975006415E8	0.0
2.975297915E8	33.30949312253417
2.975874835E8	32.61489040924551
2.97644944E8	17.83803958461483
2.977022745E8	30.44401458856366
2.977593955E8	27.063567614338304
2.97816386E8	38.02332550273835
2.97873337E8	20.193122499991237
2.97929694E8	37.897947344503855
2.979853355E8	17.4408175392481
2.98040566E8	43.72612102851706
2.980954345E8	8.59037641977345
2.98150189E8	42.79523252162494
2.982045775E8	27.866605257477786
2.98250394E8	12.031588908383164
2.98277297E8	10.899653879986232
2.98312184E8	11.742265237199392
2.983655255E8	5.01631366917953
2.98418571E8	41.447783999476385
2.98471025E8	22.678328300549687
2.985229515E8	36.433310374457
2.98574718E8	28.978001270606985
2.98626245E8	5.350973147720525
2.986775555E8	40.33471058259417
2.987287515E8	32.51032586235531
2.9877965E8	53.69778469859213
2.98830158E8	26.123950623857443
2.98880377E8	5.426518052803663
2.9893041E8	28.491634339019612
2.989803155E8	47.891462244034344
2.9902156E8	29.694737831941623
2.99046443E8	17.160703512924034
2.990795815E8	40.52908321239991
2.991287095E8	25.37812186675952
2.991776335E8	29.876215497699082
2.99226409E8	23.213991669842052
2.992750675E8	5.150204225042821
2.99323612E8	21.522064837730152
2.993721015E8	41.294122757538624
2.99420364E8	29.46198873967621
2.994682855E8	25.610962039588774
2.995160355E8	39.2787211399824
2.99563736E8	28.88646359973558
2.99611366E8	25.93965400679066
2.99658856E8	10.471075553758434
2.99706222E8	33.00833819932461
2.99753043E8	30.11084110126034
2.997914265E8	23.125385994620977
2.998145535E8	18.596230356077182
2.998454455E8	27.546329511394454
2.998912785E8	50.7999599318842
2.999369015E8	6.468459275986563
2.99982407E8	16.24459226530067
3.000278035E8	14.504013850943831
3.00072936E8	25.88424740144462
3.001178095E8	8.64082381926217
3.001626E8	5.384667135406919
3.002072585E8	38.29211898168032
3.0025153E8	35.77258542261716
3.002951105E8	26.91857594620269
3.00338256E8	40.53063698348415
3.00381246E8	28.86331504210517
3.00424041E8	28.735085834399626
3.00466617E8	24.14064107477861
3.00509036E8	21.035142372698893
3.005513965E8	31.45065759760577
3.005739685E8	24.07296449515843
3.0059498E8	29.152984409004958
3.006355E8	30.310499845326362
3.00677186E8	5.404674336591468
3.00718655E8	27.599993499144546
3.007599975E8	44.19688096577547
3.008009635E8	41.42876411916039
3.00841504E8	47.32544016599918
3.00881871E8	14.95361392550629
3.009221625E8	24.453044667776528
3.00962411E8	21.357673092093286
3.01002529E8	7.427856814134502
3.010424755E8	31.326838581966282
3.010823325E8	38.906485641482035
3.011221535E8	37.077976221712994
3.01161883E8	3.6427763008975336
3.012013185E8	21.57350676878162
3.01240271E8	5.726470453004127
3.01278813E8	31.11655831166233
3.013171725E8	29.144435722480527
3.013402245E8	32.326283816926384
3.01359325E8	36.24163275932855
3.01393599E8	27.9595754567644
3.01431711E8	6.406955865155296
3.014697935E8	21.908599622897356
3.015075635E8	31.3233109719056
3.01544826E8	33.50734490817073
3.015818905E8	18.099102207585457
3.01618727E8	40.429783135968044
3.01655231E8	3.065988541140357
3.01691575E8	16.277861546893952
3.01727817E8	57.85353895027438
3.017639465E8	12.972665973243428
3.018000005E8	23.057058234412725
3.018360275E8	16.968973254229354
3.018718265E8	35.50947165554198
3.019074095E8	8.755430242272347
3.0194275E8	44.94839974808199
3.01977819E8	4.476392223000496
3.020128525E8	27.53321835816867
3.02047874E8	7.812455397186013
3.020828745E8	8.979376020123027
3.021066125E8	6.260464126037896
3.021240165E8	11.495048765637744
3.0215234E8	28.151762552301257
3.021865385E8	26.397283106745874
3.022202135E8	28.619717886071225
3.02253491E8	6.75933141723849
3.022863395E8	35.35627234867303
3.02318457E8	10.08428421421071
3.023501625E8	9.683433712232265
3.02381257E8	23.417531802485996
3.024117055E8	25.34547258010837
3.024418645E8	29.98336536087344
3.024718665E8	35.19579542726036
3.02501802E8	22.653674048570334
3.0253152E8	36.14438162167918
3.02561013E8	3.934802637126519
3.025904035E8	5.379321451069735
3.026196635E8	40.104662398436126
3.02648696E8	1.1125630954755366
3.026774925E8	36.69975196510736
3.0270614E8	25.189400164338537
3.0273473E8	37.767111980998685
3.0276322E8	30.656215686696665
3.02791553E8	2.6908967657281053
3.02819683E8	31.592998306041785
3.02847463E8	30.427444957798826
3.02871419E8	23.8846579894766
3.028851665E8	18.605259966038652
3.029023805E8	25.91254142109124
3.02929608E8	19.622125347345804
3.029566585E8	37.658797418310236
3.02983539E8	48.12924146343706
3.030103E8	33.257472273600726
3.03036936E8	45.374866099676645
3.030633795E8	22.227243558243195
3.03089659E8	52.53720165770399
3.031158375E8	26.837721776471916
3.03141897E8	22.30490053247038
3.0316784E8	4.213612287524378
3.03193613E8	32.67920033834797
3.03219033E8	48.78637613404006
3.03244142E8	34.128833688467424
3.03269183E8	34.02233289107711
3.032941495E8	28.14878082574603
3.03318984E8	36.81317870612327
3.03343729E8	11.540216626811084
3.03368407E8	28.27161234834483
3.03392961E8	28.066987717378087
3.034173935E8	0.6627651792245793
3.034417695E8	47.25258380687235
3.03466092E8	25.73522275152099
3.03490315E8	17.849495546363777
3.03514472E8	41.522830853899734
3.03538466E8	11.779324763133312
3.035622675E8	35.88383036270308
3.03585904E8	34.21130264559149
3.036094165E8	6.293674988429933
3.03632882E8	42.579528535980145
3.036474595E8	28.6203916931184
3.03659146E8	26.310882645833626
3.036795675E8	8.89676058755732
3.03702759E8	39.026767285861716
3.037259045E8	28.39354534360226
3.03749014E8	33.40487119081997
3.037721115E8	23.811115083704887
3.03795153E8	14.987005851079628
3.038181055E8	7.092349572761207
3.03840977E8	46.072492393250336
3.038636995E8	40.569598105404545
3.038862345E8	39.19783628122254
3.03908542E8	26.48472135379899
3.03930611E8	31.163721822291663
3.039525865E8	2.8127036429318566
3.03974351E8	27.104573606479274
3.039958025E8	11.664193213485602
3.040171415E8	5.317493641186122
3.04038313E8	35.87889865975786
3.040591685E8	27.224746318760968
3.04079863E8	31.1370671729004
3.04100481E8	38.17765953647823
3.04120937E8	26.733634524444884
3.041411265E8	31.870449237115903
3.04161089E8	5.679912354303178
3.041809935E8	25.93287725748072
3.04200889E8	10.665614341786865
3.042207195E8	30.23835110000096
3.042404435E8	25.754189252968104
3.04260093E8	16.206821869488536
3.042797115E8	36.392595490963295
3.04299283E8	3.80353658522949
3.043188045E8	32.74154010125233
3.0433822E8	2.9618416903185114
3.04357514E8	35.26874233113345
3.043766445E8	11.878613333333334
3.04395624E8	2.814970999467623
3.044120845E8	11.543419026181732
3.044215395E8	22.854317414375302
3.044334495E8	17.08192130384741
3.044520715E8	26.78979902133282
3.04470397E8	31.918586404409382
3.04488589E8	31.550765929105307
3.0450666E8	14.422607926049759
3.0452464E8	20.88098809412206
3.04542522E8	17.796794871794873
3.04560353E8	35.79547728960196
3.045781455E8	31.44515014663812
3.045958945E8	2.51114958680451
3.04613409E8	19.96718773210837
3.04630615E8	26.06883789785344
3.046477165E8	23.514826174530043
3.04664782E8	27.14595029641553
3.046818275E8	6.686164079822617
3.04698855E8	49.88588866587474
3.047157445E8	21.11413486739945
3.047322845E8	37.79920018075011
3.047485745E8	3.117110859426593
3.047647915E8	10.565152486411016
3.04780937E8	9.919613264726886
3.04797045E8	28.564524329508558
3.04813105E8	52.25093395443225
3.04829099E8	11.726760563380282
3.04844809E8	13.530148229438769
3.04860144E8	12.430406023529992
3.04875228E8	43.57647775033073
3.048899345E8	15.685516259592355
3.04904393E8	26.101726518852914
3.04918797E8	6.6464152914784425
3.04933121E8	19.869307512578303
3.049473325E8	5.153037239879459
3.049613855E8	45.019629793548724
3.049753525E8	2.461955826319381
3.04989176E8	19.301663577746456
3.050028535E8	13.593623114493635
3.050165075E8	24.48168552070879
3.05030149E8	24.016518795236983
3.05043766E8	5.513704426795763
3.05057328E8	7.586860493256097
3.050707775E8	20.258379800764363
3.050840815E8	3.6994314648663056
3.050973185E8	4.843580470162749
3.0511055E8	20.73901781354169
3.051237565E8	3.7244745615867196
3.051369355E8	4.2183192652465475
3.05150043E8	27.839115795637536
3.05163013E8	30.90740778458969
3.05175888E8	35.7230596144517
3.05185055E8	12.600833333333334
3.051914585E8	25.445632203106733
3.052015075E8	20.905647770767512
3.05214187E8	3.712002872789299
3.052267085E8	37.682754598125754
3.05239162E8	31.03075309418922
3.052514665E8	26.993203531935045
3.052635855E8	9.291963377416073
3.05275651E8	42.48075430197956
3.052876965E8	11.902000758934218
3.052997075E8	34.97837289853848
3.05311672E8	15.710661707732838
3.053236175E8	32.218558636181804
3.053355615E8	21.936521631948725
3.05347491E8	30.09575644784662
3.0535937E8	17.78886733699812
3.053711045E8	18.651685393258425
3.053827095E8	22.503137462699055
3.05394203E8	36.44453570889325
3.05405586E8	40.15011184896291
3.05416915E8	1.4690667598741698
3.054282015E8	5.056067172264355
3.054393975E8	3.2176930422338237
3.05450508E8	35.93299450264495
3.054616145E8	26.356300742788047
3.05472713E8	23.670855614973263
3.054837595E8	48.468826073338136
3.05494683E8	32.505531956929765
3.055054885E8	29.19043062752535
3.055161465E8	1.2904634113682518
3.05526661E8	16.57278102883054
3.05537127E8	3.7960060272497245
3.055475015E8	20.81629528831434
3.055577785E8	11.242412581681881
3.05567969E8	2.90281783891724
3.05578E8	19.03833833690047
3.05587934E8	46.661741386766614
3.055978485E8	21.957667942304756
3.056077465E8	4.504336015608578
3.05617534E8	45.78724596083514
3.05627204E8	34.74878233319147
3.0563683E8	31.343207786711808
3.056464125E8	31.703050524308864
3.05655943E8	19.807505835877176
3.05665429E8	0.397172034564022
3.056749135E8	46.49627933600458
3.05684391E8	38.353247082699134
3.056938605E8	46.069126342966605
3.05703288E8	32.383024992908695
3.0571261E8	16.865406281501393
3.057218545E8	4.211105811272756
3.057310705E8	25.099552382132458
3.057402675E8	30.70072060101191
3.057494535E8	27.273601201652273
3.057585785E8	31.506385955411137
3.05767648E8	5.209068118948824
3.05776642E8	43.66441318748366
3.057855425E8	24.948704094105974
3.05794349E8	18.542526421741318
3.05803082E8	16.53812282449602
3.058116615E8	38.52976074271708
3.058200515E8	33.76278118609407
3.058282875E8	32.486426900809015
3.058363865E8	48.34760940389187
3.058444065E8	42.43271354412459
3.058523285E8	28.236562219969738
3.058601015E8	3.525854890267816
3.058677105E8	1.5827338129496402
3.058752425E8	57.06298227736818
3.05882709E8	18.76507766470273
3.058900985E8	32.05636708162433
3.05897348E8	47.81371069941464
3.059044835E8	1.118270079435128
3.059115865E8	0.5422639644092931
3.059186575E8	13.535523626974195
3.059257075E8	30.39637748756219
3.059327345E8	15.242862428315965
3.059397415E8	0.4196594166245153
3.05946737E8	15.10560931357726
3.05953382E8	3.3525217300785926
3.059568435E8	4.074066258704368
3.059606085E8	2.3805847759463266
3.059675075E8	20.85513720485003
3.05974393E8	34.052790999567286
3.059812595E8	26.94611231812496
3.0598811E8	11.96175487954985
3.05994947E8	13.59587568124908
3.060017745E8	3.3851074367095193
3.06008546E8	30.223953346679433
3.06015243E8	11.468217054263565
3.06021916E8	2.7920664754179443
3.06028584E8	15.813142957579016
3.060351805E8	2.85850991114149
3.060416715E8	44.69544628336363
3.06048088E8	15.654116145500957
3.06054431E8	29.709760970560623
3.06060702E8	26.947582252476007
3.06066934E8	10.135015568015122
3.060731045E8	13.530102790014684
3.06079204E8	0.339041095890411
3.060852755E8	53.77197858997037
3.06091306E8	20.99112426035503
3.060973105E8	25.39825790414364
3.06103308E8	42.34236181145848
3.06109298E8	27.938633918967373
3.06115231E8	35.44899438875228
3.06121083E8	0.0
3.061268995E8	56.050757240991445
3.061326905E8	33.743856121537085
3.061384525E8	19.043028375517146
3.06144196E8	0.0
3.06149915E8	29.752032700937487
3.061556135E8	31.746840312743977
3.061612865E8	29.305829152829787
3.061668935E8	18.364045434022756
3.061724375E8	36.642919361621175
3.06177958E8	17.19298245614035
3.06183465E8	31.54161057882651
3.0618895E8	38.30848360576375
3.061944175E8	26.956385570119476
3.061998695E8	54.8167948546372
3.062052965E8	0.0
3.062107035E8	17.41529177052844
3.062160895E8	29.007202922525504
3.06221455E8	6.229225708502025
3.062267975E8	30.368569131832796
3.062321055E8	6.6230936819172115
3.062373925E8	28.364035087719298
3.062426715E8	5.320262597586941
3.06247945E8	30.712101088360082
3.062532015E8	0.0
3.062584425E8	52.82018358686785
3.06263673E8	35.34672722029988
3.062688905E8	48.82350719626113
3.06274102E8	34.668369113573405
3.06279276E8	34.58323794891492
3.062844135E8	22.678874175854617
3.062895485E8	10.734480959833073
3.06294667E8	2.4395604395604398
3.06299761E8	5.142564156499789
3.063048415E8	2.4012430211734963
3.063099165E8	49.20691806114641
3.063149815E8	0.0
3.063200175E8	0.0
3.063250325E8	56.12613700300075
3.06330018E8	0.8142726440988106
3.063349735E8	2.88
3.063399235E8	32.50835064395513
3.06344861E8	19.92786251915007
3.063497735E8	38.46568722211483
3.06354609E8	3.3100142089330946
3.06359362E8	3.5516712723777486
3.06364072E8	15.401489814533292
3.06368756E8	9.647071774548657
3.063734225E8	11.344668819430495
3.063780725E8	28.73435831731796
3.06382707E8	49.6671798114193
3.063873235E8	36.76540201879568
3.06391931E8	3.2724467260468315
3.063965295E8	3.3280873948914
3.06401082E8	8.148480924024513
3.064055785E8	39.76932519199295
3.06410055E8	2.925581395348837
3.0641452E8	3.191125198098257
3.0641896E8	0.778814935064935
3.064233765E8	36.30817777777778
3.06427766E8	0.39973072562358275
3.064321085E8	10.259969991313275
3.06436424E8	0.639623324882289
3.06440737E8	7.418416801292407
3.064450465E8	1.9616858237547892
3.06449342E8	1.75766404864454
3.06453625E8	0.0
3.06457902E8	13.221929355891955
3.064621725E8	22.118417570785923
3.06466441E8	32.486649746946284
3.06470704E8	59.39640359930805
3.064749595E8	4.035150506485137
3.064792095E8	24.860774460537986
3.06483446E8	14.585024808299504
3.064876545E8	0.2845929663657088
3.064918455E8	34.23899913718723
3.0649603E8	22.397074223292677
3.065001735E8	0.0
3.06504273E8	22.678872941513156
3.065083565E8	0.0
3.06512427E8	34.804794680900876
3.06516488E8	29.969785872132896
3.065205265E8	20.154438980132586
3.065245425E8	7.378885708580177
3.06528524E8	0.0
3.06532471E8	3.5159650847558614
3.065364115E8	59.77550123109391
3.065403375E8	0.0
3.0654423E8	15.661082647066713
3.06548097E8	0.0
3.0655195E8	0.0
3.065557735E8	26.91043452556902
3.06559577E8	31.4763904209515
3.065633635E8	1.68448098663926
3.065671335E8	34.145554224303815
3.065709005E8	26.2649660099889
3.065746505E8	4.188923114090717
3.065783835E8	10.596847511147354
3.06582112E8	8.275505946708835
3.06585833E8	25.869462955703646
3.06589543E8	25.07596007864805
3.065932395E8	6.614749419688724
3.065969265E8	3.653095804328756
3.06600612E8	4.0672484808939275
3.066042955E8	12.776432869747083
3.06607968E8	29.908326280152348
3.0661163E8	8.447494244731717
3.066152875E8	26.770335985853226
3.06618939E8	0.0658354114713217
3.066225875E8	0.0
3.066262295E8	0.4817493438072398
3.066298605E8	20.577348602484474
3.066334545E8	0.0
3.06637011E8	17.236220472440944
3.0664056E8	13.38416156115271
3.066440915E8	0.9407102969092686
3.066476025E8	52.48317608750104
3.066511055E8	14.17300264281358
3.06654603E8	12.695207967348663
3.066580945E8	13.964978996241433
3.066615705E8	0.0
3.06665033E8	57.48671548117155
3.06668493E8	0.0
3.066719485E8	3.36046511627907
3.066753845E8	16.26309320968688
3.06678798E8	24.39657980456026
3.066821985E8	2.3843813387423936
3.06685591E8	38.0
3.066889815E8	34.95545781687325
3.066923705E8	4.476789939828274
3.066957585E8	16.5338433747742
3.066991455E8	56.80167959589539
3.067025305E8	2.290802156510374
3.06705914E8	0.208938478609296
3.067092965E8	14.657657657657658
3.06712672E8	37.42362002567394
3.06716041E8	17.61088511712723
3.067194095E8	32.20802919708029
3.067227775E8	5.569549219576942
3.067248635E8	9.322274881516588
3.06726541E8	10.071748878923767
3.067294915E8	18.804529788281634
3.067328405E8	14.555736106597335
3.067361665E8	0.7335945151811949
3.06739469E8	0.0
3.06742768E8	0.0
3.06746065E8	34.33900505354907
3.067493595E8	30.352308028877708
3.067526505E8	1.6454084721429436
3.06755933E8	0.0
3.067591995E8	5.657881773399015
3.067624565E8	0.14063662907196428
3.067657115E8	2.850144987572494
3.06768965E8	51.33804809052334
3.06772208E8	12.364839908328326
3.067754395E8	0.0
3.067786575E8	39.09452468204354
3.067818625E8	35.37728004291846
3.067850465E8	32.34597900652947
3.0678821E8	0.0
3.067913705E8	6.552998563201043
3.067945245E8	8.054945054945055
3.06797666E8	34.0351960676193
3.0680079E8	0.0
3.06803903E8	20.70956299659478
3.068070135E8	4.086021505376344
3.068101235E8	6.626479021373033
3.06813233E8	12.035930879787323
3.068163365E8	15.785400017958157
3.068194285E8	0.0
3.06822513E8	3.7183839349748986
3.068255925E8	3.856509788219507
3.068286625E8	27.410650887573965
3.068317255E8	0.548030380543859
3.068347845E8	1.2857852882703777
3.068378385E8	4.616246498599439
3.0684088E8	0.0
3.06843903E8	4.411933915240436
3.068469175E8	9.817297367229445
3.068499285E8	7.347222080506096
3.068529315E8	18.13199360919338
3.06855925E8	31.987488829311886
3.06858904E8	22.54773663953132
3.06861871E8	0.0
3.06864829E8	26.278265107212476
3.068677785E8	40.0
3.06870722E8	18.63542600896861
3.068736605E8	8.774393513652646
3.06876586E8	14.416867550555779
3.06879498E8	0.0
3.068824045E8	0.0
3.068853035E8	4.3454507359488765
3.06888198E8	3.5267175572519083
3.0689109E8	0.0
3.068939665E8	0.9572815533980582
3.06896809E8	34.29523447883045
3.068996235E8	34.39058278656889
3.069024245E8	9.945269977254826
3.06905212E8	31.078695822967134
3.069079905E8	6.062928501469148
3.069107675E8	1.5436590436590436
3.06913543E8	46.65854468473704
3.06916313E8	0.7712765957446809
3.06919067E8	0.4956898321086983
3.069218095E8	20.639409226433845
3.069245455E8	16.93791449132214
3.06927266E8	0.3527276027956794
3.06929975E8	34.7444167260632
3.069326695E8	6.0
3.069353465E8	5.605410845572557
3.06938016E8	29.32579185520362
3.06940674E8	0.031757552726581796
3.06943317E8	6.347792607802875
3.069459505E8	18.804780876494025
3.069485655E8	0.017453569031103153
3.06951153E8	1.113199105145414
3.069537225E8	2.2724676522923484
3.069562725E8	1.1851851851851851
3.069587885E8	5.0
3.069612825E8	7.223262792983909
3.069637735E8	15.78347141441155
3.0696626E8	1.113213448006255
3.06968739E8	19.682838813151562
3.06971213E8	40.0
3.06973672E8	0.0
3.069761095E8	12.844984802431611
3.06978536E8	3.9223095149021074
3.0698095E8	0.0
3.06983354E8	8.770967741935484
3.06985755E8	4.750845546786922
3.06988152E8	4.142857142857143
3.06990543E8	43.96254766857341
3.069929255E8	0.0
3.069953025E8	31.658380532829874
3.069976725E8	10.475218987353657
3.070000295E8	21.842628942737242
3.07002367E8	6.666666666666667
3.07004687E8	0.0
3.070070005E8	17.89644970414201
3.070093035E8	12.602739726027398
3.070115925E8	0.0
3.07013868E8	5.33170882052665
3.07016134E8	17.465170532214152
3.07018396E8	0.0
3.07020655E8	0.0
3.070229135E8	0.0
3.0702516E8	1.3526713979646492
3.07027389E8	1.1651234567901234
3.0702961E8	6.220491320188598
3.070318285E8	0.3288438593298146
3.070340435E8	18.006478658536587
3.070362525E8	40.80747322036327
3.07038456E8	32.4087739429782
3.07040653E8	0.0
3.0704284E8	20.59758713136729
3.070450185E8	19.403203712504542
3.07047178E8	1.9669511038873086
3.0704932E8	31.933333333333334
3.07051452E8	51.75260609512959
3.070535745E8	0.0
3.07055696E8	0.45804620997162543
3.07057816E8	56.16938157966261
3.07059934E8	3.730909090909091
3.0706204E8	0.0
3.070641345E8	0.0
3.07066228E8	33.67808477406151
3.070683165E8	0.0
3.070704E8	1.088455772113943
3.07072481E8	3.0065635473060066
3.07074558E8	30.857971014492755
3.070766325E8	0.0
3.070787045E8	4.039383964260522
3.07080772E8	0.4115598885793872
3.070828335E8	11.611682605324374
3.07084889E8	0.0
3.07086942E8	9.87012987012987
3.07088987E8	0.0
3.070910185E8	19.308770108977686
3.07093044E8	42.16057142857143
3.07095069E8	0.5606690267302857
3.07097091E8	25.74239140676529
3.07099108E8	8.676989042401143
3.071011185E8	32.88646679407549
3.07103122E8	0.0
3.071051185E8	14.088696838753696
3.071071095E8	51.04190058879912
3.071090915E8	5.451530356246864
3.07111059E8	0.0
3.071130195E8	29.33695652173913
3.07114979E8	33.86363636363637
3.07116933E8	0.3649291245867488
3.071188785E8	11.739392478302797
3.071208195E8	1.5836280949974735
3.07122752E8	0.0
3.071246735E8	2.0550060732257505
3.071265845E8	0.0
3.07128479E8	17.0
3.07130355E8	0.0
3.07132213E8	3.815880322209436
3.071340475E8	8.206896551724139
3.07135863E8	13.503257328990228
3.071376725E8	0.08234270803131342
3.07139478E8	11.110650510204081
3.07141279E8	0.0
3.071430775E8	0.0
3.07144871E8	3.837953091684435
3.071466595E8	0.0
3.07148442E8	1.3864172299952837
3.07150216E8	33.24354838709677
3.071519825E8	60.0
3.071537425E8	0.0
3.071554995E8	1.7225846925972397
3.071572545E8	2.8088235294117645
3.07159008E8	40.0
3.071607605E8	35.70372632864997
3.071625115E8	31.559988518943744
3.07164259E8	11.543766578249336
3.07165998E8	0.0
3.071677295E8	0.0
3.07169459E8	0.0
3.07171187E8	6.779514448383285
3.07172911E8	20.210646984924622
3.071746285E8	33.953118630248674
3.071763405E8	18.94477597177805
3.0717805E8	17.0
3.07179757E8	12.323045538299553
3.0718146E8	0.0
3.07183154E8	12.068965517241379
3.071848325E8	2.953846153846154
3.071864995E8	10.074943033793764
3.07188158E8	28.73292776065945
3.07189806E8	2.7956521739130435
3.07191447E8	0.37006374699892375
3.071930855E8	0.0
3.07194713E8	8.175648367411995
3.07196327E8	4.006369426751593
3.071979365E8	2.0556542672092624
3.07199539E8	31.658747300215982
3.07201133E8	52.0
3.072027235E8	9.0
3.072043025E8	8.501123595505618
3.07205867E8	24.94269340974212
3.07207427E8	40.0
3.07208982E8	18.360655737704917
3.072105315E8	0.0
3.07212076E8	0.09343040388282198
3.072136115E8	0.0
3.072151395E8	42.60413425870528
3.072166655E8	2.110654420595051
3.07218189E8	14.195391262602016
3.07219709E8	0.0
3.07221218E8	0.0
3.072227155E8	0.0
3.072242065E8	6.222222222222222
3.07225692E8	0.0
3.072271765E8	1.8454616081833484
3.07228659E8	42.118316927234126
3.072301395E8	7.0
3.072316155E8	0.0
3.072330835E8	50.911854103343465
3.0723454E8	12.18816067653277
3.072359815E8	9.824800332394627
3.072374155E8	40.0
3.07238849E8	5.296146925606503
3.072402775E8	16.97640218878249
3.072416995E8	25.84060984060984
3.072431125E8	1.6450590100405142
3.072445175E8	0.0
3.07245921E8	0.0
3.07247322E8	0.0
3.072487205E8	37.13433908045977
3.072501165E8	3.6670822942643393
3.072515085E8	22.18635580001642
3.072528945E8	9.517985611510792
3.07254274E8	51.65165562913907
3.072556495E8	19.944647519582244
3.072570195E8	0.7632809967115928
3.07258382E8	1.350888839713801
3.07259739E8	0.0
3.072610935E8	0.0
3.072624475E8	0.7696868349042262
3.072637995E8	50.314014752370916
3.07265146E8	0.0
3.072664865E8	0.10083102493074793
3.072678185E8	0.0
3.072691435E8	0.0
3.072704615E8	13.150132860938884
3.07271773E8	22.88966379549875
3.072730825E8	8.550401804596081
3.072743855E8	41.28476821192053
3.072756825E8	0.25697424892703863
3.072769735E8	2.2537025112685125
3.07278257E8	0.0
3.07279535E8	6.682119205298013
3.07280808E8	1.768421052631579
3.07282078E8	0.7308845577211395
3.07283345E8	3.050604762163042
3.072846035E8	8.898953615492738
3.072858485E8	0.0
3.072870805E8	2.3502460272646606
3.07288306E8	1.3785567615136403
3.072895305E8	0.0
3.0729075E8	0.0
3.072919625E8	0.0
3.0729317E8	5.806243272335845
3.072943745E8	0.0
3.07295576E8	0.0
3.07296769E8	0.0
3.072979505E8	1.6019900497512438
3.072991265E8	0.0
3.073002965E8	17.627118644067796
3.0730146E8	1.1538461538461537
3.0730262E8	17.48022769253968
3.073037765E8	0.0
3.073049325E8	1.099554234769688
3.073060875E8	6.863090472377903
3.07307234E8	23.54358515869468
3.073083675E8	0.0
3.0730949E8	0.0
3.07310606E8	7.787667051082016
3.073117205E8	0.0
3.07312834E8	14.031182584820552
3.07313946E8	0.0
3.07315057E8	9.934640522875817
3.073161665E8	0.3758368837492392
3.07317273E8	33.53909398678059
3.073183765E8	23.963047445255473
3.073194775E8	8.983865824883617
3.073205775E8	1.419082762256194
3.07321677E8	3.55632183908046
3.073227755E8	0.0
3.073238735E8	6.567305597908953
3.07324967E8	9.391014291134438
3.07326045E8	0.0
3.07327112E8	24.597042513863215
3.07328175E8	0.0
3.07329233E8	2.844132709864173
3.073302885E8	5.652800720828953
3.0733134E8	12.283563024000575
3.07332388E8	0.02125237191650854
3.073334315E8	0.0
3.073344645E8	0.0
3.073354855E8	10.223375931842385
3.073365005E8	9.666824085005903
3.07337512E8	0.0
3.07338521E8	40.0
3.07339524E8	14.277437244600117
3.073405195E8	0.0
3.073415095E8	0.0
3.073424955E8	0.0
3.07343481E8	0.0
3.07344466E8	29.900865460267507
3.07345449E8	12.896465436346574
3.0734643E8	0.0
3.073474095E8	0.0
3.073483845E8	0.0
3.073493565E8	0.0
3.07350326E8	7.164874551971326
3.073512895E8	19.36842105263158
3.07352248E8	55.31707317073171
3.07353193E8	10.0053496868476
3.07354126E8	6.143344709897611
3.073550565E8	0.0
3.073559835E8	0.0
3.073569075E8	0.0
3.073578275E8	0.0
3.073587445E8	0.0
3.07359658E8	3.6448598130841123
3.07360568E8	4.660164532270375
3.07361477E8	20.44736842105263
3.073623815E8	0.0
3.0736328E8	0.0
3.073641745E8	6.0
3.073650655E8	3.0189982728842835
3.07365955E8	0.0
3.073668425E8	0.0
3.07367728E8	0.0
3.07368608E8	0.0
3.073694805E8	0.0
3.0737035E8	0.7079886976624711
3.073712185E8	21.0
3.07372084E8	0.0
3.073729445E8	0.0
3.07373801E8	4.510657921705268
3.07374652E8	0.0
3.07375497E8	16.91403675109486
3.07376337E8	0.0
3.07377173E8	0.8363954505686789
3.073780065E8	12.71034758290052
3.07378836E8	0.0
3.073796625E8	25.221374045801525
3.07380485E8	39.55170800187178
3.073812975E8	4.0273587745409545
3.073821025E8	0.0
3.073829055E8	46.0
3.07383704E8	7.5
3.073844975E8	0.0
3.073852875E8	0.0
3.07386072E8	4.07713858797161
3.07386853E8	0.0
3.073876335E8	0.0
3.07388411E8	5.642368666459435
3.073891845E8	0.0
3.073899525E8	11.873635841470419
3.073907155E8	59.34832756632065
3.073914765E8	0.0
3.073922355E8	19.53488372093023
3.07392992E8	0.0
3.073937465E8	0.0
3.073944975E8	0.0
3.073952445E8	0.0
3.073959905E8	0.0
3.073967355E8	0.0
3.073974755E8	0.0
3.073982085E8	0.0
3.07398938E8	3.0
3.07399665E8	1.1470588235294117
3.074003845E8	0.0
3.074010975E8	9.0
3.07401809E8	31.32360248447205
3.074025195E8	6.0
3.074032295E8	0.0
3.074039365E8	2.4571428571428573
3.0740464E8	0.0
3.0740534E8	0.0
3.074060365E8	0.0
3.07406728E8	22.325053229240595
3.07407414E8	1.9172413793103449
3.07408095E8	0.0
3.07408771E8	0.0
3.074094455E8	0.0
3.07410119E8	1.8064516129032258
3.07410791E8	0.0
3.074114535E8	0.0
3.074121015E8	8.174496644295303
3.07412743E8	2.4789344930687687
3.07413383E8	0.0
3.07414021E8	0.0
3.07414658E8	0.0
3.07415294E8	0.0
3.074159275E8	0.0
3.074165575E8	0.0
3.07417184E8	0.0
3.074178075E8	0.0
3.074184285E8	6.0
3.07419046E8	0.0
3.074196585E8	0.0
3.07420267E8	0.0
3.07420871E8	0.0
3.07421472E8	0.0
3.074220725E8	0.0
3.07422671E8	0.0
3.074232665E8	0.0
3.074238595E8	24.81151241534989
3.074244515E8	36.0
3.07425042E8	6.709933435739887
3.074256305E8	0.0
3.074262165E8	8.825242718446601
3.074268005E8	4.47877145438121
3.074273815E8	0.19289340101522842
3.074279595E8	6.6940862881229855
3.07428537E8	0.0
3.07429113E8	0.0
3.074296855E8	0.0
3.07430254E8	0.0
3.07430819E8	0.0
3.074313815E8	0.0
3.074319415E8	0.0
3.07432497E8	0.0
3.074330485E8	0.0
3.074335975E8	0.0
3.074341455E8	19.46895587941705
3.07434693E8	8.49056603773585
3.0743524E8	0.0
3.074357865E8	25.584126984126986
3.074363325E8	2.223234624145786
3.07436878E8	0.0
3.07437422E8	0.0
3.07437964E8	16.291714614499426
3.07438504E8	46.52635228848821
3.074390425E8	31.55525238744884
3.07439579E8	0.0
3.074401125E8	0.0
3.07440644E8	11.387453874538746
3.07441174E8	19.350837988826814
3.074417025E8	0.0
3.07442227E8	0.0
3.07442747E8	0.0
3.07443264E8	24.657993675630888
3.074437785E8	0.0
3.0744429E8	0.0
3.07444798E8	0.0
3.074453045E8	0.0
3.0744581E8	0.0
3.074463125E8	4.37414030261348
3.07446812E8	22.156884888987204
3.074473085E8	0.0
3.074478015E8	0.0
3.074482925E8	0.0
3.074487815E8	0.0
3.07449269E8	0.0
3.074497555E8	2.0
3.07450239E8	0.0
3.0745072E8	0.0
3.07451198E8	0.0
3.074516695E8	40.0
3.074521375E8	0.0
3.074526035E8	0.0
3.07453067E8	28.75
3.07453528E8	0.0
3.07453982E8	0.0
3.074544305E8	0.0
3.074548775E8	0.0
3.07455321E8	0.0
3.074557615E8	0.0
3.07456201E8	0.0
3.07456637E8	40.0
3.0745707E8	0.0
3.07457503E8	0.0
3.07457932E8	0.0
3.07458353E8	0.0
3.0745877E8	0.0
3.07459185E8	0.0
3.074595975E8	0.0
3.07460009E8	0.0
3.07460419E8	0.0
3.074608275E8	0.0
3.07461234E8	0.0
3.07461637E8	0.0
3.07462037E8	0.0
3.07462436E8	0.0
3.074628295E8	0.0
3.074632175E8	0.0
3.07463604E8	1.089430894308943
3.074639885E8	0.0
3.074643725E8	0.0
3.07464756E8	0.0
3.074651385E8	0.0
3.0746552E8	0.0
3.074659E8	0.0
3.074662785E8	0.0
3.07466655E8	0.0
3.07467028E8	0.0
3.07467397E8	0.0
3.07467764E8	0.0
3.074681295E8	0.0
3.074684925E8	0.0
3.074688535E8	42.496345514950164
3.074692125E8	0.0
3.07469565E8	0.6050695012264923
3.0746991E8	0.0
3.07470252E8	32.0
3.074705915E8	0.0
3.07470929E8	0.0
3.07471266E8	0.0
3.07471601E8	0.0
3.07471933E8	15.877358490566039
3.074722625E8	0.0
3.0747259E8	0.0
3.07472917E8	0.0
3.074732435E8	0.0
3.07473569E8	0.0
3.07473894E8	0.0
3.07474218E8	0.0
3.07474541E8	0.0
3.07474863E8	0.0
3.074751825E8	0.0
3.074754995E8	0.0
3.074758155E8	0.0
3.0747613E8	0.0
3.074764425E8	0.0
3.074767535E8	0.0
3.07477063E8	0.0
3.07477372E8	0.0
3.074776785E8	0.0
3.074779805E8	0.0
3.0747828E8	0.0
3.074785785E8	0.0
3.07478873E8	0.0
3.074791635E8	28.808393387028403
3.074794525E8	0.0
3.07479739E8	0.0
3.07480024E8	0.0
3.074803065E8	0.0
3.074805865E8	0.0
3.07480866E8	0.0
3.07481141E8	0.0
3.07481412E8	52.0
3.074816825E8	13.918032786885245
3.0748195E8	0.0
3.07482213E8	0.0
3.074824735E8	0.0
3.074827325E8	0.0
3.074829885E8	0.0
3.074832415E8	14.263693650024237
3.074834925E8	0.0
3.07483741E8	0.0
3.07483986E8	0.0
3.07484227E8	0.0
3.07484466E8	0.0
3.07484705E8	0.0
3.07484943E8	0.0
3.074851795E8	0.0
3.074854115E8	0.0
3.07485639E8	0.0
3.074858655E8	0.0
3.074860915E8	0.0
3.074863175E8	0.0
3.07486542E8	26.634146341463413
3.07486762E8	0.0
3.074869785E8	9.0
3.074871945E8	0.0
3.07487409E8	0.0
3.07487621E8	0.0
3.0748783E8	0.0
3.074880335E8	0.0
3.07488232E8	0.0
3.07488428E8	0.0
3.074886225E8	5.932489451476793
3.0748881E8	0.0
3.07488991E8	0.0
3.07489172E8	0.0
3.07489351E8	0.0
3.074895275E8	0.0
3.07489703E8	0.0
3.07489878E8	0.0
3.07490053E8	0.0
3.074902265E8	0.0
3.07490395E8	0.0
3.074905575E8	0.0
3.074907135E8	0.0
3.07490864E8	0.0
3.07491012E8	26.328358208955223
3.074911565E8	0.0
3.07491297E8	0.0
3.074914355E8	0.0
3.074915695E8	0.0
3.074916995E8	0.0
3.074918285E8	0.0
3.074919565E8	0.0
3.07492084E8	0.0
3.07492211E8	0.0
3.07492338E8	20.333333333333332
3.074924645E8	0.0
3.074925885E8	0.0
3.074927095E8	0.0
3.074928275E8	0.0
3.074929365E8	0.0
3.074930385E8	0.0
3.074931395E8	0.0
3.07493239E8	0.0
3.07493338E8	0.0
3.07493436E8	0.0
3.07493525E8	0.0
3.074936035E8	0.0
3.07493678E8	0.0
3.074937455E8	0.0
3.07493806E8	0.0
