# Position (bp)	A	C	G	T	N
0.0	33.198281926614385	20.491841891516255	23.971675632609447	22.338200549259916	0.0
1.0	30.306407917532074	18.242523736427184	19.750980811674427	31.687950103067863	0.012137431298446317
2.0	28.837229462211784	20.083872375275426	19.899969751253668	31.173258206984578	0.005670204274542421
3.0	28.46788514431764	20.819968474210608	21.00734851021268	29.70401610363997	7.817676191008914E-4
4.0	29.843155407770478	20.59396636075696	20.73674811181024	28.825562992215364	5.671274469564389E-4
5.0	30.27595560543902	20.27516751008336	20.26626681099846	29.182019694489085	5.903789900703447E-4
6.0	29.799393262847694	20.154394115564685	20.978427941689507	29.067538065419097	2.466144790188938E-4
7.0	29.198713164106195	20.55462646254024	20.06536652710869	30.180909228179033	3.8461806584709366E-4
8.0	29.363787610855503	20.33131285430547	20.493251515701214	29.811114589422395	5.334297154203759E-4
9.0	29.56513560048697	20.409441457139025	20.61762158501765	29.407549442822923	2.519145334328373E-4
10.0	29.582704385487595	20.355938678440655	20.60207802357676	29.459172172367616	1.067401273684194E-4
11.0	29.533305654536353	20.420192649088722	20.437731599569343	29.60861639452383	1.5370228175428757E-4
12.0	29.658230174395804	20.409775496099293	20.58509793294682	29.346738142039424	1.5825451865473963E-4
13.0	29.71671366089476	20.339910511335766	20.389718368104763	29.553170759804104	4.8669986060412507E-4
14.0	29.64704853705419	20.340841726717887	20.418902511905287	29.590756165525473	0.0024510587971695807
15.0	29.629043878403788	20.359661754427282	20.498891954445913	29.512082170753516	3.202419694947841E-4
16.0	29.68637176776035	20.340132811577725	20.47764814307797	29.49533813409059	5.09143493358298E-4
17.0	29.58118723995898	20.3584667861951	20.508513857133565	29.55145866297887	3.7345373348917477E-4
18.0	29.596047354788546	20.38319483949905	20.710729516112707	29.3066021877275	0.003426101872199909
19.0	29.608858992625752	20.385750076303363	20.53009483758988	29.475015186727887	2.809067531189696E-4
20.0	29.51666294055524	20.451035482463602	20.534484658342187	29.497371698066978	4.4522057200026293E-4
21.0	29.468867110776596	20.512759860089417	20.57720003134847	29.440079982389282	0.0010930153962247478
22.0	29.47574697502721	20.492189102210162	20.4731367692607	29.55808085787755	8.462956243722623E-4
23.0	29.505405274732293	20.42240829434142	20.457719344531228	29.614125837571038	3.4124882402456033E-4
24.0	29.5013665482071	20.490656699124898	20.599045197694302	29.408649800900616	2.817540730868428E-4
25.0	29.51520322645207	20.47372648684517	20.5160464525456	29.494716326193192	3.075079639655625E-4
26.0	29.429421330240217	20.498775759107357	20.52200844279842	29.54931093006941	4.8353778459812906E-4
27.0	29.417633743719257	20.522108542590196	20.64102342798633	29.418637141599735	5.971441044794651E-4
28.0	29.46988904479338	20.508390739902307	20.575323583297592	29.445557384463356	8.392475433635539E-4
29.0	29.478913793343125	20.483298758594266	20.52084692196379	29.515919903632405	0.0010206224664105334
30.0	29.457257830389366	20.552784352635786	20.60332387961497	29.38432552042926	0.002308416930616275
31.0	29.50195130578394	20.492669162611072	20.50549808942484	29.499105853068592	7.75589111554868E-4
32.0	29.428004856533406	20.514730589744296	20.53910329130444	29.51648733545867	0.0016739269591884904
33.0	29.44903585831748	20.504539388606517	20.611425645216187	29.42854684853591	0.006452259323904587
34.0	29.487013820830306	20.523394555805233	20.543066550023568	29.429189686607515	0.017335386733382467
35.0	29.455111187710582	20.486302230975458	20.508261443402443	29.549870563057194	4.5457485432174704E-4
36.0	29.443182896400856	20.5542871534782	20.60783735854052	29.394062741951338	6.298496290826898E-4
37.0	29.470881960142208	20.499618898065552	20.530837815395188	29.497893554967895	7.677714291539238E-4
38.0	29.435698079484236	20.522888343806393	20.53056741380236	29.510287803135586	5.583597714250395E-4
39.0	29.41760340791148	20.550596428171957	20.594582475282948	29.436790797221015	4.268914126052723E-4
40.0	29.428251788993	20.57173197717172	20.566033900988344	29.433462850117962	5.194827289687499E-4
41.0	29.430046928826332	20.518543404857418	20.51135678441569	29.53965344479512	3.994371054371233E-4
42.0	29.425794296459394	20.572004184494087	20.600884606246343	29.400970971408142	3.4594139203860227E-4
43.0	29.461554143230174	20.525047308394583	20.486963717699297	29.526070907451007	3.639232249368512E-4
44.0	29.439736412092483	20.536134225726695	20.479789853107906	29.544011207374837	3.283016980787736E-4
45.0	29.40991931777238	20.555918763415615	20.582932517388855	29.45089443282515	3.3496859799478693E-4
46.0	29.444824453757086	20.55823427683132	20.527788518586163	29.46874925870525	4.0349212017309937E-4
47.0	29.40914048462159	20.50345614977413	20.523920708609687	29.563002382940766	4.8027405381778475E-4
48.0	29.454568630371046	20.556438924087594	20.586899701962704	29.401599102048138	4.936415305213915E-4
49.0	29.472931596726376	20.51520554985891	20.497504203030488	29.513199429826525	0.0011592205577054123
50.0	29.44426171100788	20.550274289189435	20.477261111056283	29.525212705238985	0.0029901835074145505
51.0	29.399919121370644	20.56632557843593	20.56495673170803	29.467771522621128	0.0010270458642695295
52.0	29.411852177630628	20.5639330017901	20.50138244972124	29.520960805527004	0.001871565331031385
53.0	29.405716817904736	20.518497500103887	20.498398641110853	29.576042252938663	0.001344787941865232
54.0	29.435642324198756	20.571818543239097	20.53098414515264	29.46083681122509	7.181761844145803E-4
55.0	29.451488372824493	20.54060564123123	20.471351850574337	29.536111982994285	4.421523756570799E-4
56.0	29.429917889441203	20.54564817271324	20.473029990819132	29.551009932729972	3.940142964551443E-4
57.0	29.439088929616513	20.5521400195652	20.50945988309307	29.49876255373581	5.486139894061284E-4
58.0	29.448977737747995	20.542757179497727	20.46396515024919	29.541605925928955	0.002694006576134763
59.0	29.425752548502693	20.52229456536081	20.466175306505068	29.585191683467784	5.858961636444304E-4
60.0	29.435593772281287	20.559572905290803	20.51017614323072	29.49409869258284	5.584866143514099E-4
61.0	29.43635653444406	20.53268163237391	20.45801826293602	29.571734313396973	0.0012092568490347441
62.0	29.429522412099836	20.52598017186618	20.434662398976087	29.609087484221902	7.475328359911211E-4
63.0	29.428759885781385	20.53211152520208	20.51628104921602	29.521440542712547	0.001406997087973302
64.0	29.480901379325488	20.503828455512046	20.414578118477877	29.599859305763736	8.327409208516431E-4
65.0	29.445769656369762	20.4868530904551	20.396153971794913	29.667496067057016	0.003727214323213387
66.0	29.44604699764169	20.531835819691498	20.464431158166768	29.557011528220613	6.744962794335563E-4
67.0	29.482678030776288	20.52890598787532	20.412172073472625	29.575892217794635	3.5169008112873805E-4
68.0	29.43543605565019	20.496048485557417	20.42464524100217	29.643396840250613	4.7337753960653006E-4
69.0	29.452577154032127	20.523413791640714	20.45226690841822	29.568720620202164	0.0030215257067775403
70.0	29.462061244251014	20.525637396934272	20.39304719908996	29.618683171343125	5.709883816325648E-4
71.0	29.48832453400373	20.4661719848739	20.36632489339093	29.674733179781533	0.00444540794990626
72.0	29.481897694765074	20.490135756753627	20.44147958771525	29.583566340552842	0.0029206202132109576
73.0	29.514186089704157	20.46171591844654	20.355395402579422	29.667873139792317	8.294494775634108E-4
74.0	29.476397041173367	20.45372421434408	20.348292348005074	29.721285548276466	3.008482010039343E-4
75.0	29.490661692382158	20.475349820565704	20.401523166988824	29.632161642859412	3.0367720390226766E-4
76.0	29.512399437888558	20.47065148585526	20.362388487372137	29.654195014791895	3.65574092149318E-4
77.0	29.502571700547342	20.436662676618667	20.351120254847075	29.70935760028729	2.87767699623709E-4
78.0	29.48586901482101	20.4905642960983	20.42240837714382	29.60078956574946	3.6874618740991895E-4
79.0	29.513520346558934	20.457807391861635	20.35808086618038	29.67009149784769	4.998975513601221E-4
80.0	29.496234124763127	20.442968107185315	20.368938142327156	29.689193352891863	0.002666272832542547
81.0	29.493039454869578	20.45964957441395	20.406603220978546	29.64015434467269	5.534050652298344E-4
82.0	29.535219759525067	20.465457252059423	20.339084538050585	29.659099318392247	0.0011391319726742686
83.0	29.53390391530273	20.41278465113015	20.303174800687373	29.749491596258427	6.450366213217868E-4
84.0	29.54542452873597	20.45728936993583	20.365108414500348	29.6300432076527	0.0021344791751520377
85.0	29.564368642429827	20.401695026843136	20.295836073060748	29.737191412255097	9.088454111889078E-4
86.0	29.54621765540847	20.39876282936061	20.298245653754357	29.754520747673286	0.0022531138032761276
87.0	29.526742504631816	20.41874796755697	20.359691577485663	29.69164439012272	0.0031735602028331923
88.0	29.55730955435374	20.414725437152402	20.318590157714368	29.708157723181927	0.0012171275975605648
89.0	29.552051145646292	20.375398630140502	20.27470782201558	29.795168776662834	0.002673625534798249
90.0	29.54366421851714	20.45994456758915	20.349237203644936	29.64621426960445	9.397406443244126E-4
91.0	29.586301851939588	20.40341380051983	20.280618299714213	29.72655508734424	0.0031109604821270833
92.0	29.585093298362665	20.398802461676365	20.27261437983783	29.743359546209717	1.3031391341873782E-4
93.0	29.56209784974242	20.41448579125174	20.290845721421054	29.732323555111112	2.470824736824221E-4
94.0	29.591313989699213	20.399097381174844	20.252110611150446	29.757385190239138	9.282773635637568E-5
95.0	29.586591306017844	20.351331317847244	20.225616263815052	29.83641777060424	4.334171562113446E-5
96.0	29.585040672813616	20.397919027047102	20.292495265676404	29.72453041596118	1.461850169226212E-5
97.0	29.661302872072643	20.34241918277287	20.224837263353933	29.771430818786726	9.863013833739915E-6
98.0	29.629767788166976	20.306154975314648	20.235733766761154	29.828328498731764	1.497102545161658E-5
99.0	29.59121932045401	20.36431847565319	20.270116257603526	29.774330787427814	1.5158861457328978E-5
100.0	29.648310575320096	20.34465803496556	20.20963847404599	29.79735199832505	4.09173433095272E-5
101.0	29.68170942606758	20.291659487923518	20.201449566360733	29.8250182976987	1.6322194946596626E-4
102.0	29.631225113180655	20.34896612272055	20.262993802268443	29.75282669055113	0.00398827127921924
103.0	29.638780494371225	20.331397785775877	20.171241050690753	29.858516822482716	6.384667943529314E-5
104.0	29.63931902826878	20.311193471349043	20.104181770622052	29.94505498949668	2.5074026344551524E-4
105.0	29.610134251974106	20.34458100498822	20.13644906355108	29.90883567948659	0.0
106.0	29.678105299413936	20.305666156592416	20.06754686492425	29.9486816790694	0.0
107.0	29.732431011292736	20.21053825099239	20.02898550968927	30.028045228025608	0.0
108.0	29.721030153066586	20.24799848157328	20.10975515026915	29.921216215090986	0.0
109.0	29.744904788671946	20.221593101979924	20.042482109879394	29.991019999468737	0.0
110.0	29.725579265218517	20.203112135160044	20.0302921258101	30.041016473811343	0.0
111.0	29.66888944351027	20.267250169216894	20.117263621206305	29.94659676606653	0.0
112.0	29.754120652427567	20.228160858454196	20.07076229615962	29.946956192958606	0.0
113.0	29.780310553634475	20.186789028863227	20.052423915217922	29.980464151698293	1.2350586083168168E-5
114.0	29.763264799198097	20.224554635497842	20.086337306529714	29.92584325877435	0.0
115.0	29.93135005123399	20.08747020447235	20.030181114942515	29.95099862935115	0.0
116.0	30.10422033564499	19.903142560001527	20.030597614749997	29.96203948960348	0.0
117.0	29.85241895480536	20.109190968388933	19.883742997854434	30.154647078951275	0.0
118.0	29.571511135881874	20.248128954828175	19.850150407695207	30.33020950159474	0.0
119.0	29.573028843397392	20.19642614846072	19.91753667638012	30.313008331761765	0.0
120.0	29.917519464030352	20.268130269012264	19.908697647385036	29.905652619572347	0.0
121.0	30.63573434459295	19.830881672241897	19.40200826780536	30.131375715359788	0.0
122.0	30.61149299392737	19.727675115277695	18.334099200503452	31.326732690291482	0.0
123.0	26.591210222800658	21.599992256706706	18.49163973864167	33.31715778185096	0.0
124.0	22.1739745598519	22.252197703517133	18.81703692446798	36.75679081216298	0.0
