#Coverage	Number of genomic locations
0.0	3.8765202E7
1.0	1.3679782E7
2.0	1.180616E7
3.0	1.0716146E7
4.0	1.0164566E7
5.0	9707030.0
6.0	9378514.0
7.0	9053424.0
8.0	8731674.0
9.0	8417083.0
10.0	8101664.0
11.0	7788646.0
12.0	7461836.0
13.0	7168265.0
14.0	6859780.0
15.0	6564813.0
16.0	6316041.0
17.0	6039775.0
18.0	5788659.0
19.0	5565068.0
20.0	5356300.0
21.0	5161684.0
22.0	4994506.0
23.0	4828026.0
24.0	4678311.0
25.0	4539750.0
26.0	4408355.0
27.0	4272234.0
28.0	4154799.0
29.0	4043998.0
30.0	3924357.0
31.0	3818163.0
32.0	3693393.0
33.0	3568825.0
34.0	3438939.0
35.0	3308666.0
36.0	3170260.0
37.0	3021022.0
38.0	2863118.0
39.0	2701890.0
40.0	2539359.0
41.0	2371205.0
42.0	2192769.0
43.0	2018665.0
44.0	1852924.0
45.0	1690082.0
46.0	1540802.0
47.0	1389101.0
48.0	1246825.0
49.0	1114738.0
50.0	992906.0
51.0	882584.0
52.0	783828.0
53.0	693611.0
54.0	617525.0
55.0	547205.0
56.0	485863.0
57.0	432689.0
58.0	386350.0
59.0	344096.0
60.0	309684.0
61.0	281328.0
62.0	254364.0
63.0	231997.0
64.0	212219.0
65.0	195958.0
66.0	182147.0
67.0	168886.0
68.0	157318.0
69.0	147530.0
70.0	138831.0
71.0	130045.0
72.0	122688.0
73.0	115805.0
74.0	108594.0
75.0	102222.0
76.0	96395.0
77.0	91166.0
78.0	85286.0
79.0	81432.0
80.0	77221.0
81.0	73952.0
82.0	69766.0
83.0	65385.0
84.0	62804.0
85.0	58977.0
86.0	56337.0
87.0	53562.0
88.0	50550.0
89.0	48626.0
90.0	45750.0
91.0	43969.0
92.0	41712.0
93.0	40110.0
94.0	38260.0
95.0	36952.0
96.0	35716.0
97.0	33971.0
98.0	32603.0
99.0	31578.0
100.0	30334.0
101.0	28935.0
102.0	27802.0
103.0	26561.0
104.0	25433.0
105.0	24347.0
106.0	23049.0
107.0	22306.0
108.0	21775.0
109.0	20801.0
110.0	19801.0
111.0	19160.0
112.0	18356.0
113.0	18010.0
114.0	17086.0
115.0	16888.0
116.0	15843.0
117.0	15041.0
118.0	14730.0
119.0	14319.0
120.0	13883.0
121.0	13181.0
122.0	12968.0
123.0	12507.0
124.0	12203.0
125.0	11724.0
126.0	11434.0
127.0	10876.0
128.0	10729.0
129.0	10615.0
130.0	10351.0
131.0	10073.0
132.0	9875.0
133.0	9511.0
134.0	9164.0
135.0	9032.0
136.0	8631.0
137.0	8468.0
138.0	8246.0
139.0	7938.0
140.0	7648.0
141.0	7501.0
142.0	7068.0
143.0	6817.0
144.0	6642.0
145.0	6468.0
146.0	6247.0
147.0	6191.0
148.0	6004.0
149.0	5975.0
150.0	5661.0
151.0	5612.0
152.0	5620.0
153.0	5400.0
154.0	5187.0
155.0	4848.0
156.0	4693.0
157.0	4611.0
158.0	4529.0
159.0	4395.0
160.0	4404.0
161.0	4319.0
162.0	4202.0
163.0	4269.0
164.0	4077.0
165.0	3922.0
166.0	3793.0
167.0	3689.0
168.0	3641.0
169.0	3627.0
170.0	3533.0
171.0	3456.0
172.0	3500.0
173.0	3418.0
174.0	3353.0
175.0	3304.0
176.0	3207.0
177.0	3183.0
178.0	3207.0
179.0	3182.0
180.0	3004.0
181.0	3041.0
182.0	2947.0
183.0	2866.0
184.0	2835.0
185.0	2873.0
186.0	2711.0
187.0	2733.0
188.0	2563.0
189.0	2485.0
190.0	2659.0
191.0	2531.0
192.0	2440.0
193.0	2341.0
194.0	2443.0
195.0	2336.0
196.0	2296.0
197.0	2165.0
198.0	2136.0
199.0	2135.0
200.0	2082.0
201.0	2004.0
202.0	2115.0
203.0	2214.0
204.0	1967.0
205.0	1988.0
206.0	1898.0
207.0	1920.0
208.0	1906.0
209.0	1887.0
210.0	1894.0
211.0	1876.0
212.0	1743.0
213.0	1823.0
214.0	1748.0
215.0	1741.0
216.0	1782.0
217.0	1744.0
218.0	1833.0
219.0	1824.0
220.0	1650.0
221.0	1636.0
222.0	1656.0
223.0	1611.0
224.0	1630.0
225.0	1560.0
226.0	1501.0
227.0	1512.0
228.0	1522.0
229.0	1537.0
230.0	1410.0
231.0	1452.0
232.0	1468.0
233.0	1400.0
234.0	1419.0
235.0	1327.0
236.0	1339.0
237.0	1305.0
238.0	1312.0
239.0	1259.0
240.0	1183.0
241.0	1220.0
242.0	1204.0
243.0	1140.0
244.0	1096.0
245.0	1089.0
246.0	1053.0
247.0	1058.0
248.0	1086.0
249.0	1094.0
250.0	1095.0
251.0	1060.0
252.0	1026.0
253.0	1010.0
254.0	1061.0
255.0	1028.0
256.0	1077.0
257.0	1013.0
258.0	1011.0
259.0	999.0
260.0	947.0
261.0	915.0
262.0	969.0
263.0	902.0
264.0	862.0
265.0	872.0
266.0	836.0
267.0	856.0
268.0	845.0
269.0	844.0
270.0	865.0
271.0	824.0
272.0	825.0
273.0	807.0
274.0	801.0
275.0	779.0
276.0	752.0
277.0	814.0
278.0	766.0
279.0	811.0
280.0	725.0
281.0	779.0
282.0	732.0
283.0	707.0
284.0	736.0
285.0	674.0
286.0	750.0
287.0	693.0
288.0	685.0
289.0	694.0
290.0	720.0
291.0	683.0
292.0	687.0
293.0	658.0
294.0	734.0
295.0	697.0
296.0	692.0
297.0	696.0
298.0	699.0
299.0	660.0
300.0	663.0
301.0	633.0
302.0	678.0
303.0	642.0
304.0	699.0
305.0	663.0
306.0	692.0
307.0	646.0
308.0	644.0
309.0	691.0
310.0	672.0
311.0	618.0
312.0	636.0
313.0	613.0
314.0	629.0
315.0	594.0
316.0	619.0
317.0	606.0
318.0	595.0
319.0	595.0
320.0	541.0
321.0	587.0
322.0	579.0
323.0	542.0
324.0	555.0
325.0	537.0
326.0	568.0
327.0	543.0
328.0	548.0
329.0	595.0
330.0	583.0
331.0	533.0
332.0	518.0
333.0	511.0
334.0	526.0
335.0	464.0
336.0	517.0
337.0	506.0
338.0	541.0
339.0	492.0
340.0	538.0
341.0	521.0
342.0	545.0
343.0	548.0
344.0	490.0
345.0	491.0
346.0	572.0
347.0	518.0
348.0	521.0
349.0	535.0
350.0	528.0
351.0	473.0
352.0	458.0
353.0	468.0
354.0	444.0
355.0	450.0
356.0	489.0
357.0	495.0
358.0	476.0
359.0	480.0
360.0	524.0
361.0	501.0
362.0	563.0
363.0	494.0
364.0	534.0
365.0	511.0
366.0	522.0
367.0	566.0
368.0	599.0
369.0	543.0
370.0	605.0
371.0	593.0
372.0	626.0
373.0	624.0
374.0	616.0
375.0	649.0
376.0	605.0
377.0	602.0
378.0	585.0
379.0	554.0
380.0	565.0
381.0	519.0
382.0	558.0
383.0	454.0
384.0	498.0
385.0	515.0
386.0	501.0
387.0	473.0
388.0	485.0
389.0	492.0
390.0	487.0
391.0	472.0
392.0	501.0
393.0	502.0
394.0	455.0
395.0	507.0
396.0	472.0
397.0	460.0
398.0	467.0
399.0	451.0
400.0	449.0
401.0	475.0
402.0	465.0
403.0	460.0
404.0	456.0
405.0	438.0
406.0	429.0
407.0	430.0
408.0	420.0
409.0	432.0
410.0	393.0
411.0	391.0
412.0	382.0
413.0	377.0
414.0	391.0
415.0	367.0
416.0	375.0
417.0	400.0
418.0	403.0
419.0	378.0
420.0	410.0
421.0	366.0
422.0	343.0
423.0	388.0
424.0	368.0
425.0	345.0
426.0	423.0
427.0	355.0
428.0	384.0
429.0	345.0
430.0	347.0
431.0	390.0
432.0	410.0
433.0	357.0
434.0	365.0
435.0	355.0
436.0	359.0
437.0	367.0
438.0	333.0
439.0	380.0
440.0	367.0
441.0	380.0
442.0	384.0
443.0	343.0
444.0	329.0
445.0	330.0
446.0	337.0
447.0	353.0
448.0	349.0
449.0	317.0
450.0	290.0
451.0	277.0
452.0	298.0
453.0	303.0
454.0	319.0
455.0	338.0
456.0	310.0
457.0	335.0
458.0	338.0
459.0	296.0
460.0	319.0
461.0	288.0
462.0	268.0
463.0	286.0
464.0	253.0
465.0	279.0
466.0	271.0
467.0	272.0
468.0	228.0
469.0	267.0
470.0	285.0
471.0	252.0
472.0	283.0
473.0	265.0
474.0	279.0
475.0	244.0
476.0	245.0
477.0	246.0
478.0	209.0
479.0	223.0
480.0	255.0
481.0	210.0
482.0	237.0
483.0	235.0
484.0	263.0
485.0	229.0
486.0	246.0
487.0	255.0
488.0	256.0
489.0	246.0
490.0	242.0
491.0	229.0
492.0	245.0
493.0	202.0
494.0	231.0
495.0	212.0
496.0	226.0
497.0	204.0
498.0	211.0
499.0	224.0
500.0	221.0
501.0	224.0
502.0	209.0
503.0	192.0
504.0	211.0
505.0	205.0
506.0	208.0
507.0	188.0
508.0	177.0
509.0	193.0
510.0	184.0
511.0	182.0
512.0	215.0
513.0	188.0
514.0	188.0
515.0	188.0
516.0	187.0
517.0	191.0
518.0	171.0
519.0	181.0
520.0	176.0
521.0	155.0
522.0	167.0
523.0	165.0
524.0	185.0
525.0	169.0
526.0	184.0
527.0	185.0
528.0	170.0
529.0	176.0
530.0	186.0
531.0	187.0
532.0	166.0
533.0	206.0
534.0	155.0
535.0	183.0
536.0	201.0
537.0	190.0
538.0	187.0
539.0	165.0
540.0	169.0
541.0	181.0
542.0	162.0
543.0	156.0
544.0	176.0
545.0	145.0
546.0	164.0
547.0	166.0
548.0	140.0
549.0	167.0
550.0	146.0
551.0	147.0
552.0	155.0
553.0	160.0
554.0	128.0
555.0	159.0
556.0	143.0
557.0	140.0
558.0	144.0
559.0	142.0
560.0	166.0
561.0	156.0
562.0	165.0
563.0	168.0
564.0	147.0
565.0	157.0
566.0	171.0
567.0	146.0
568.0	164.0
569.0	152.0
570.0	148.0
571.0	147.0
572.0	171.0
573.0	175.0
574.0	168.0
575.0	128.0
576.0	128.0
577.0	111.0
578.0	139.0
579.0	140.0
580.0	137.0
581.0	160.0
582.0	151.0
583.0	140.0
584.0	159.0
585.0	120.0
586.0	148.0
587.0	119.0
588.0	129.0
589.0	133.0
590.0	131.0
591.0	120.0
592.0	140.0
593.0	127.0
594.0	139.0
595.0	130.0
596.0	151.0
597.0	132.0
598.0	149.0
599.0	174.0
600.0	147.0
601.0	154.0
602.0	146.0
603.0	162.0
604.0	171.0
605.0	148.0
606.0	151.0
607.0	132.0
608.0	141.0
609.0	139.0
610.0	161.0
611.0	156.0
612.0	125.0
613.0	172.0
614.0	154.0
615.0	143.0
616.0	162.0
617.0	145.0
618.0	120.0
619.0	137.0
620.0	148.0
621.0	157.0
622.0	161.0
623.0	151.0
624.0	157.0
625.0	146.0
626.0	162.0
627.0	164.0
628.0	132.0
629.0	146.0
630.0	142.0
631.0	145.0
632.0	130.0
633.0	138.0
634.0	143.0
635.0	138.0
636.0	131.0
637.0	135.0
638.0	130.0
639.0	144.0
640.0	126.0
641.0	124.0
642.0	112.0
643.0	108.0
644.0	104.0
645.0	109.0
646.0	122.0
647.0	109.0
648.0	122.0
649.0	117.0
650.0	124.0
651.0	116.0
652.0	107.0
653.0	105.0
654.0	107.0
655.0	114.0
656.0	113.0
657.0	123.0
658.0	104.0
659.0	105.0
660.0	109.0
661.0	109.0
662.0	98.0
663.0	113.0
664.0	103.0
665.0	108.0
666.0	97.0
667.0	82.0
668.0	97.0
669.0	88.0
670.0	98.0
671.0	85.0
672.0	110.0
673.0	99.0
674.0	125.0
675.0	99.0
676.0	95.0
677.0	87.0
678.0	95.0
679.0	86.0
680.0	82.0
681.0	93.0
682.0	89.0
683.0	67.0
684.0	69.0
685.0	76.0
686.0	82.0
687.0	74.0
688.0	75.0
689.0	68.0
690.0	83.0
691.0	71.0
692.0	69.0
693.0	87.0
694.0	62.0
695.0	86.0
696.0	89.0
697.0	80.0
698.0	51.0
699.0	77.0
700.0	65.0
701.0	49.0
702.0	86.0
703.0	65.0
704.0	55.0
705.0	78.0
706.0	71.0
707.0	76.0
708.0	74.0
709.0	70.0
710.0	80.0
711.0	76.0
712.0	63.0
713.0	72.0
714.0	51.0
715.0	82.0
716.0	67.0
717.0	64.0
718.0	72.0
719.0	65.0
720.0	58.0
721.0	68.0
722.0	45.0
723.0	59.0
724.0	70.0
725.0	44.0
726.0	62.0
727.0	63.0
728.0	50.0
729.0	74.0
730.0	52.0
731.0	77.0
732.0	53.0
733.0	65.0
734.0	62.0
735.0	72.0
736.0	67.0
737.0	72.0
738.0	64.0
739.0	47.0
740.0	55.0
741.0	64.0
742.0	60.0
743.0	77.0
744.0	57.0
745.0	57.0
746.0	69.0
747.0	76.0
748.0	79.0
749.0	79.0
750.0	73.0
751.0	73.0
752.0	72.0
753.0	59.0
754.0	52.0
755.0	65.0
756.0	51.0
757.0	66.0
758.0	71.0
759.0	78.0
760.0	75.0
761.0	74.0
762.0	76.0
763.0	81.0
764.0	68.0
765.0	78.0
766.0	56.0
767.0	79.0
768.0	74.0
769.0	69.0
770.0	69.0
771.0	51.0
772.0	65.0
773.0	71.0
774.0	67.0
775.0	60.0
776.0	76.0
777.0	75.0
778.0	83.0
779.0	61.0
780.0	59.0
781.0	63.0
782.0	64.0
783.0	43.0
784.0	67.0
785.0	57.0
786.0	60.0
787.0	40.0
788.0	62.0
789.0	53.0
790.0	70.0
791.0	58.0
792.0	62.0
793.0	62.0
794.0	60.0
795.0	72.0
796.0	58.0
797.0	51.0
798.0	39.0
799.0	50.0
800.0	50.0
801.0	53.0
802.0	55.0
803.0	54.0
804.0	69.0
805.0	55.0
806.0	56.0
807.0	42.0
808.0	40.0
809.0	51.0
810.0	48.0
811.0	55.0
812.0	45.0
813.0	36.0
814.0	56.0
815.0	52.0
816.0	59.0
817.0	57.0
818.0	56.0
819.0	51.0
820.0	49.0
821.0	58.0
822.0	62.0
823.0	41.0
824.0	46.0
825.0	57.0
826.0	54.0
827.0	47.0
828.0	51.0
829.0	70.0
830.0	61.0
831.0	44.0
832.0	46.0
833.0	41.0
834.0	61.0
835.0	64.0
836.0	49.0
837.0	58.0
838.0	46.0
839.0	57.0
840.0	38.0
841.0	48.0
842.0	44.0
843.0	40.0
844.0	42.0
845.0	40.0
846.0	48.0
847.0	34.0
848.0	50.0
849.0	41.0
850.0	38.0
851.0	51.0
852.0	47.0
853.0	41.0
854.0	41.0
855.0	40.0
856.0	45.0
857.0	40.0
858.0	47.0
859.0	36.0
860.0	49.0
861.0	43.0
862.0	42.0
863.0	39.0
864.0	37.0
865.0	50.0
866.0	51.0
867.0	51.0
868.0	37.0
869.0	34.0
870.0	55.0
871.0	45.0
872.0	51.0
873.0	44.0
874.0	37.0
875.0	37.0
876.0	43.0
877.0	42.0
878.0	49.0
879.0	54.0
880.0	44.0
881.0	43.0
882.0	48.0
883.0	62.0
884.0	48.0
885.0	42.0
886.0	45.0
887.0	42.0
888.0	47.0
889.0	40.0
890.0	39.0
891.0	43.0
892.0	33.0
893.0	37.0
894.0	38.0
895.0	51.0
896.0	31.0
897.0	46.0
898.0	43.0
899.0	49.0
900.0	43.0
901.0	41.0
902.0	46.0
903.0	46.0
904.0	47.0
905.0	49.0
906.0	27.0
907.0	46.0
908.0	40.0
909.0	42.0
910.0	36.0
911.0	48.0
912.0	44.0
913.0	47.0
914.0	31.0
915.0	50.0
916.0	37.0
917.0	40.0
918.0	44.0
919.0	50.0
920.0	39.0
921.0	40.0
922.0	50.0
923.0	42.0
924.0	26.0
925.0	59.0
926.0	41.0
927.0	43.0
928.0	38.0
929.0	49.0
930.0	32.0
931.0	51.0
932.0	56.0
933.0	45.0
934.0	39.0
935.0	49.0
936.0	39.0
937.0	46.0
938.0	44.0
939.0	44.0
940.0	59.0
941.0	39.0
942.0	27.0
943.0	39.0
944.0	32.0
945.0	51.0
946.0	46.0
947.0	52.0
948.0	39.0
949.0	37.0
950.0	38.0
951.0	44.0
952.0	46.0
953.0	28.0
954.0	29.0
955.0	42.0
956.0	30.0
957.0	33.0
958.0	29.0
959.0	41.0
960.0	30.0
961.0	40.0
962.0	33.0
963.0	33.0
964.0	25.0
965.0	30.0
966.0	31.0
967.0	29.0
968.0	29.0
969.0	21.0
970.0	33.0
971.0	35.0
972.0	32.0
973.0	34.0
974.0	23.0
975.0	25.0
976.0	25.0
977.0	32.0
978.0	34.0
979.0	23.0
980.0	31.0
981.0	31.0
982.0	37.0
983.0	25.0
984.0	35.0
985.0	33.0
986.0	28.0
987.0	37.0
988.0	36.0
989.0	33.0
990.0	27.0
991.0	34.0
992.0	37.0
993.0	37.0
994.0	26.0
995.0	39.0
996.0	25.0
997.0	33.0
998.0	22.0
999.0	31.0
1000.0	42.0
1001.0	28.0
1002.0	41.0
1003.0	21.0
1004.0	36.0
1005.0	29.0
1006.0	29.0
1007.0	37.0
1008.0	26.0
1009.0	24.0
1010.0	25.0
1011.0	19.0
1012.0	27.0
1013.0	37.0
1014.0	26.0
1015.0	35.0
1016.0	27.0
1017.0	19.0
1018.0	31.0
1019.0	36.0
1020.0	26.0
1021.0	25.0
1022.0	29.0
1023.0	30.0
1024.0	24.0
1025.0	25.0
1026.0	30.0
1027.0	23.0
1028.0	29.0
1029.0	22.0
1030.0	30.0
1031.0	19.0
1032.0	32.0
1033.0	28.0
1034.0	30.0
1035.0	32.0
1036.0	28.0
1037.0	30.0
1038.0	22.0
1039.0	26.0
1040.0	37.0
1041.0	32.0
1042.0	42.0
1043.0	20.0
1044.0	24.0
1045.0	18.0
1046.0	22.0
1047.0	34.0
1048.0	30.0
1049.0	21.0
1050.0	39.0
1051.0	36.0
1052.0	41.0
1053.0	28.0
1054.0	30.0
1055.0	40.0
1056.0	37.0
1057.0	35.0
1058.0	30.0
1059.0	40.0
1060.0	33.0
1061.0	37.0
1062.0	37.0
1063.0	23.0
1064.0	28.0
1065.0	27.0
1066.0	30.0
1067.0	38.0
1068.0	35.0
1069.0	24.0
1070.0	31.0
1071.0	35.0
1072.0	37.0
1073.0	31.0
1074.0	29.0
1075.0	36.0
1076.0	37.0
1077.0	37.0
1078.0	30.0
1079.0	36.0
1080.0	27.0
1081.0	22.0
1082.0	26.0
1083.0	30.0
1084.0	24.0
1085.0	22.0
1086.0	34.0
1087.0	20.0
1088.0	28.0
1089.0	32.0
1090.0	26.0
1091.0	32.0
1092.0	40.0
1093.0	21.0
1094.0	34.0
1095.0	23.0
1096.0	29.0
1097.0	29.0
1098.0	27.0
1099.0	23.0
1100.0	34.0
1101.0	22.0
1102.0	24.0
1103.0	30.0
1104.0	27.0
1105.0	17.0
1106.0	31.0
1107.0	29.0
1108.0	24.0
1109.0	26.0
1110.0	16.0
1111.0	27.0
1112.0	20.0
1113.0	23.0
1114.0	17.0
1115.0	17.0
1116.0	20.0
1117.0	19.0
1118.0	28.0
1119.0	29.0
1120.0	22.0
1121.0	15.0
1122.0	25.0
1123.0	19.0
1124.0	25.0
1125.0	14.0
1126.0	22.0
1127.0	26.0
1128.0	27.0
1129.0	16.0
1130.0	15.0
1131.0	23.0
1132.0	26.0
1133.0	17.0
1134.0	13.0
1135.0	18.0
1136.0	22.0
1137.0	13.0
1138.0	27.0
1139.0	21.0
1140.0	13.0
1141.0	30.0
1142.0	20.0
1143.0	13.0
1144.0	25.0
1145.0	25.0
1146.0	20.0
1147.0	19.0
1148.0	21.0
1149.0	24.0
1150.0	21.0
1151.0	23.0
1152.0	29.0
1153.0	30.0
1154.0	16.0
1155.0	29.0
1156.0	26.0
1157.0	25.0
1158.0	24.0
1159.0	17.0
1160.0	25.0
1161.0	26.0
1162.0	17.0
1163.0	20.0
1164.0	15.0
1165.0	33.0
1166.0	22.0
1167.0	26.0
1168.0	20.0
1169.0	20.0
1170.0	17.0
1171.0	24.0
1172.0	14.0
1173.0	24.0
1174.0	22.0
1175.0	22.0
1176.0	22.0
1177.0	21.0
1178.0	24.0
1179.0	25.0
1180.0	20.0
1181.0	19.0
1182.0	15.0
1183.0	13.0
1184.0	22.0
1185.0	17.0
1186.0	11.0
1187.0	18.0
1188.0	20.0
1189.0	20.0
1190.0	14.0
1191.0	19.0
1192.0	13.0
1193.0	12.0
1194.0	18.0
1195.0	21.0
1196.0	18.0
1197.0	19.0
1198.0	19.0
1199.0	25.0
1200.0	23.0
1201.0	22.0
1202.0	19.0
1203.0	18.0
1204.0	25.0
1205.0	24.0
1206.0	20.0
1207.0	28.0
1208.0	27.0
1209.0	20.0
1210.0	24.0
1211.0	21.0
1212.0	19.0
1213.0	27.0
1214.0	25.0
1215.0	18.0
1216.0	22.0
1217.0	21.0
1218.0	27.0
1219.0	20.0
1220.0	20.0
1221.0	27.0
1222.0	20.0
1223.0	21.0
1224.0	22.0
1225.0	27.0
1226.0	18.0
1227.0	19.0
1228.0	14.0
1229.0	14.0
1230.0	6.0
1231.0	22.0
1232.0	13.0
1233.0	24.0
1234.0	16.0
1235.0	18.0
1236.0	12.0
1237.0	16.0
1238.0	20.0
1239.0	21.0
1240.0	21.0
1241.0	9.0
1242.0	25.0
1243.0	22.0
1244.0	12.0
1245.0	15.0
1246.0	13.0
1247.0	18.0
1248.0	13.0
1249.0	12.0
1250.0	10.0
1251.0	13.0
1252.0	10.0
1253.0	16.0
1254.0	15.0
1255.0	10.0
1256.0	15.0
1257.0	17.0
1258.0	17.0
1259.0	13.0
1260.0	10.0
1261.0	17.0
1262.0	9.0
1263.0	12.0
1264.0	15.0
1265.0	25.0
1266.0	17.0
1267.0	17.0
1268.0	15.0
1269.0	20.0
1270.0	17.0
1271.0	8.0
1272.0	11.0
1273.0	10.0
1274.0	12.0
1275.0	16.0
1276.0	17.0
1277.0	16.0
1278.0	15.0
1279.0	12.0
1280.0	10.0
1281.0	14.0
1282.0	17.0
1283.0	10.0
1284.0	17.0
1285.0	13.0
1286.0	10.0
1287.0	9.0
1288.0	12.0
1289.0	12.0
1290.0	17.0
1291.0	16.0
1292.0	20.0
1293.0	22.0
1294.0	23.0
1295.0	15.0
1296.0	11.0
1297.0	25.0
1298.0	16.0
1299.0	12.0
1300.0	15.0
1301.0	15.0
1302.0	6.0
1303.0	14.0
1304.0	20.0
1305.0	12.0
1306.0	12.0
1307.0	14.0
1308.0	21.0
1309.0	11.0
1310.0	13.0
1311.0	10.0
1312.0	15.0
1313.0	15.0
1314.0	13.0
1315.0	9.0
1316.0	11.0
1317.0	9.0
1318.0	15.0
1319.0	11.0
1320.0	9.0
1321.0	7.0
1322.0	8.0
1323.0	13.0
1324.0	9.0
1325.0	10.0
1326.0	9.0
1327.0	13.0
1328.0	10.0
1329.0	10.0
1330.0	10.0
1331.0	14.0
1332.0	16.0
1333.0	11.0
1334.0	13.0
1335.0	13.0
1336.0	8.0
1337.0	6.0
1338.0	14.0
1339.0	11.0
1340.0	8.0
1341.0	8.0
1342.0	7.0
1343.0	12.0
1344.0	9.0
1345.0	4.0
1346.0	5.0
1347.0	9.0
1348.0	9.0
1349.0	10.0
1350.0	11.0
1351.0	11.0
1352.0	14.0
1353.0	14.0
1354.0	9.0
1355.0	10.0
1356.0	13.0
1357.0	8.0
1358.0	12.0
1359.0	13.0
1360.0	14.0
1361.0	5.0
1362.0	11.0
1363.0	7.0
1364.0	10.0
1365.0	11.0
1366.0	14.0
1367.0	7.0
1368.0	11.0
1369.0	13.0
1370.0	11.0
1371.0	6.0
1372.0	4.0
1373.0	11.0
1374.0	6.0
1375.0	10.0
1376.0	9.0
1377.0	8.0
1378.0	6.0
1379.0	9.0
1380.0	11.0
1381.0	12.0
1382.0	14.0
1383.0	9.0
1384.0	14.0
1385.0	4.0
1386.0	5.0
1387.0	13.0
1388.0	17.0
1389.0	11.0
1390.0	11.0
1391.0	10.0
1392.0	8.0
1393.0	10.0
1394.0	9.0
1395.0	12.0
1396.0	16.0
1397.0	10.0
1398.0	12.0
1399.0	11.0
1400.0	12.0
1401.0	10.0
1402.0	12.0
1403.0	12.0
1404.0	7.0
1405.0	9.0
1406.0	8.0
1407.0	13.0
1408.0	10.0
1409.0	9.0
1410.0	7.0
1411.0	13.0
1412.0	9.0
1413.0	12.0
1414.0	9.0
1415.0	8.0
1416.0	1.0
1417.0	13.0
1418.0	8.0
1419.0	9.0
1420.0	15.0
1421.0	9.0
1422.0	11.0
1423.0	12.0
1424.0	10.0
1425.0	12.0
1426.0	12.0
1427.0	9.0
1428.0	4.0
1429.0	8.0
1430.0	7.0
1431.0	8.0
1432.0	11.0
1433.0	8.0
1434.0	7.0
1435.0	12.0
1436.0	13.0
1437.0	5.0
1438.0	7.0
1439.0	9.0
1440.0	9.0
1441.0	10.0
1442.0	16.0
1443.0	15.0
1444.0	5.0
1445.0	17.0
1446.0	7.0
1447.0	9.0
1448.0	11.0
1449.0	12.0
1450.0	12.0
1451.0	15.0
1452.0	13.0
1453.0	10.0
1454.0	21.0
1455.0	12.0
1456.0	6.0
1457.0	6.0
1458.0	8.0
1459.0	15.0
1460.0	5.0
1461.0	16.0
1462.0	9.0
1463.0	11.0
1464.0	8.0
1465.0	19.0
1466.0	15.0
1467.0	11.0
1468.0	20.0
1469.0	16.0
1470.0	14.0
1471.0	12.0
1472.0	18.0
1473.0	28.0
1474.0	10.0
1475.0	22.0
1476.0	8.0
1477.0	7.0
1478.0	16.0
1479.0	16.0
1480.0	13.0
1481.0	11.0
1482.0	13.0
1483.0	8.0
1484.0	15.0
1485.0	8.0
1486.0	14.0
1487.0	14.0
1488.0	9.0
1489.0	17.0
1490.0	12.0
1491.0	6.0
1492.0	5.0
1493.0	9.0
1494.0	12.0
1495.0	14.0
1496.0	10.0
1497.0	11.0
1498.0	14.0
1499.0	17.0
1500.0	7.0
1501.0	8.0
1502.0	14.0
1503.0	10.0
1504.0	11.0
1505.0	7.0
1506.0	7.0
1507.0	6.0
1508.0	12.0
1509.0	6.0
1510.0	9.0
1511.0	10.0
1512.0	13.0
1513.0	12.0
1514.0	7.0
1515.0	8.0
1516.0	10.0
1517.0	9.0
1518.0	7.0
1519.0	4.0
1520.0	11.0
1521.0	12.0
1522.0	8.0
1523.0	6.0
1524.0	11.0
1525.0	12.0
1526.0	6.0
1527.0	8.0
1528.0	8.0
1529.0	13.0
1530.0	12.0
1531.0	6.0
1532.0	15.0
1533.0	8.0
1534.0	7.0
1535.0	9.0
1536.0	12.0
1537.0	13.0
1538.0	5.0
1539.0	10.0
1540.0	13.0
1541.0	6.0
1542.0	9.0
1543.0	9.0
1544.0	7.0
1545.0	6.0
1546.0	9.0
1547.0	6.0
1548.0	6.0
1549.0	7.0
1550.0	14.0
1551.0	14.0
1552.0	7.0
1553.0	14.0
1554.0	14.0
1555.0	11.0
1556.0	11.0
1557.0	17.0
1558.0	9.0
1559.0	9.0
1560.0	13.0
1561.0	7.0
1562.0	11.0
1563.0	6.0
1564.0	11.0
1565.0	12.0
1566.0	7.0
1567.0	13.0
1568.0	13.0
1569.0	8.0
1570.0	9.0
1571.0	7.0
1572.0	18.0
1573.0	13.0
1574.0	10.0
1575.0	9.0
1576.0	13.0
1577.0	6.0
1578.0	11.0
1579.0	5.0
1580.0	8.0
1581.0	6.0
1582.0	14.0
1583.0	12.0
1584.0	5.0
1585.0	5.0
1586.0	14.0
1587.0	4.0
1588.0	11.0
1589.0	6.0
1590.0	5.0
1591.0	12.0
1592.0	5.0
1593.0	3.0
1594.0	6.0
1595.0	8.0
1596.0	6.0
1597.0	7.0
1598.0	7.0
1599.0	9.0
1600.0	5.0
1601.0	7.0
1602.0	4.0
1603.0	6.0
1604.0	6.0
1605.0	7.0
1606.0	7.0
1607.0	6.0
1608.0	5.0
1609.0	5.0
1610.0	3.0
1611.0	11.0
1612.0	6.0
1613.0	4.0
1614.0	4.0
1615.0	4.0
1616.0	5.0
1617.0	3.0
1618.0	1.0
1619.0	5.0
1620.0	4.0
1621.0	5.0
1622.0	9.0
1623.0	5.0
1624.0	4.0
1625.0	6.0
1626.0	4.0
1627.0	5.0
1628.0	5.0
1629.0	7.0
1630.0	6.0
1631.0	10.0
1632.0	11.0
1633.0	7.0
1634.0	9.0
1635.0	7.0
1636.0	9.0
1637.0	7.0
1638.0	4.0
1639.0	7.0
1640.0	4.0
1641.0	5.0
1642.0	3.0
1643.0	6.0
1644.0	8.0
1645.0	3.0
1646.0	5.0
1647.0	9.0
1648.0	9.0
1649.0	10.0
1650.0	8.0
1651.0	7.0
1652.0	6.0
1653.0	5.0
1654.0	3.0
1655.0	3.0
1656.0	3.0
1657.0	6.0
1658.0	5.0
1659.0	6.0
1660.0	4.0
1661.0	5.0
1662.0	5.0
1663.0	6.0
1664.0	4.0
1665.0	4.0
1666.0	9.0
1667.0	8.0
1668.0	3.0
1669.0	8.0
1670.0	11.0
1671.0	9.0
1672.0	9.0
1673.0	10.0
1674.0	8.0
1675.0	6.0
1676.0	5.0
1677.0	3.0
1678.0	3.0
1679.0	5.0
1680.0	2.0
1681.0	4.0
1683.0	5.0
1684.0	3.0
1685.0	5.0
1686.0	3.0
1687.0	7.0
1688.0	8.0
1689.0	5.0
1690.0	6.0
1691.0	4.0
1692.0	4.0
1693.0	4.0
1694.0	7.0
1695.0	6.0
1696.0	3.0
1697.0	5.0
1698.0	7.0
1699.0	7.0
1700.0	6.0
1701.0	7.0
1702.0	1.0
1703.0	6.0
1704.0	2.0
1705.0	3.0
1706.0	4.0
1707.0	3.0
1708.0	5.0
1709.0	5.0
1710.0	3.0
1711.0	4.0
1712.0	6.0
1713.0	5.0
1715.0	7.0
1716.0	10.0
1717.0	9.0
1718.0	4.0
1719.0	5.0
1720.0	3.0
1721.0	6.0
1722.0	8.0
1723.0	5.0
1724.0	2.0
1725.0	3.0
1726.0	6.0
1727.0	3.0
1728.0	9.0
1729.0	6.0
1730.0	8.0
1731.0	2.0
1732.0	3.0
1733.0	4.0
1734.0	6.0
1735.0	6.0
1736.0	9.0
1737.0	8.0
1738.0	8.0
1739.0	5.0
1740.0	5.0
1741.0	10.0
1742.0	10.0
1743.0	11.0
1744.0	9.0
1745.0	8.0
1746.0	8.0
1747.0	5.0
1748.0	7.0
1749.0	10.0
1750.0	7.0
1751.0	5.0
1752.0	8.0
1753.0	5.0
1754.0	4.0
1755.0	8.0
1756.0	3.0
1757.0	7.0
1758.0	7.0
1759.0	13.0
1760.0	6.0
1761.0	13.0
1762.0	7.0
1763.0	11.0
1764.0	8.0
1765.0	10.0
1766.0	6.0
1767.0	14.0
1768.0	12.0
1769.0	15.0
1770.0	11.0
1771.0	7.0
1772.0	8.0
1773.0	9.0
1774.0	7.0
1775.0	8.0
1776.0	10.0
1777.0	9.0
1778.0	6.0
1779.0	8.0
1780.0	12.0
1781.0	5.0
1782.0	7.0
1783.0	5.0
1784.0	6.0
1785.0	7.0
1786.0	13.0
1787.0	11.0
1788.0	7.0
1789.0	9.0
1790.0	4.0
1791.0	11.0
1792.0	8.0
1793.0	7.0
1794.0	8.0
1795.0	8.0
1796.0	8.0
1797.0	11.0
1798.0	9.0
1799.0	3.0
1800.0	5.0
1801.0	11.0
1802.0	10.0
1803.0	8.0
1804.0	6.0
1805.0	9.0
1806.0	7.0
1807.0	6.0
1808.0	3.0
1809.0	6.0
1810.0	9.0
1811.0	4.0
1812.0	6.0
1813.0	8.0
1814.0	13.0
1815.0	6.0
1816.0	1.0
1817.0	10.0
1818.0	8.0
1819.0	9.0
1820.0	5.0
1821.0	5.0
1822.0	9.0
1823.0	8.0
1824.0	10.0
1825.0	2.0
1826.0	10.0
1827.0	11.0
1828.0	9.0
1829.0	4.0
1830.0	6.0
1831.0	5.0
1832.0	7.0
1833.0	2.0
1834.0	6.0
1835.0	5.0
1836.0	3.0
1837.0	11.0
1838.0	4.0
1839.0	6.0
1840.0	3.0
1841.0	11.0
1842.0	5.0
1843.0	2.0
1844.0	8.0
1845.0	8.0
1846.0	4.0
1847.0	9.0
1848.0	11.0
1849.0	5.0
1850.0	9.0
1851.0	9.0
1852.0	2.0
1853.0	6.0
1854.0	5.0
1855.0	11.0
1856.0	5.0
1857.0	2.0
1858.0	13.0
1859.0	8.0
1860.0	9.0
1861.0	7.0
1862.0	4.0
1863.0	2.0
1864.0	6.0
1865.0	5.0
1866.0	5.0
1867.0	5.0
1868.0	2.0
1869.0	5.0
1870.0	9.0
1871.0	7.0
1872.0	1.0
1873.0	3.0
1874.0	6.0
1875.0	5.0
1876.0	8.0
1877.0	4.0
1878.0	8.0
1879.0	9.0
1880.0	9.0
1881.0	6.0
1882.0	7.0
1883.0	12.0
1884.0	4.0
1885.0	3.0
1886.0	8.0
1887.0	4.0
1888.0	8.0
1889.0	5.0
1890.0	6.0
1891.0	4.0
1892.0	8.0
1893.0	9.0
1894.0	8.0
1895.0	6.0
1896.0	3.0
1897.0	2.0
1898.0	7.0
1899.0	7.0
1900.0	7.0
1901.0	2.0
1902.0	5.0
1903.0	5.0
1904.0	7.0
1905.0	3.0
1906.0	5.0
1907.0	4.0
1908.0	11.0
1909.0	6.0
1910.0	5.0
1911.0	6.0
1912.0	6.0
1913.0	4.0
1914.0	4.0
1915.0	6.0
1916.0	4.0
1917.0	3.0
1918.0	5.0
1919.0	5.0
1920.0	3.0
1921.0	3.0
1922.0	4.0
1923.0	7.0
1924.0	6.0
1925.0	5.0
1926.0	11.0
1927.0	5.0
1928.0	6.0
1929.0	7.0
1930.0	7.0
1931.0	6.0
1932.0	9.0
1933.0	6.0
1934.0	4.0
1935.0	6.0
1936.0	5.0
1937.0	3.0
1938.0	8.0
1939.0	6.0
1940.0	7.0
1941.0	8.0
1942.0	5.0
1943.0	12.0
1944.0	11.0
1945.0	8.0
1946.0	9.0
1947.0	6.0
1948.0	8.0
1949.0	7.0
1950.0	4.0
1951.0	6.0
1952.0	3.0
1953.0	5.0
1954.0	5.0
1955.0	3.0
1956.0	3.0
1957.0	5.0
1958.0	6.0
1959.0	6.0
1960.0	4.0
1961.0	5.0
1962.0	2.0
1963.0	5.0
1964.0	9.0
1965.0	9.0
1966.0	3.0
1967.0	3.0
1968.0	9.0
1969.0	5.0
1970.0	2.0
1971.0	10.0
1972.0	7.0
1973.0	6.0
1974.0	4.0
1975.0	1.0
1976.0	3.0
1977.0	2.0
1979.0	4.0
1980.0	1.0
1981.0	7.0
1982.0	4.0
1983.0	2.0
1984.0	4.0
1985.0	3.0
1986.0	9.0
1987.0	4.0
1988.0	1.0
1989.0	4.0
1990.0	7.0
1991.0	2.0
1992.0	6.0
1993.0	4.0
1994.0	4.0
1995.0	2.0
1996.0	4.0
1997.0	7.0
1998.0	6.0
1999.0	7.0
2000.0	3.0
2001.0	6.0
2002.0	2.0
2003.0	6.0
2004.0	9.0
2005.0	5.0
2006.0	3.0
2007.0	4.0
2008.0	5.0
2009.0	8.0
2010.0	6.0
2011.0	6.0
2012.0	6.0
2013.0	5.0
2014.0	4.0
2015.0	5.0
2016.0	6.0
2017.0	3.0
2018.0	3.0
2019.0	2.0
2020.0	3.0
2021.0	3.0
2022.0	1.0
2023.0	6.0
2024.0	4.0
2025.0	1.0
2026.0	5.0
2027.0	7.0
2028.0	5.0
2029.0	3.0
2030.0	4.0
2032.0	2.0
2033.0	4.0
2034.0	3.0
2035.0	1.0
2036.0	2.0
2037.0	5.0
2038.0	5.0
2039.0	2.0
2040.0	3.0
2041.0	2.0
2042.0	1.0
2043.0	1.0
2044.0	4.0
2045.0	1.0
2046.0	2.0
2047.0	2.0
2048.0	3.0
2049.0	2.0
2050.0	1.0
2051.0	2.0
2052.0	3.0
2053.0	3.0
2054.0	6.0
2056.0	3.0
2057.0	4.0
2058.0	3.0
2059.0	3.0
2060.0	2.0
2061.0	2.0
2062.0	4.0
2063.0	1.0
2064.0	4.0
2065.0	2.0
2066.0	2.0
2067.0	2.0
2068.0	1.0
2069.0	1.0
2070.0	3.0
2071.0	1.0
2072.0	1.0
2073.0	1.0
2074.0	2.0
2075.0	1.0
2076.0	2.0
2077.0	3.0
2079.0	1.0
2080.0	5.0
2084.0	1.0
2087.0	3.0
2088.0	1.0
2089.0	1.0
2091.0	5.0
2092.0	2.0
2093.0	2.0
2095.0	3.0
2097.0	1.0
2098.0	1.0
2100.0	1.0
2102.0	2.0
2103.0	2.0
2104.0	1.0
2105.0	1.0
2106.0	2.0
2107.0	4.0
2108.0	1.0
2109.0	4.0
2110.0	2.0
2111.0	1.0
2112.0	2.0
2113.0	1.0
2115.0	2.0
2116.0	4.0
2117.0	2.0
2118.0	2.0
2119.0	7.0
2120.0	1.0
2121.0	3.0
2122.0	1.0
2123.0	2.0
2124.0	1.0
2125.0	3.0
2127.0	5.0
2128.0	3.0
2129.0	3.0
2130.0	2.0
2132.0	2.0
2133.0	4.0
2134.0	1.0
2135.0	3.0
2136.0	5.0
2137.0	5.0
2138.0	1.0
2139.0	2.0
2140.0	2.0
2142.0	4.0
2143.0	6.0
2144.0	2.0
2145.0	1.0
2146.0	4.0
2148.0	4.0
2149.0	2.0
2150.0	1.0
2151.0	1.0
2152.0	4.0
2153.0	3.0
2154.0	3.0
2155.0	4.0
2156.0	2.0
2157.0	1.0
2158.0	2.0
2159.0	5.0
2160.0	4.0
2161.0	4.0
2162.0	1.0
2163.0	4.0
2164.0	4.0
2165.0	1.0
2166.0	1.0
2167.0	4.0
2169.0	2.0
2170.0	3.0
2171.0	2.0
2172.0	4.0
2173.0	5.0
2174.0	2.0
2175.0	5.0
2176.0	2.0
2177.0	1.0
2178.0	1.0
2179.0	3.0
2180.0	2.0
2181.0	1.0
2182.0	5.0
2184.0	3.0
2185.0	2.0
2186.0	2.0
2187.0	3.0
2188.0	2.0
2189.0	1.0
2190.0	1.0
2191.0	1.0
2192.0	1.0
2193.0	4.0
2194.0	1.0
2196.0	2.0
2197.0	2.0
2198.0	5.0
2199.0	3.0
2200.0	3.0
2201.0	4.0
2202.0	4.0
2203.0	4.0
2204.0	2.0
2205.0	5.0
2206.0	5.0
2207.0	1.0
2208.0	1.0
2209.0	4.0
2210.0	3.0
2211.0	3.0
2212.0	3.0
2213.0	5.0
2214.0	2.0
2215.0	3.0
2216.0	4.0
2217.0	1.0
2218.0	3.0
2219.0	6.0
2220.0	2.0
2221.0	1.0
2222.0	6.0
2223.0	2.0
2224.0	3.0
2225.0	3.0
2226.0	2.0
2227.0	3.0
2228.0	3.0
2229.0	4.0
2230.0	1.0
2231.0	1.0
2232.0	4.0
2233.0	1.0
2234.0	2.0
2235.0	1.0
2236.0	3.0
2237.0	3.0
2238.0	2.0
2239.0	1.0
2240.0	4.0
2241.0	1.0
2242.0	1.0
2243.0	1.0
2244.0	3.0
2245.0	3.0
2247.0	1.0
2248.0	1.0
2249.0	2.0
2250.0	3.0
2251.0	2.0
2252.0	2.0
2253.0	1.0
2254.0	5.0
2255.0	2.0
2257.0	2.0
2258.0	1.0
2259.0	1.0
2260.0	2.0
2261.0	2.0
2263.0	1.0
2264.0	2.0
2265.0	5.0
2266.0	2.0
2267.0	3.0
2268.0	1.0
2269.0	1.0
2270.0	1.0
2271.0	4.0
2272.0	3.0
2274.0	6.0
2275.0	4.0
2276.0	1.0
2278.0	2.0
2279.0	2.0
2280.0	3.0
2281.0	2.0
2282.0	2.0
2283.0	2.0
2284.0	3.0
2285.0	3.0
2286.0	2.0
2287.0	2.0
2288.0	1.0
2289.0	1.0
2290.0	1.0
2291.0	1.0
2292.0	2.0
2293.0	2.0
2294.0	1.0
2295.0	2.0
2296.0	2.0
2298.0	2.0
2300.0	1.0
2301.0	2.0
2302.0	3.0
2303.0	3.0
2304.0	2.0
2305.0	3.0
2307.0	2.0
2308.0	2.0
2309.0	2.0
2310.0	1.0
2311.0	2.0
2312.0	3.0
2313.0	3.0
2314.0	2.0
2315.0	2.0
2316.0	3.0
2317.0	1.0
2318.0	2.0
2319.0	1.0
2320.0	2.0
2321.0	1.0
2322.0	1.0
2324.0	2.0
2325.0	4.0
2327.0	3.0
2328.0	3.0
2329.0	2.0
2330.0	5.0
2331.0	2.0
2332.0	3.0
2333.0	2.0
2334.0	3.0
2335.0	1.0
2336.0	1.0
2338.0	3.0
2341.0	1.0
2342.0	1.0
2343.0	2.0
2344.0	2.0
2345.0	1.0
2346.0	2.0
2348.0	2.0
2351.0	3.0
2352.0	1.0
2354.0	2.0
2355.0	3.0
2356.0	3.0
2357.0	2.0
2358.0	1.0
2359.0	2.0
2360.0	3.0
2361.0	2.0
2362.0	2.0
2363.0	1.0
2364.0	3.0
2365.0	1.0
2366.0	4.0
2367.0	4.0
2368.0	2.0
2369.0	2.0
2370.0	1.0
2371.0	7.0
2373.0	2.0
2374.0	4.0
2375.0	4.0
2376.0	4.0
2377.0	5.0
2378.0	2.0
2380.0	1.0
2381.0	1.0
2382.0	5.0
2383.0	2.0
2384.0	4.0
2385.0	1.0
2386.0	4.0
2387.0	2.0
2389.0	2.0
2390.0	1.0
2391.0	2.0
2392.0	1.0
2394.0	2.0
2395.0	3.0
2397.0	3.0
2398.0	3.0
2401.0	1.0
2403.0	2.0
2404.0	3.0
2406.0	1.0
2407.0	1.0
2409.0	2.0
2411.0	2.0
2412.0	1.0
2414.0	3.0
2415.0	1.0
2416.0	1.0
2417.0	1.0
2418.0	1.0
2419.0	2.0
2423.0	1.0
2424.0	1.0
2425.0	1.0
2426.0	1.0
2427.0	1.0
2428.0	1.0
2430.0	3.0
2433.0	1.0
2434.0	2.0
2436.0	1.0
2438.0	2.0
2440.0	2.0
2441.0	4.0
2442.0	1.0
2444.0	3.0
2445.0	1.0
2446.0	3.0
2447.0	4.0
2449.0	1.0
2450.0	1.0
2452.0	1.0
2453.0	1.0
2454.0	1.0
2456.0	4.0
2457.0	1.0
2458.0	5.0
2459.0	2.0
2460.0	1.0
2461.0	1.0
2463.0	1.0
2464.0	2.0
2466.0	1.0
2467.0	2.0
2468.0	1.0
2469.0	1.0
2470.0	1.0
2472.0	1.0
2474.0	3.0
2476.0	3.0
2478.0	1.0
2480.0	1.0
2483.0	1.0
2486.0	1.0
2487.0	1.0
2488.0	1.0
2490.0	2.0
2491.0	1.0
2493.0	2.0
2494.0	1.0
2495.0	1.0
2498.0	2.0
2499.0	1.0
2500.0	1.0
2501.0	2.0
2505.0	1.0
2508.0	1.0
2509.0	1.0
2510.0	1.0
2511.0	1.0
2513.0	1.0
2514.0	1.0
2515.0	2.0
2516.0	1.0
2521.0	1.0
2523.0	2.0
2525.0	1.0
2527.0	1.0
2528.0	1.0
2534.0	2.0
2535.0	1.0
2536.0	1.0
2539.0	1.0
2541.0	1.0
2542.0	1.0
2545.0	1.0
2549.0	1.0
2552.0	1.0
2553.0	1.0
2556.0	2.0
2560.0	1.0
2562.0	1.0
2571.0	1.0
2572.0	1.0
2573.0	2.0
2575.0	1.0
2578.0	2.0
2579.0	2.0
2581.0	1.0
2583.0	1.0
2584.0	1.0
2586.0	1.0
2587.0	1.0
2590.0	1.0
2591.0	1.0
2594.0	1.0
2596.0	1.0
2600.0	1.0
2601.0	1.0
2602.0	2.0
2603.0	1.0
2604.0	2.0
2608.0	1.0
2610.0	1.0
2611.0	2.0
2612.0	1.0
2614.0	1.0
2615.0	1.0
2617.0	2.0
2618.0	1.0
2619.0	1.0
2622.0	1.0
2623.0	2.0
2625.0	1.0
2626.0	2.0
2627.0	1.0
2630.0	1.0
2631.0	3.0
2632.0	1.0
2633.0	2.0
2635.0	2.0
2638.0	4.0
2639.0	1.0
2640.0	2.0
2641.0	2.0
2642.0	2.0
2643.0	2.0
2644.0	1.0
2645.0	1.0
2646.0	3.0
2648.0	1.0
2649.0	1.0
2650.0	2.0
2651.0	2.0
2652.0	1.0
2654.0	1.0
2655.0	2.0
2656.0	1.0
2657.0	3.0
2659.0	2.0
2660.0	3.0
2661.0	1.0
2663.0	4.0
2666.0	2.0
2668.0	1.0
2672.0	2.0
2673.0	1.0
2677.0	2.0
2679.0	1.0
2682.0	2.0
2683.0	1.0
2684.0	3.0
2685.0	1.0
2686.0	2.0
2687.0	1.0
2688.0	1.0
2689.0	1.0
2691.0	4.0
2693.0	1.0
2694.0	1.0
2695.0	3.0
2696.0	2.0
2697.0	1.0
2698.0	1.0
2699.0	1.0
2701.0	1.0
2702.0	3.0
2703.0	1.0
2705.0	2.0
2706.0	1.0
2707.0	1.0
2708.0	3.0
2709.0	2.0
2710.0	3.0
2711.0	1.0
2712.0	1.0
2713.0	1.0
2714.0	1.0
2716.0	3.0
2717.0	2.0
2719.0	3.0
2720.0	3.0
2721.0	2.0
2722.0	1.0
2723.0	1.0
2724.0	3.0
2725.0	1.0
2726.0	1.0
2728.0	3.0
2729.0	1.0
2731.0	2.0
2732.0	1.0
2735.0	2.0
2736.0	4.0
2737.0	1.0
2738.0	2.0
2740.0	1.0
2742.0	1.0
2743.0	2.0
2744.0	2.0
2746.0	1.0
2747.0	2.0
2748.0	1.0
2749.0	1.0
2750.0	2.0
2751.0	1.0
2753.0	1.0
2754.0	1.0
2756.0	2.0
2757.0	1.0
2760.0	1.0
2761.0	1.0
2763.0	1.0
2768.0	1.0
2769.0	1.0
2774.0	1.0
2776.0	2.0
2780.0	1.0
2782.0	3.0
2783.0	1.0
2784.0	1.0
2787.0	1.0
2788.0	1.0
2789.0	1.0
2790.0	1.0
2791.0	1.0
2792.0	1.0
2797.0	1.0
2798.0	1.0
2802.0	2.0
2803.0	2.0
2804.0	2.0
2807.0	1.0
2808.0	1.0
2809.0	4.0
2810.0	1.0
2813.0	1.0
2814.0	2.0
2815.0	2.0
2816.0	2.0
2818.0	1.0
2819.0	1.0
2820.0	4.0
2821.0	1.0
2822.0	1.0
2823.0	1.0
2825.0	1.0
2827.0	3.0
2829.0	1.0
2832.0	1.0
2835.0	2.0
2837.0	2.0
2839.0	2.0
2840.0	1.0
2841.0	1.0
2847.0	1.0
2848.0	1.0
2849.0	1.0
2850.0	2.0
2851.0	1.0
2852.0	1.0
2853.0	1.0
2855.0	1.0
2857.0	1.0
2859.0	2.0
2863.0	1.0
2867.0	1.0
2869.0	2.0
2871.0	2.0
2874.0	2.0
2878.0	1.0
2883.0	1.0
2886.0	1.0
2891.0	1.0
2894.0	1.0
2896.0	1.0
2901.0	1.0
2904.0	1.0
2905.0	1.0
2908.0	1.0
2910.0	1.0
2911.0	1.0
2914.0	1.0
2921.0	1.0
2922.0	1.0
2924.0	2.0
2929.0	2.0
2930.0	1.0
2931.0	1.0
2933.0	1.0
2936.0	1.0
2937.0	2.0
2938.0	2.0
2939.0	2.0
2940.0	2.0
2942.0	1.0
2943.0	1.0
2946.0	1.0
2947.0	1.0
2949.0	1.0
2950.0	1.0
2953.0	1.0
2954.0	2.0
2955.0	1.0
2956.0	1.0
2960.0	2.0
2961.0	1.0
2962.0	1.0
2965.0	3.0
2966.0	1.0
2967.0	1.0
2969.0	2.0
2970.0	2.0
2973.0	2.0
2974.0	1.0
2975.0	1.0
2977.0	1.0
2978.0	1.0
2982.0	1.0
2983.0	1.0
2984.0	1.0
2987.0	1.0
2989.0	1.0
2990.0	1.0
2991.0	1.0
2992.0	2.0
2993.0	1.0
2995.0	2.0
2999.0	2.0
3000.0	1.0
3001.0	1.0
3008.0	1.0
3010.0	1.0
3011.0	2.0
3013.0	2.0
3016.0	2.0
3018.0	1.0
3019.0	1.0
3021.0	1.0
3024.0	1.0
3026.0	1.0
3027.0	1.0
3030.0	1.0
3032.0	1.0
3033.0	1.0
3036.0	2.0
3041.0	1.0
3044.0	1.0
3049.0	1.0
3050.0	1.0
3053.0	1.0
3056.0	1.0
3058.0	1.0
3060.0	1.0
3063.0	3.0
3067.0	1.0
3070.0	1.0
3073.0	2.0
3075.0	1.0
3077.0	2.0
3080.0	2.0
3083.0	1.0
3085.0	1.0
3086.0	2.0
3087.0	1.0
3089.0	1.0
3090.0	1.0
3092.0	1.0
3093.0	1.0
3097.0	2.0
3098.0	2.0
3102.0	1.0
3109.0	1.0
3114.0	1.0
3117.0	2.0
3119.0	2.0
3120.0	1.0
3121.0	2.0
3122.0	1.0
3127.0	1.0
3128.0	1.0
3129.0	1.0
3136.0	1.0
3137.0	1.0
3140.0	1.0
3143.0	1.0
3144.0	1.0
3146.0	1.0
3148.0	1.0
3149.0	1.0
3155.0	2.0
3156.0	1.0
3157.0	2.0
3158.0	1.0
3159.0	1.0
3166.0	2.0
3189.0	1.0
3190.0	1.0
3194.0	2.0
3196.0	1.0
3197.0	1.0
3199.0	1.0
3211.0	1.0
3230.0	1.0
3233.0	1.0
3234.0	1.0
3235.0	1.0
3245.0	2.0
3249.0	1.0
3250.0	1.0
3253.0	1.0
3266.0	1.0
3269.0	1.0
3272.0	1.0
3280.0	1.0
3282.0	1.0
3283.0	1.0
3286.0	1.0
3290.0	1.0
3299.0	2.0
3300.0	1.0
3301.0	1.0
3307.0	1.0
3313.0	1.0
3314.0	2.0
3316.0	1.0
3320.0	1.0
3321.0	1.0
3327.0	1.0
3330.0	1.0
3332.0	1.0
3334.0	1.0
3341.0	1.0
3344.0	1.0
3345.0	1.0
3346.0	1.0
3349.0	2.0
3351.0	1.0
3355.0	1.0
3357.0	1.0
3359.0	1.0
3366.0	3.0
3367.0	1.0
3368.0	1.0
3369.0	1.0
3370.0	1.0
3371.0	3.0
3372.0	1.0
3373.0	1.0
3375.0	2.0
3376.0	1.0
3381.0	1.0
3395.0	1.0
3398.0	1.0
3405.0	1.0
3407.0	2.0
3420.0	1.0
3425.0	1.0
3435.0	1.0
3447.0	1.0
3448.0	1.0
3452.0	1.0
3462.0	1.0
3463.0	1.0
3476.0	1.0
3479.0	1.0
3483.0	1.0
3496.0	1.0
3504.0	1.0
3512.0	1.0
3516.0	1.0
3526.0	1.0
3533.0	1.0
3536.0	1.0
3544.0	1.0
3548.0	1.0
3553.0	1.0
3558.0	1.0
3560.0	1.0
3562.0	1.0
3563.0	1.0
3564.0	1.0
3569.0	2.0
3570.0	2.0
3575.0	4.0
3576.0	1.0
3578.0	1.0
3579.0	1.0
3580.0	2.0
3582.0	1.0
3585.0	1.0
3587.0	1.0
3618.0	1.0
3619.0	1.0
3630.0	1.0
3641.0	1.0
3663.0	1.0
3683.0	1.0
3690.0	1.0
3696.0	1.0
3735.0	1.0
3755.0	2.0
3774.0	1.0
3784.0	1.0
3788.0	1.0
3797.0	1.0
3802.0	1.0
3817.0	1.0
3834.0	1.0
3852.0	1.0
3862.0	1.0
3890.0	1.0
3891.0	1.0
3911.0	1.0
3913.0	2.0
3926.0	1.0
3942.0	1.0
3952.0	1.0
3967.0	1.0
3972.0	1.0
3974.0	1.0
3990.0	1.0
4026.0	1.0
4040.0	1.0
4042.0	1.0
4046.0	1.0
4056.0	1.0
4080.0	1.0
4081.0	1.0
4087.0	1.0
4091.0	1.0
4097.0	2.0
4102.0	2.0
4105.0	1.0
4107.0	1.0
4114.0	1.0
4129.0	1.0
4131.0	1.0
4132.0	1.0
4134.0	1.0
4146.0	2.0
4147.0	1.0
4163.0	1.0
4176.0	1.0
4188.0	1.0
4210.0	1.0
4242.0	1.0
4250.0	1.0
4255.0	1.0
4261.0	1.0
4285.0	2.0
4288.0	2.0
4314.0	1.0
4325.0	2.0
4330.0	1.0
4343.0	1.0
4374.0	1.0
4394.0	1.0
4400.0	1.0
4404.0	1.0
4412.0	1.0
4416.0	1.0
4421.0	1.0
4422.0	1.0
4432.0	1.0
4436.0	1.0
4444.0	1.0
4446.0	1.0
4456.0	1.0
4457.0	1.0
4464.0	3.0
4465.0	1.0
4469.0	1.0
4471.0	2.0
4486.0	1.0
4487.0	2.0
4493.0	1.0
4508.0	1.0
4509.0	1.0
4522.0	1.0
4525.0	1.0
4527.0	1.0
4528.0	1.0
4531.0	2.0
4532.0	1.0
4533.0	1.0
4542.0	1.0
4546.0	1.0
4577.0	1.0
4602.0	1.0
4633.0	1.0
4667.0	1.0
4707.0	1.0
4709.0	1.0
4756.0	1.0
4773.0	1.0
4796.0	1.0
4829.0	1.0
4852.0	1.0
4875.0	1.0
4894.0	1.0
4931.0	1.0
4963.0	1.0
4971.0	1.0
4998.0	1.0
5003.0	1.0
5035.0	1.0
5075.0	1.0
5089.0	1.0
5149.0	1.0
5156.0	1.0
5165.0	1.0
5189.0	1.0
5234.0	1.0
5257.0	1.0
5301.0	1.0
5335.0	1.0
5349.0	1.0
5364.0	1.0
5398.0	1.0
5440.0	1.0
5452.0	1.0
5487.0	1.0
5504.0	1.0
5555.0	1.0
5561.0	1.0
5570.0	1.0
5581.0	1.0
5593.0	1.0
5607.0	1.0
5634.0	1.0
5649.0	1.0
5661.0	1.0
5666.0	1.0
5683.0	1.0
5726.0	1.0
5730.0	1.0
5773.0	1.0
5777.0	1.0
5784.0	1.0
5806.0	1.0
5808.0	1.0
5819.0	1.0
5826.0	1.0
5830.0	1.0
