#Position (bp)	Coverage
384368.0	26.21787612116009
1153103.0	25.61405295713087
1921838.0	27.987488536361685
2690573.0	31.874348117361638
3459308.0	26.081818832237378
4228043.0	27.830291322757517
4996778.0	27.248163541402434
5765513.0	30.060799885526222
6534248.0	28.488415383714806
7302983.0	24.65574092502618
8071718.0	22.49598366146982
8840453.0	19.354109023265494
9609188.0	23.140286314529714
1.0377923E7	18.04476184901169
1.0801324E7	23.79951836243227
1.11856915E7	22.93757058384057
1.1915393E7	22.839164341418044
1.2684128E7	29.99560186540225
1.3452863E7	30.900713509857102
1.4221598E7	27.6186826409621
1.4990333E7	30.295395682517384
1.5759068E7	33.440184198716075
1.6527803E7	30.61670666744717
1.7296538E7	26.917506032638034
1.8065273E7	13.223512653905441
1.8834008E7	17.891253813082532
1.9602743E7	19.48054010809967
2.018777E7	17.54102347509089
2.05721375E7	11.565002612842118
2.1140213E7	12.181275732209409
2.1908948E7	16.348179801882313
2.2677683E7	25.010287029990828
2.3446418E7	30.319681034426686
2.4215153E7	28.87902983472848
2.4983888E7	34.52358875295128
2.5752623E7	33.43565598027929
2.6521358E7	31.528113068872887
2.7290093E7	25.134245221044964
2.8058828E7	20.474076242138057
2.86485735E7	22.45809190857833
2.9032941E7	24.850088971699456
2.9596298E7	30.465512823014432
3.0365033E7	33.221725301957115
3.1133768E7	32.448326146201225
3.1902503E7	28.974322751013027
3.2671238E7	27.730649703734056
3.3439973E7	30.26566111859093
3.4208708E7	33.68675291225195
3.4977443E7	24.41272740281111
3.5659712E7	18.925698595005397
3.60440795E7	20.54733652533944
3.6514913E7	25.13290015414935
3.7283648E7	28.70609637911634
3.8052383E7	31.50230443520849
3.8821118E7	33.39809947511171
3.9589853E7	35.38591842442454
4.0358588E7	29.272209539047918
4.1127323E7	30.19403565598028
4.1896058E7	34.719777296467576
4.2664793E7	32.89888843359545
4.3049519E7	109.24686192468619
4.34338865E7	20.18341757615056
4.4202263E7	15.140614125804081
4.4970998E7	12.8058459677262
4.5739733E7	15.08251347993782
4.6508468E7	23.594251595153075
4.7277203E7	14.906277195652597
4.8045938E7	18.026797270841058
4.8668911E7	10.381709558245724
4.90532785E7	28.644269425501847
4.9583408E7	26.734748645502027
5.0352143E7	30.34233123247933
5.1120878E7	33.6608154955869
5.1889613E7	27.59092405055058
5.2658348E7	30.449577552732737
5.3427083E7	33.07896609364735
5.38687855E7	32.40341850527601
5.4253153E7	25.909083959545306
5.4964553E7	23.00869870631622
5.5733288E7	22.079914404833914
5.6502023E7	28.293240193304584
5.7270758E7	30.503728853245917
5.8039493E7	31.82689483372033
5.85039505E7	27.367480334623547
5.8888318E7	13.268813829481312
5.9576963E7	14.877726394661359
6.0345698E7	13.75344559568642
6.1114433E7	16.485112555041724
6.1883168E7	15.062035681997047
6.2651903E7	16.29224245025919
6.3087631E7	15.910222836615688
6.34719985E7	7.9262282774836565
6.4189373E7	15.703786090135091
6.4958108E7	15.232029242847014
6.5726843E7	15.395398934613358
6.6495578E7	15.703127865909579
6.7140034E7	12.242452088423748
6.75244015E7	26.875859960250725
6.8033048E7	23.23375415455261
6.8801783E7	22.110775494806404
6.9570518E7	20.16916362595693
7.0339253E7	18.914039298327772
7.11040115E7	15.4483768017645
7.1488379E7	39.36338488620646
7.1876723E7	23.17433445855854
7.2645458E7	30.362461706569885
7.3414193E7	35.23544524446005
7.4182928E7	31.7048358667161
7.4951663E7	28.475652858267154
7.5358208E7	20.009852327809718
7.57425755E7	23.240854247770507
7.6489133E7	26.21154103819912
7.7257868E7	22.45696241227471
7.8026603E7	24.234599699506333
7.8795338E7	25.661793726056445
7.92080895E7	18.76902480270575
7.9592457E7	27.468393900279086
8.0332808E7	18.211137778298113
8.1101543E7	21.488237168855328
8.1870278E7	22.481964526137094
8.26063115E7	16.238486234097127
8.2990679E7	11.519028179135514
8.3407748E7	13.843661339733458
8.4176483E7	11.743526702960057
8.4945218E7	13.707786168185395
8.5713953E7	17.04830793446376
8.6362088E7	13.371073009373786
8.67464555E7	10.368573797678275
8.7251423E7	16.21181031174592
8.8020158E7	15.277371265780795
8.8788893E7	13.32427949813655
8.9557628E7	12.556492159196603
9.0098611E7	10.23884609122341
9.04829785E7	25.700731497418243
9.1095098E7	26.5138740918522
9.1863833E7	27.355634906697368
9.2632568E7	25.973021912622684
9.3401303E7	21.36893728007701
9.38242175E7	24.27670117000026
9.4208585E7	16.02212130281461
9.4938773E7	17.288381561916655
9.5707508E7	15.46591868459222
9.6476243E7	15.272758492848642
9.71220675E7	10.662523856695366
9.7506435E7	18.13590783537615
9.8013713E7	22.092401152542813
9.8782448E7	16.56403962353737
9.9551183E7	13.444592740020944
1.00269334E8	12.458391442357097
1.006537015E8	4.167928594021825
1.01088653E8	13.864195073725016
1.01857388E8	15.837521382531042
1.02626123E8	14.376824263237657
1.033545365E8	22.495398871081193
1.03738904E8	5.6599704872090575
1.04163593E8	9.345375194312735
1.04932328E8	13.42384827021015
1.05701063E8	8.297101081647122
1.06347158E8	7.769836948734849
1.067315255E8	22.31836268754077
1.07238533E8	15.34847639303531
1.08007268E8	14.913144321515217
1.08776003E8	19.23788691811873
1.09309377E8	22.708308026831045
1.096937445E8	27.40605495387936
1.10313473E8	26.97531268902808
1.11082208E8	31.98477628831782
1.11850943E8	43.14315596401881
1.12235708E8	41.66540880503145
1.126200755E8	8.159809360106259
1.13388413E8	9.338690185824763
1.14157148E8	11.421764327108821
1.147696095E8	9.824822222417074
1.15153977E8	11.601093595523233
1.15694618E8	10.100076099045834
1.16463353E8	11.160831756066784
1.17232088E8	13.757378030140426
1.17668795E8	26.11328919840656
1.180531625E8	31.06467376245377
1.18769558E8	34.10828699096568
1.19538293E8	31.232185343453857
1.2014897E8	24.494921777477305
1.205333375E8	19.957756013615256
1.21075763E8	15.260144262977489
1.21844498E8	17.872234254977332
1.225916085E8	15.939996085382765
1.22975976E8	23.943721242109643
1.23381968E8	23.914815898846808
1.24150703E8	22.76814246782051
1.24919438E8	16.044702010445732
1.253769895E8	12.771213653257542
1.25761357E8	12.908984570197328
1.26456908E8	13.111532582749582
1.27225643E8	15.06219438428067
1.277254535E8	11.249815926474538
1.28109821E8	13.64215978834208
1.28763113E8	14.586191600486513
1.29531848E8	17.04967511561201
1.300272615E8	14.154926787097239
1.30411629E8	12.090642338784178
1.31069318E8	13.715437699597391
1.31838053E8	14.566300480659786
1.322676755E8	19.639299524914374
1.32652043E8	12.603108113089315
1.33375523E8	18.848440619979577
1.34030498E8	11.994719289007142
1.344148655E8	5.810003516174402
1.34912993E8	14.553854058940987
1.35681728E8	14.037751630926133
1.361569665E8	10.77343156782692
1.36541334E8	10.357995751227016
1.37219198E8	11.747140432008429
1.37895604E8	13.086793350876682
1.382799715E8	7.970074407824194
1.38756668E8	10.652431592161149
1.39525403E8	9.812207067454974
1.400102465E8	10.482921294637526
1.40394614E8	9.393784245037276
1.41062873E8	17.82129082193474
1.417121025E8	11.609862871986167
1.4209647E8	16.990954391220487
1.42600343E8	15.20497180432789
1.43369078E8	15.79658009587179
1.437831155E8	21.311105493764746
1.44167483E8	15.431808794818119
1.44906548E8	10.027623303218924
1.45465214E8	5.685295627902707
1.458495815E8	14.752324236322352
1.46444018E8	14.685189304506755
1.47106683E8	15.337105076402052
1.474910505E8	11.936433487319695
1.47981488E8	10.021597819794858
1.48737048E8	8.62205728833422
1.491214155E8	12.687172675521822
1.49518958E8	22.21731545981385
1.50287693E8	25.971767904414396
1.50728883E8	27.379585551498085
1.511132505E8	14.979874521058175
1.51825163E8	19.36461589494429
1.52332369E8	14.18063147954428
1.527167365E8	30.57653835712292
1.53362633E8	26.66983160647037
1.5389724E8	20.404767055268422
1.542816075E8	7.19203170915055
1.54900103E8	6.505749055266119
1.55461321E8	6.247123983251391
1.558456885E8	26.334967737582947
1.56437573E8	25.15128100060489
1.57018682E8	21.37557149864162
1.574030495E8	7.814199524586145
1.57975043E8	18.967424405029043
1.585640605E8	29.96226972880528
1.58948428E8	17.1542726779529
1.59512513E8	24.441490240459977
1.6009777E8	27.462348704138346
1.604821375E8	6.336124767002039
1.61049983E8	8.529605130506612
1.616289075E8	16.088236352328625
1.62013275E8	27.168763055784584
1.62587453E8	14.579360898098825
1.631586895E8	11.124373224023246
1.63543057E8	19.169067106838785
1.64124923E8	17.702539886957144
1.64685819E8	15.977873261258097
1.650701865E8	14.870046045256183
1.65662393E8	17.395564141088933
1.66204869E8	18.496004326143122
1.665892365E8	5.735186224636368
1.67199863E8	15.244893233689112
1.67707403E8	4.843138687612901
1.680917705E8	23.859465150558012
1.68737333E8	17.37440340299323
1.69197014E8	9.937733606856673
1.695813815E8	13.935184466145074
1.70274803E8	10.545410316949274
1.706842435E8	7.8644757308658715
1.71068611E8	9.892532449007708
1.717757825E8	8.22786645854713
1.7216015E8	16.35772324303586
1.72581008E8	22.71000669931771
1.732448375E8	24.365187395781895
1.73629205E8	18.668596975373074
1.74118478E8	12.82738004643993
1.7470787E8	9.178939590146543
1.750922375E8	11.59194114071918
1.75655948E8	14.609675635947369
1.761671155E8	13.307665615141955
1.76551483E8	14.776815786153144
1.77193418E8	17.063964825329926
1.775981795E8	50.577964107090324
1.77982547E8	30.23971800144791
1.786433205E8	32.036817722371964
1.79027688E8	15.319564907071687
1.79499623E8	10.432281605494742
1.80059845E8	20.4964786229525
1.804442125E8	15.921506093145272
1.81037093E8	18.71969404281059
1.814629515E8	6.2120821382950515
1.81847319E8	6.972322395964728
1.824697645E8	6.432796554696694
1.82854132E8	17.70136500045325
1.83343298E8	14.698365496562534
1.83845386E8	18.40668362774538
1.842297535E8	4.76745097450937
1.848263935E8	16.45477934380426
1.85210761E8	14.624024128957508
1.85649503E8	20.660894846728716
1.861815255E8	23.742311469303445
1.86565893E8	9.897536040555526
1.871516995E8	11.387653468693246
1.87536067E8	14.966915673239118
1.87955708E8	15.491991388449856
1.88487033E8	12.483391456713676
1.888714005E8	10.828975190598543
1.89437117E8	15.877331091525754
1.898214845E8	21.691889192130002
1.90261913E8	15.691954964974926
1.907655555E8	24.589687696499684
1.91149923E8	17.56795646802531
1.917006725E8	18.321861533237414
1.9208504E8	8.674041768606177
1.92568118E8	12.959499697555074
1.93014003E8	23.97184540984273
1.933983705E8	10.718533374632182
1.939421735E8	7.196829189918218
1.94326541E8	9.692493628166412
1.948700135E8	8.981714633029695
1.95254381E8	8.112193990022044
1.95643058E8	14.161568030595719
1.96173218E8	17.942857142857143
1.965575855E8	9.117925180760768
1.970859405E8	8.720468976464904
1.97470308E8	7.298876701466896
1.97949263E8	9.106257683076743
1.98379719E8	14.262787897197782
1.987640865E8	7.768204647642922
1.99284827E8	7.737106184044305
1.996691945E8	11.842518300595327
2.001689555E8	11.053677124775477
2.00553323E8	18.47539950874151
2.01024203E8	21.71975518221494
2.0143258E8	10.9921281159541
2.018169475E8	12.050577481282502
2.023091665E8	14.990660619895193
2.02693534E8	11.34346838596234
2.03168465E8	14.767770636777874
2.035528325E8	11.125936286224166
2.04022535E8	15.173988130342037
2.044069025E8	7.872121710526316
2.048603755E8	9.802908203202739
2.05244743E8	0.7036321226257914
2.05636613E8	16.295139417354484
2.060816995E8	20.015390569673414
2.06466067E8	14.812072356275404
2.069158215E8	14.626167668469384
2.07300189E8	20.114730612189582
2.07743072E8	14.579829543146383
2.081274395E8	13.255291720485015
2.08563085E8	10.431147586154273
2.089474525E8	26.698278416897917
2.09377998E8	16.15104359617481
2.097623655E8	7.258280379313716
2.101865875E8	6.250837133307655
2.10570955E8	6.020645305955746
2.10991954E8	15.549421511113094
2.113763215E8	6.724732599596962
2.117807295E8	12.43819267625276
2.12165097E8	7.53682658107053
2.12555228E8	9.264217187977652
2.12951007E8	6.709459755509792
2.133353745E8	19.842091292270403
2.137362725E8	20.542802948965715
2.1412064E8	10.66566926328223
2.145168735E8	8.651351487138264
2.14901241E8	28.325863892883522
2.15295174E8	26.412974571379383
2.156795415E8	14.022743690931778
2.160708055E8	105.43913275279901
2.16455173E8	14.327655651140287
2.16845987E8	4.85645723214784
2.172303545E8	17.37852206273259
2.176193275E8	16.811465791271797
2.18003695E8	9.827255078529738
2.183870575E8	6.768965725228825
2.18771425E8	9.841416693260976
2.191437085E8	9.19786845647484
2.19528076E8	12.374085410643238
2.19895419E8	7.668718169235524
2.202797865E8	12.207785193528037
2.20645687E8	9.25048688738895
2.21025053E8	11.549600762011455
2.21390679E8	7.888833349995002
2.217493495E8	11.350844999137612
2.22133717E8	6.891053308793589
2.22491112E8	10.255291991190601
2.228754795E8	15.692627143625046
2.232300165E8	15.390706581420574
2.23614384E8	6.09140986154523
2.239617555E8	10.21186939623658
2.24346123E8	21.419671077732485
2.2468963E8	9.373636760049221
2.250739975E8	7.2749035426166255
2.254154375E8	6.9088862007473795
2.25799805E8	9.283065791905821
2.261404185E8	10.220845172601415
2.26524786E8	19.14117231624408
2.2685767E8	15.79153807618329
2.272420375E8	10.431128777720305
2.275674865E8	8.262838639058652
2.27901798E8	23.326446009817996
2.282642395E8	14.458656304938469
2.28575658E8	13.77913243101057
2.289600255E8	18.897886264785985
2.29270193E8	23.081327723235155
2.296545605E8	14.541652087928805
2.299644725E8	22.487392087447983
2.3034884E8	8.754787685364636
2.30655893E8	17.766730239457512
2.309973965E8	20.97832322262186
2.313463715E8	4.078749066815976
2.31650276E8	5.631570580044093
2.320346435E8	5.677657771615299
2.32330417E8	13.078337339406714
2.327147845E8	6.544738369486742
2.33008396E8	5.309821827507482
2.333832675E8	10.836343419252954
2.336859445E8	2.721724936815501
2.33975938E8	16.117642759739393
2.343603055E8	17.698088957350535
2.346438945E8	28.315164228601315
2.35028262E8	16.797323215171378
2.353116695E8	12.586815475056818
2.35668032E8	25.91367003658095
2.359736405E8	10.29309051955008
2.36248209E8	21.224940025591785
2.366325765E8	14.956826362079475
2.36905892E8	16.98255867583194
2.372902595E8	19.996773234320248
2.375596255E8	21.91777181862506
2.378457775E8	10.055695259032834
2.38209635E8	17.770947559193814
2.384723095E8	10.500221939814786
2.38856677E8	10.772703192464139
2.391161115E8	11.418003339573952
2.394117615E8	13.209490324998828
2.39756603E8	21.520928790824808
2.40012063E8	16.90825074591061
2.403964305E8	6.533748420448019
2.40651522E8	5.549170592395874
2.40935513E8	9.20772377593302
2.41282414E8	7.812436177790619
2.415260005E8	8.124523427134976
2.41910368E8	21.074818324124276
2.42153892E8	2.063384745404606
2.423992835E8	7.57486472585125
2.427812845E8	13.157045101312457
2.430194555E8	10.334749735369726
2.43354977E8	26.308873528783273
2.436401495E8	11.053034025304017
2.43875304E8	16.824398779443772
2.442596715E8	14.526691541409377
2.44494215E8	14.070989050144583
2.447631205E8	18.967907374979024
2.451110035E8	6.353930297413868
2.45340206E8	6.642730601676623
2.45672164E8	21.00516686333589
2.45942791E8	6.7008939219034716
2.46158155E8	9.378498292468143
2.46536439E8	20.679444757917516
2.46757852E8	12.801923234979864
2.469695205E8	9.299163363085828
2.47353888E8	9.94908618013508
2.47564574E8	12.565909696428292
2.47805319E8	7.697363790242839
2.48157783E8	8.848756288186044
2.48365893E8	16.70564062802869
2.486381075E8	16.727938592479553
2.489579875E8	10.529816411509277
2.49165224E8	8.730894424374366
2.49467076E8	15.530392685539626
2.4975636E8	16.455217504590046
2.499626485E8	16.063693212574634
2.502879155E8	16.89013072349549
2.5054851E8	7.508464395394286
2.507484705E8	9.67836504330541
2.510885645E8	14.824317134625616
2.51332072E8	3.9395462296859294
2.51527848E8	6.033015956832395
2.51873065E8	11.24477517170888
2.5210593E8	15.663375946667347
2.5229909E8	19.566234550466042
2.52643082E8	7.562483386627716
2.5287344E8	18.21869698208072
2.53058026E8	19.312366297877062
2.5338655E8	9.685283497953215
2.53626707E8	4.809360086670785
2.53810996E8	10.87451097936479
2.541215335E8	10.316057267754761
2.543774555E8	6.023994311255588
2.545591305E8	8.651527655431407
2.54848343E8	8.55978882655382
2.551248655E8	19.662240554884136
2.553049575E8	25.924473433250526
2.555674465E8	9.11617160043255
2.55866877E8	16.46532407274458
2.560427725E8	10.790223448173723
2.562705875E8	9.344313513389107
2.56600938E8	12.964165375832389
2.56774153E8	13.198589647411852
2.569624935E8	6.2522250958189165
2.57304699E8	29.3693333919749
2.57500726E8	7.039863526735818
2.576711905E8	8.70816748870417
2.57986484E8	9.035971666515
2.582258865E8	30.754017430581694
2.583930965E8	24.43956855791962
2.586566015E8	18.29299022186746
2.58942833E8	16.044385148412452
2.5910475E8	13.651292793725414
2.593058495E8	14.706351338685995
2.59625725E8	18.726829359853095
2.59808993E8	4.52608
2.59968316E8	9.069484970802625
2.60263454E8	9.840934993171222
2.60511936E8	10.51897074398041
2.60669987E8	9.386899442761347
2.60895678E8	13.231880639639956
2.61207803E8	6.71827085030804
2.613664795E8	20.464630225080384
2.61520696E8	12.208232341150763
2.61824593E8	18.13785952456377
2.62058165E8	9.715442304944048
2.622109925E8	11.702717083350608
2.624361765E8	23.712671844634784
2.627407855E8	8.8619203858165
2.62899969E8	16.864554482199555
2.63050826E8	8.406767255350962
2.633441895E8	19.23175214131334
2.635851015E8	9.052294404641554
2.63733667E8	2.539753133604927
2.639380475E8	19.536286175494997
2.64231582E8	11.358131894721417
2.64411569E8	11.153599927866193
2.645558915E8	26.13804017973724
2.648102425E8	14.766242149337055
2.65083559E8	6.895517107444055
2.65224529E8	14.879262336239558
2.653750005E8	8.303638240227068
2.65651351E8	12.321075036997788
2.65885247E8	11.705960530992598
2.66021552E8	11.924811742670387
2.66196816E8	16.565439541252367
2.664682985E8	14.217495939760814
2.66677402E8	15.064588184972196
2.668104465E8	7.5978266359152205
2.670024795E8	11.272848935400205
2.672676815E8	12.602719318096101
2.67460016E8	5.766634038601511
2.67590504E8	7.361343824895544
2.67790844E8	6.364077875887715
2.680494615E8	7.964717327772653
2.68233489E8	10.769465621109829
2.683623315E8	9.786929662945703
2.685626535E8	13.770489146759838
2.688141505E8	10.803009816706803
2.68998196E8	11.758028600699355
2.691212125E8	11.030916794346643
2.69305491E8	9.619582517776033
2.69544969E8	20.82403293009907
2.69745058E8	16.00808130734299
2.698635095E8	24.702750239846498
2.700194335E8	14.061376689189188
2.7025476E8	23.047038096582042
2.704832035E8	16.01085484724302
2.706000615E8	28.18460962366598
2.707192135E8	6.385779933398354
2.70946674E8	7.972899132860241
2.711728175E8	14.443223638594059
2.713243835E8	14.358658374283374
2.714361945E8	29.19622898307648
2.71620605E8	11.01251886112392
2.718435565E8	12.486435118619697
2.720435135E8	13.44271908161079
2.721547675E8	20.94948398812951
2.722872195E8	11.87793401592719
2.725064275E8	15.5909057649566
2.727249785E8	7.344169459246644
2.72867561E8	11.824723883169236
2.729767215E8	16.872143648741357
2.731596875E8	7.457819352430717
2.733731465E8	7.711555287941367
2.73574548E8	8.385590747798659
2.736806165E8	13.759036144578314
2.737972355E8	12.184184624703066
2.74008185E8	8.596358507500963
2.7421821E8	8.27676069449152
2.74380672E8	21.923454052508944
2.744841805E8	27.024604127989516
2.746317545E8	10.593325408442956
2.74835029E8	13.438584822462323
2.750368585E8	21.314154309176434
2.751721665E8	7.281789840979293
2.752717585E8	7.519960388686019
2.754346305E8	24.337084198526117
2.75629477E8	11.42687818638234
2.75822252E8	20.177062049962306
2.75947145E8	2.616284535436361
2.760430425E8	6.950109412447713
2.762057895E8	14.639536465418018
2.763968555E8	30.364832034849627
2.76587426E8	9.139111959568549
2.767135505E8	7.097230273752013
2.76808458E8	8.003335551814587
2.76967139E8	19.551519401836043
2.77156076E8	7.366727408926455
2.773432765E8	9.438885128965376
2.774748495E8	12.654159954269085
2.775673295E8	13.415018335370597
2.77713495E8	11.773926864594804
2.77897569E8	10.411811430592204
2.780813245E8	6.751641209323593
2.78227624E8	4.493796662779058
2.78318713E8	7.44507061472334
2.78445831E8	20.022453592408993
2.78624475E8	7.016916472436301
2.78799759E8	7.5232478720778735
2.7896884E8	9.648736358589895
2.79055951E8	4.250704499076863
2.791480645E8	13.681624275595622
2.793219045E8	7.002831752463394
2.794951505E8	16.06786185657721
2.796670295E8	8.792620314601486
2.797860375E8	13.429752559472286
2.798713395E8	15.895181374157803
2.80007599E8	13.312234713268333
2.801762495E8	13.483703527734885
2.8034403E8	18.946877934693536
2.80507948E8	9.365043104789766
2.805915035E8	3.579460966542751
2.80677891E8	5.959541603785497
2.80844071E8	16.011997036876433
2.810100155E8	24.634357966330615
2.81175222E8	7.129529365296388
2.813072575E8	16.589391594476716
2.81389511E8	16.941739357856033
2.81503931E8	8.80990484561063
2.816671245E8	5.570305386716539
2.81829173E8	8.234746114182075
2.819906385E8	17.679976701243014
2.820985375E8	6.375459423698912
2.821788915E8	5.106988296391074
2.823119855E8	10.342278731175265
2.82471554E8	13.031857373415138
2.8263049E8	8.077298888615719
2.827887405E8	26.669177171090137
2.82881078E8	13.436485730274203
2.829592085E8	10.541550797182055
2.831008305E8	15.502763544619865
2.832545715E8	12.073587778312751
2.8340819E8	12.294145613932253
2.8356106E8	10.478294578736769
2.83650187E8	1.4896189123843881
2.837259075E8	10.165651119760097
2.838639935E8	8.105174151789267
2.84014566E8	37.116988234668156
2.841642325E8	4.117159810976265
2.843131325E8	8.127392087297748
2.844097475E8	11.162275368193487
2.844837785E8	8.69773095623987
2.84609444E8	11.730861689520907
2.847568575E8	5.111734804827662
2.84903889E8	7.522806324917807
2.850507725E8	4.534046957563872
2.85162443E8	11.063777211217886
2.85235427E8	6.436380121756401
2.8534268E8	8.866931452252402
2.85486983E8	11.287325101161
2.85630282E8	9.714281718700835
2.85773144E8	14.247608770294796
2.859069595E8	8.650541938169418
2.859767315E8	2.5711257009984956
2.86052856E8	12.946711037805082
2.861903485E8	14.691674310924737
2.86326707E8	24.177601784883162
2.86461012E8	11.033170482773112
2.865942015E8	9.693685776095187
2.866994605E8	36.50514278330534
2.867650045E8	43.14021006368952
2.868562865E8	5.412071454068568
2.86985097E8	8.70817443982758
2.87113018E8	18.131744395571538
2.872400565E8	11.91376486337507
2.8736678E8	11.934618091525182
2.874684495E8	8.49332743685128
2.875308515E8	12.975543591669796
2.876171135E8	12.521556636330075
2.877417145E8	17.23438202247191
2.87865989E8	8.16969882774367
2.87989856E8	12.598230803409137
2.881135245E8	12.36806364931365
2.88225463E8	19.917657612758536
2.882869705E8	6.494402820625826
2.883595355E8	11.190534139170206
2.884818635E8	16.943149833082412
2.88604014E8	13.280566818200434
2.88725668E8	8.662506290060467
2.88845977E8	14.021005904769881
2.889652565E8	15.115219361552146
2.890345995E8	5.69137383464809
2.89094055E8	10.738934892191288
2.892031115E8	6.293234729288097
2.893211245E8	9.75302211385995
2.8943711E8	21.29419459487743
2.89550763E8	15.97420918525884
2.896633655E8	7.561163030346102
2.897663725E8	9.876024655951031
2.898226395E8	7.643964794635373
2.89887659E8	17.346991014051248
2.899984115E8	10.306384210431101
2.901089365E8	16.140710975962932
2.90218437E8	10.312750564490116
2.903262345E8	10.111410962741619
2.9043256E8	16.116567671772717
2.905335855E8	6.707555187066017
2.905862925E8	1.0657776781712236
2.906432345E8	11.07345655487805
2.907479405E8	16.25598360969632
2.90851896E8	7.6067717646603965
2.90955247E8	10.41063316641322
2.91058116E8	13.663866530074637
2.91160204E8	7.6213255180417185
2.912615545E8	8.641150267273806
2.91331315E8	6.768057972520194
2.9138107E8	8.562425215951745
2.91461273E8	10.940621950360676
2.91559725E8	0.6216681879249695
2.91657178E8	9.990995800778242
2.917545145E8	9.940919464605136
2.91851644E8	9.341960096922204
2.91948596E8	0.47378738946955706
2.920451375E8	9.264475271411339
2.9210626E8	12.994555423488363
2.921538905E8	17.774530211043654
2.922360205E8	20.695445940260832
2.923310645E8	9.60500168406871
2.924255295E8	13.09017056706629
2.925187585E8	10.477468228581309
2.92610929E8	3.921137192963346
2.92702327E8	8.15489444010946
2.92792108E8	16.29228528525138
2.928622145E8	6.619011657178266
2.929062585E8	13.935877736925862
2.92967363E8	8.473281018621083
2.930529085E8	2.239253234577161
2.931380435E8	13.80677403404676
2.9322235E8	7.433077171301885
2.93305647E8	0.8901511040362746
2.93388439E8	8.432791763951561
2.93470965E8	10.032746295105047
2.935531875E8	15.286067711507057
2.936254925E8	14.352164460643264
2.936664795E8	7.28689875373365
2.9371692E8	5.249573425972527
2.937980535E8	11.60094797287263
2.938782955E8	10.735943775100402
2.93957456E8	18.90382879159726
2.940359865E8	2.434685029329253
2.94113718E8	7.872889165790532
2.94190606E8	11.368615849764769
2.94267212E8	0.3060578720956079
2.9434356E8	10.09556922996182
2.94403587E8	13.862559025480758
2.944416325E8	20.511130402430705
2.944955125E8	6.413556538553228
2.9457076E8	11.012015095547348
2.9464554E8	8.30804200024138
2.947198625E8	4.901679401679401
2.947938495E8	0.4702300405953992
2.94867693E8	16.503611747326765
2.94941437E8	5.880110174895863
2.950150255E8	6.076678098971093
2.9508846E8	7.75717030234491
2.951596985E8	10.447411846447803
2.951959055E8	12.687387387387387
2.9523318E8	1.1788427245538409
2.953042615E8	6.5670387911592245
2.95375117E8	5.516949990814928
2.95445692E8	9.532614409729621
2.95515887E8	9.28927107289271
2.955858525E8	7.991662376294262
2.956554665E8	30.376976797876026
2.957244435E8	3.1507938820101966
2.957929165E8	4.239501581351763
2.958609135E8	1.4811663564654791
2.959283655E8	6.946790465137041
2.95962472E8	1.3227408142999006
2.959959795E8	15.919585504787298
2.960623185E8	17.153802309884504
2.961285905E8	9.705938610073778
2.961944545E8	6.715021107297962
2.96259386E8	5.41906606883407
2.963231915E8	13.08826766453885
2.963866495E8	14.107827652651862
2.964495135E8	7.004614349344698
2.96511883E8	11.659751303650221
2.96574108E8	10.661907444668008
2.966360135E8	8.196462730603379
2.966975155E8	3.003017058612479
2.967299425E8	3.5755090497737556
2.967605265E8	7.794246252082177
2.968197085E8	4.07654943028387
2.968803715E8	10.19348450341618
2.969406465E8	12.468893855494029
2.970003935E8	6.166599482683329
2.97059853E8	13.83991512436638
2.971191925E8	7.350045532732976
2.971783685E8	9.046770752192907
2.972373605E8	5.441931104700492
2.972962345E8	10.431840593015744
2.973550285E8	13.313918665986048
2.974136535E8	10.977120383036935
2.974716695E8	0.24970461495690854
2.975006415E8	0.0
2.975297915E8	5.78108378807764
2.975874835E8	8.85693158883708
2.97644944E8	9.932317869266255
2.977022745E8	9.485633389261745
2.977593955E8	17.016062848525234
2.97816386E8	10.014432446668422
2.97873337E8	18.053980016506575
2.97929694E8	7.573009127261642
2.979853355E8	21.552237192881332
2.98040566E8	4.358776958776959
2.980954345E8	6.004690465761425
2.98150189E8	5.333132298919897
2.982045775E8	4.081150573436922
2.98250394E8	24.406808080270405
2.98277297E8	16.352060617261134
2.98312184E8	1.093349022244635
2.983655255E8	0.2663994580557751
2.98418571E8	5.8646433360403405
2.98471025E8	10.723608999403377
2.985229515E8	10.032123174162717
2.98574718E8	8.81446193768276
2.98626245E8	22.33562190022367
2.986775555E8	6.150763582392688
2.987287515E8	12.665533544328527
2.9877965E8	16.47386931694691
2.98830158E8	3.8823529411764706
2.98880377E8	8.953510682949254
2.9893041E8	5.897067935162792
2.989803155E8	17.976234481096068
2.9902156E8	5.945645195805692
2.99046443E8	6.6450894165933745
2.990795815E8	11.98281256348787
2.991287095E8	11.765244524207693
2.991776335E8	11.192649649690663
2.99226409E8	9.082339906026222
2.992750675E8	0.34431864965006176
2.99323612E8	4.088354738295986
2.993721015E8	12.307365380647823
2.99420364E8	4.394402247424826
2.994682855E8	7.817171674897464
2.995160355E8	11.003060026827633
2.99563736E8	7.507685210425884
2.99611366E8	13.983687540728596
2.99658856E8	20.371321900904892
2.99706222E8	9.77112609090717
2.99753043E8	4.812690256698115
2.997914265E8	4.439470572779821
2.998145535E8	1.1067316209034543
2.998454455E8	7.717908564965853
2.998912785E8	7.62224216424444
2.999369015E8	7.616862022037842
2.99982407E8	6.968824940047962
3.000278035E8	7.092677547419497
3.00072936E8	3.995659432387312
3.001178095E8	8.242247110793807
3.001626E8	4.774905605576532
3.002072585E8	5.386238161497374
3.0025153E8	10.21652836194157
3.002951105E8	6.5192699647952566
3.00338256E8	7.479833004754726
3.00381246E8	5.617660095649131
3.00424041E8	10.719133996489175
3.00466617E8	2.5422490395267165
3.00509036E8	22.46294593383792
3.005513965E8	14.378397541952257
3.005739685E8	9.462597035991532
3.0059498E8	7.408890249814999
3.006355E8	5.277579986141311
3.00677186E8	295.36126297536185
3.00718655E8	6.160248207257889
3.007599975E8	10.972787632063584
3.008009635E8	14.115925634467834
3.00841504E8	26.32657050251132
3.00881871E8	9.46164149118238
3.009221625E8	11.365395122435801
3.00962411E8	3.5913847530511296
3.01002529E8	2.0644419447569056
3.010424755E8	5.8200461291616525
3.010823325E8	10.707351981117863
3.011221535E8	9.126481816355234
3.01161883E8	2.5386322932169616
3.012013185E8	6.697460997246864
3.01240271E8	19.948729218915634
3.01278813E8	7.099461035748692
3.013171725E8	5.215232825224473
3.013402245E8	5.490118069815195
3.01359325E8	6.059390312078661
3.01393599E8	9.550827237211253
3.01431711E8	4.3540764080346595
3.014697935E8	4.062526260504201
3.015075635E8	5.716337426588361
3.01544826E8	7.719115068123567
3.015818905E8	4.872301964170084
3.01618727E8	13.176104236663116
3.01655231E8	3.98230720624193
3.01691575E8	14.029375292788448
3.01727817E8	26.786296449785883
3.017639465E8	5.705190771960958
3.018000005E8	6.991482632338253
3.018360275E8	8.495112468758679
3.018718265E8	6.587894795998651
3.019074095E8	0.1323851818539547
3.0194275E8	10.672876962083013
3.01977819E8	18.6716711859569
3.020128525E8	3.914364010047956
3.02047874E8	10.665847876381708
3.020828745E8	29.16410402972278
3.021066125E8	5.839500240269102
3.021240165E8	6.796926798673954
3.0215234E8	5.902694828841952
3.021865385E8	10.566007278703921
3.022202135E8	6.360418294368652
3.02253491E8	37.84349550740752
3.022863395E8	1.9592535471930907
3.02318457E8	0.5296558227251297
3.023501625E8	3.568996075452589
3.02381257E8	4.871343117706665
3.024117055E8	12.837546198521647
3.024418645E8	4.835576730858932
3.024718665E8	3.4306768922974324
3.02501802E8	19.15514875673505
3.0253152E8	11.737303332769413
3.02561013E8	12.747137372158608
3.025904035E8	16.89686541737649
3.026196635E8	12.802948234487488
3.02648696E8	8.947084270635058
3.026774925E8	3.1429716356540527
3.0270614E8	2.438297723537434
3.0273473E8	7.058111464856733
3.0276322E8	6.451103989858083
3.02791553E8	103.11921185751176
3.02819683E8	6.767889678825337
3.02847463E8	1.2573542747288622
3.02871419E8	4.6561470776188365
3.028851665E8	6.983501118568233
3.029023805E8	4.415603460918023
3.02929608E8	16.818242025092903
3.029566585E8	18.308892355694226
3.02983539E8	8.882447185066507
3.030103E8	15.88569501180527
3.03036936E8	6.570724735792997
3.030633795E8	6.086394402616168
3.03089659E8	16.880392978180573
3.031158375E8	8.631935928877988
3.03141897E8	9.436844330015756
3.0316784E8	4.9827166222016
3.03193613E8	11.895144648210879
3.03219033E8	13.957983861350717
3.03244142E8	3.2506284665416385
3.03269183E8	17.288837376603652
3.032941495E8	13.005218368657674
3.03318984E8	9.297451225915903
3.03343729E8	2.9387053733877817
3.03368407E8	7.63651870202656
3.03392961E8	6.752664896875638
3.034173935E8	0.04897456931911403
3.034417695E8	8.926267848350566
3.03466092E8	21.10678531701891
3.03490315E8	1.5708848715509038
3.03514472E8	5.137815334907419
3.03538466E8	10.011909254832894
3.035622675E8	6.639964640511871
3.03585904E8	9.829357486073905
3.036094165E8	15.98813169984686
3.03632882E8	5.476796311317935
3.036474595E8	8.064549895324495
3.03659146E8	4.29267048353268
3.036795675E8	2.826695974484958
3.03702759E8	3.872783745308658
3.037259045E8	2.953266983989615
3.03749014E8	10.932710199489376
3.037721115E8	21.743220999740103
3.03795153E8	11.357611862416837
3.038181055E8	5.825082940457482
3.03840977E8	14.981607181957521
3.038636995E8	13.360990712074303
3.038862345E8	6.880810329474621
3.03908542E8	6.226585420898217
3.03930611E8	21.644316062411864
3.039525865E8	14.509786962855062
3.03974351E8	10.576967673113492
3.039958025E8	3.873488895136351
3.040171415E8	17.028730783652044
3.04038313E8	6.1634693197505594
3.040591685E8	1.2367658423493044
3.04079863E8	10.288276528885666
3.04100481E8	12.224952557053184
3.04120937E8	21.471194931486664
3.041411265E8	10.288290538515335
3.04161089E8	26.034309539358016
3.041809935E8	16.517636418450408
3.04200889E8	38.83724671929207
3.042207195E8	10.642625935666599
3.042404435E8	5.5028969302703805
3.04260093E8	4.564745451765785
3.042797115E8	17.185887631283776
3.04299283E8	23.918582620717906
3.043188045E8	13.574715588808035
3.0433822E8	0.0728891649842108
3.04357514E8	8.882310207046858
3.043766445E8	0.22253817798841496
3.04395624E8	15.689915124677105
3.044120845E8	0.48559346330275227
3.044215395E8	0.6161758773699072
3.044334495E8	8.328438129572685
3.044520715E8	7.415134370579915
3.04470397E8	10.9961136351196
3.04488589E8	3.719845431962462
3.0450666E8	1.1924335718644257
3.0452464E8	0.5652707299392182
3.04542522E8	1.4998597947394987
3.04560353E8	1.950423419886714
3.045781455E8	2.417427058690999
3.045958945E8	8.192572137060415
3.04613409E8	8.910673994793173
3.04630615E8	3.7703625853914873
3.046477165E8	18.864546732255796
3.04664782E8	21.56628554676048
3.046818275E8	0.8245480159661892
3.04698855E8	10.892355602561842
3.047157445E8	12.889737470167065
3.047322845E8	9.71875
3.047485745E8	10.602337023370234
3.047647915E8	5.869729195004328
3.04780937E8	3.12967673884718
3.04797045E8	6.626871234238151
3.04813105E8	10.404968478871481
3.04829099E8	0.022609131333375086
3.04844809E8	14.354300135895942
3.04860144E8	947.698035092331
3.04875228E8	12.491070831382515
3.048899345E8	16.283847324021576
3.04904393E8	7.121203735731581
3.04918797E8	1.5738869922664251
3.04933121E8	9.613850996852046
3.049473325E8	16.883281426953566
3.049613855E8	9.423594219487766
3.049753525E8	17.459157351676698
3.04989176E8	5.184792929661822
3.050028535E8	6.601653981264637
3.050165075E8	12.408824391673996
3.05030149E8	1.05828873084537
3.05043766E8	27.26289076866495
3.05057328E8	49.208810702934436
3.050707775E8	4.874569932685116
3.050840815E8	10.62615198670494
3.050973185E8	0.20111816258688425
3.0511055E8	6.900506539653739
3.051237565E8	12.761489458516609
3.051369355E8	18.08358639538415
3.05150043E8	7.7966725446599705
3.05163013E8	4.741645343878421
3.05175888E8	12.888041702326305
3.05185055E8	0.051450465243568694
3.051914585E8	1.9187824187824187
3.052015075E8	8.945505793924209
3.05214187E8	0.8866290617303567
3.052267085E8	69.2157193320488
3.05239162E8	9.948919765480685
3.052514665E8	3.001562757032407
3.052635855E8	0.03294701986754967
3.05275651E8	2.1651315243548255
3.052876965E8	22.399169435215946
3.052997075E8	2.8928392588883325
3.05311672E8	8.170168243073576
3.053236175E8	3.825853985264568
3.053355615E8	8.696081714668452
3.05347491E8	12.020478388585817
3.0535937E8	27.70818204846745
3.053711045E8	0.1482023051780492
3.053827095E8	2.8196650552486187
3.05394203E8	6.39691309304569
3.05405586E8	8.787644108070053
3.05416915E8	0.14369189907038513
3.054282015E8	0.8910267777974819
3.054393975E8	11.641263271549397
3.05450508E8	5.51571081300081
3.054616145E8	3.040878804249955
3.05472713E8	1.875033811198269
3.054837595E8	26.794946373386658
3.05494683E8	2.8885200553250345
3.055054885E8	8.80605610254505
3.055161465E8	27.855450236966824
3.05526661E8	2.115278175398416
3.05537127E8	380.5899741700947
3.055475015E8	2.307983682983683
3.055577785E8	11.18892571651394
3.05567969E8	9.369455694952089
3.05578E8	5.6581144984404865
3.05587934E8	2.5030718098499345
3.055978485E8	15.531010101010102
3.056077465E8	9.990501212611155
3.05617534E8	13.796259944209112
3.05627204E8	3.012110547562364
3.0563683E8	0.369617349598582
3.056464125E8	0.4542510967202841
3.05655943E8	5.45968166965321
3.05665429E8	1.1862941486557723
3.056749135E8	0.32127794179671026
3.05684391E8	10.100200612395735
3.056938605E8	25.27482044782425
3.05703288E8	2.293384467881112
3.0571261E8	14.989845522307442
3.057218545E8	2.456564124783362
3.057310705E8	13.307391304347826
3.057402675E8	3.4506199695453557
3.057494535E8	0.5383525822619307
3.057585785E8	7.669973544973545
3.05767648E8	13.182199183853534
3.05776642E8	14.30366550835108
3.057855425E8	20.27027027027027
3.05794349E8	0.4235657849536242
3.05803082E8	9.194892934844841
3.058116615E8	5.2618086873961545
3.058200515E8	5.234857553267895
3.058282875E8	5.398497166789849
3.058363865E8	14.045173267326733
3.058444065E8	6.103140703517588
3.058523285E8	2.645991882293252
3.058601015E8	18.8670060036544
3.058677105E8	0.32199576495500265
3.058752425E8	29.55087906233351
3.05882709E8	3.853872053872054
3.058900985E8	6.353957030187653
3.05897348E8	4.0040587823652904
3.059044835E8	0.06637664889138367
3.059115865E8	1.3604519774011299
3.059186575E8	8.465590484282073
3.059257075E8	10.772378516624041
3.059327345E8	9.330245153933866
3.059397415E8	2.777793655330094
3.05946737E8	28.187187187187188
3.05953382E8	16.179926949340956
3.059568435E8	11.012779552715655
3.059606085E8	12.213209733487833
3.059675075E8	0.03321729039744706
3.05974393E8	0.13843245601279627
3.059812595E8	3.651983663943991
3.0598811E8	0.31716581446311176
3.05994947E8	1.2051544882120369
3.060017745E8	18.745238792850863
3.06008546E8	5.794997766860205
3.06015243E8	0.5471019919125356
3.06021916E8	1.1180086969560654
3.06028584E8	10.730613469326533
3.060351805E8	0.17315353968740424
3.060416715E8	10.048791821561338
3.06048088E8	1.5167006429355496
3.06054431E8	29.349817720716437
3.06060702E8	5.509225092250922
3.06066934E8	22.96469266570374
3.060731045E8	0.7741407528641571
3.06079204E8	0.19707669568073574
3.060852755E8	4.7398414271556
3.06091306E8	0.03229565506908607
3.060973105E8	8.557147617460846
3.06103308E8	2.9786417487068246
3.06109298E8	15.434775346584265
3.06115231E8	5.938594999149515
3.06121083E8	0.022489270386266094
3.061268995E8	31.612603305785125
3.061326905E8	3.089019743678559
3.061384525E8	19.348521739130433
3.06144196E8	0.03015513334495381
3.06149915E8	5.4529029994737765
3.061556135E8	11.576544943820224
3.061612865E8	11.092389380530973
3.061668935E8	28.37994248741912
3.061724375E8	33.29960173787111
3.06177958E8	0.027913721225303608
3.06183465E8	0.8695652173913043
3.0618895E8	53.36597843961265
3.061944175E8	4.751922372757232
3.061998695E8	7.883682469680265
3.062052965E8	0.02827050997782705
3.062107035E8	54.035912624953724
3.062160895E8	14.69832402234637
3.06221455E8	4.315426226450289
3.062267975E8	0.3489857250187829
3.062321055E8	0.10034013605442177
3.062373925E8	0.047141234380916316
3.062426715E8	1.3623957543593632
3.06247945E8	5.400113830392715
3.062532015E8	0.3178176268599771
3.062584425E8	23.629007633587786
3.06263673E8	6.001340739321969
3.062688905E8	56.75642500958956
3.06274102E8	0.6066423497792283
3.06279276E8	18.44950379451255
3.062844135E8	2.3261292834890965
3.062895485E8	0.10888196338137904
3.06294667E8	0.0188124632569077
3.06299761E8	14.795280235988201
3.063048415E8	2.915878644602049
3.063099165E8	16.413086322428065
3.063149815E8	0.013449367088607595
3.063200175E8	0.10825358851674641
3.063250325E8	12.050857598723574
3.06330018E8	0.373209602582207
3.063349735E8	0.04723455793298345
3.063399235E8	1.7735543873837445
3.06344861E8	1.3390139987827145
3.063497735E8	6.598856209150327
3.06354609E8	37.73403141361256
3.06359362E8	20.217501585288524
3.06364072E8	1.8809980806142035
3.06368756E8	0.7950416755717034
3.063734225E8	6.563601203266008
3.063780725E8	0.717606543263022
3.06382707E8	6.395414233181916
3.063873235E8	2.462472885032538
3.06391931E8	8.464060803474485
3.063965295E8	14.77852787456446
3.06401082E8	32.15488588522047
3.064055785E8	15.524107142857142
3.06410055E8	0.19248826291079812
3.0641452E8	5.963652681175679
3.0641896E8	0.8623106488808501
3.064233765E8	2.6975056689342405
3.06427766E8	11.099565117875944
3.064321085E8	11.330166821130677
3.06436424E8	0.7900347624565469
3.06440737E8	0.4328462073764788
3.064450465E8	0.37302692664809656
3.06449342E8	0.5757646509455989
3.06453625E8	0.00887228578099463
3.06457902E8	7.5712947787403415
3.064621725E8	3.73559718969555
3.06466441E8	9.660417154909773
3.06470704E8	7.070908664005636
3.064749595E8	30.400047036688616
3.064792095E8	0.8356873822975518
3.06483446E8	5.419644970414201
3.064876545E8	67.42843511450381
3.064918455E8	0.10429594272076373
3.0649603E8	146.52165589854033
3.065001735E8	0.09152872444011685
3.06504273E8	30.967734050354437
3.065083565E8	0.03704612365063788
3.06512427E8	1.2966789667896679
3.06516488E8	7.411387724919892
3.065205265E8	35.44626865671642
3.065245425E8	6.6759720837487535
3.06528524E8	0.026828650974436853
3.06532471E8	20.88840984022318
3.065364115E8	29.0997968511935
3.065403375E8	0.027848748083801736
3.0654423E8	25.129940583828468
3.06548097E8	0.05513849339891276
3.0655195E8	0.24902419984387197
3.065557735E8	3.641167192429022
3.06559577E8	5.925322114120431
3.065633635E8	0.5419098143236074
3.065671335E8	3.854111405835544
3.065709005E8	9.976620616365569
3.065746505E8	2.6215203426124196
3.065783835E8	29.635656836461127
3.06582112E8	17.39656560236115
3.06585833E8	1.1353970390309556
3.06589543E8	4.897435897435898
3.065932395E8	55.71447939262473
3.065969265E8	60.055615843733044
3.06600612E8	6.153867028493894
3.066042955E8	14.147202607278652
3.06607968E8	1.8523068523068522
3.0661163E8	12.202950013657471
3.066152875E8	0.9318555008210181
3.06618939E8	0.01068785968758564
3.066225875E8	0.29221491228070173
3.066262295E8	19.902365236523654
3.066298605E8	4.861003861003861
3.066334545E8	0.023582257158899493
3.06637011E8	0.04196001126443256
3.0664056E8	1.0307301945305893
3.066440915E8	20.91211604095563
3.066476025E8	2.1731317741015403
3.066511055E8	3.3865714285714286
3.06654603E8	35.75765379113019
3.066580945E8	27.243979357798164
3.066615705E8	0.28666281755196305
3.06665033E8	0.8350187806992199
3.06668493E8	0.09742700202370627
3.066719485E8	3.735805330243337
3.066753845E8	5.142982456140351
3.06678798E8	0.3742295274434987
3.066821985E8	0.22863877430760166
3.06685591E8	0.0
3.066889815E8	11.43716814159292
3.066923705E8	5.5274498229043685
3.066957585E8	0.9232585596221959
3.066991455E8	42.138511518015356
3.067025305E8	3.172872340425532
3.06705914E8	24.702926396689328
3.067092965E8	0.02247191011235955
3.06712672E8	1.1748293262095577
3.06716041E8	23.65776194716533
3.067194095E8	13.984857482185273
3.067227775E8	26.313242280285035
3.067248635E8	0.1691542288557214
3.06726541E8	0.04037632301058409
3.067294915E8	0.2244776119402985
3.067328405E8	6.0552568697729985
3.067361665E8	0.6026029055690073
3.06739469E8	0.11178430778551954
3.06742768E8	0.1759175007582651
3.06746065E8	12.204428268122536
3.067493595E8	11.64793438639125
3.067526505E8	36.16231003039513
3.06755933E8	0.040916030534351146
3.067591995E8	14.634131368937998
3.067624565E8	21.082923832923832
3.067657115E8	3.3131530424093425
3.06768965E8	0.07101137411620043
3.06772208E8	26.05258274048871
3.067754395E8	0.11919504643962849
3.067786575E8	9.605115408608858
3.067818625E8	3.3692259675405745
3.067850465E8	19.009165613147914
3.0678821E8	0.5080619664875119
3.067913705E8	12.28435718809373
3.067945245E8	0.9876190476190476
3.06797666E8	20.80019150973508
3.0680079E8	0.0
3.06803903E8	1.843458694953391
3.068070135E8	0.03729903536977492
3.068101235E8	17.189067524115757
3.06813233E8	32.827597298166616
3.068163365E8	4.214331826985152
3.068194285E8	0.027219701879455604
3.06822513E8	19.470321115796303
3.068255925E8	52.6056566970091
3.068286625E8	1.8031984334203655
3.068317255E8	12.875244937949052
3.068347845E8	0.7035340314136126
3.068378385E8	0.0910878112712975
3.0684088E8	0.6644671725503134
3.06843903E8	43.6228855721393
3.068469175E8	21.403782349037822
3.068499285E8	47.18317819148936
3.068529315E8	19.59339559706471
3.06855925E8	0.514553362328538
3.06858904E8	7.540922869653082
3.06861871E8	0.11197301854974705
3.06864829E8	14.718400542189089
3.068677785E8	0.0
3.06870722E8	1.2694794147669275
3.068736605E8	9.142614023144997
3.06876586E8	5.346721592859595
3.06879498E8	0.6709034695980762
3.068824045E8	0.07753273604410751
3.068853035E8	11.29903314917127
3.06888198E8	0.025924645696508816
3.0689109E8	0.014873746108612937
3.068939665E8	0.20859538784067086
3.06896809E8	1.761246900460503
3.068996235E8	0.421240199572345
3.069024245E8	36.878755364806864
3.06905212E8	3.127383951061533
3.069079905E8	3.7940964722822175
3.069107675E8	0.8706772334293948
3.06913543E8	2.6288288288288286
3.06916313E8	0.19746835443037974
3.06919067E8	24.304411228581845
3.069218095E8	22.043398978847556
3.069245455E8	9.400732600732601
3.06927266E8	21.611951309479895
3.06929975E8	3.7580347247875876
3.069326695E8	0.036539895600298286
3.069353465E8	18.833458083832337
3.06938016E8	0.12260967379077616
3.06940674E8	116.55454888637222
3.06943317E8	5.0875995449374285
3.069459505E8	0.13079847908745248
3.069485655E8	7.6669230769230765
3.06951153E8	0.11572815533980582
3.069537225E8	33.03705148205928
3.069562725E8	0.11514195583596215
3.069587885E8	0.0
3.069612825E8	12.587479935794542
3.069637735E8	28.688755020080322
3.0696626E8	19.289971808296414
3.06968739E8	10.15030303030303
3.06971213E8	0.0
3.06973672E8	0.0
3.069761095E8	0.11604938271604938
3.06978536E8	3.0771770532397853
3.0698095E8	0.0
3.06983354E8	0.077819392426134
3.06985755E8	1.0466861192163401
3.06988152E8	0.9210855949895616
3.06990543E8	28.462086300795978
3.069929255E8	0.0159798149705635
3.069953025E8	1.9991582491582491
3.069976725E8	72.93612521150592
3.070000295E8	0.020425531914893616
3.07002367E8	0.03913978494623656
3.07004687E8	0.03153347732181425
3.070070005E8	0.8992214532871973
3.070093035E8	0.04969485614646905
3.070115925E8	0.0
3.07013868E8	16.076312307013673
3.07016134E8	64.1037527593819
3.07018396E8	4.429393536963258
3.07020655E8	0.07525453740593183
3.070229135E8	0.1616474756421612
3.0702516E8	20.657270693512306
3.07027389E8	0.9932523616734144
3.0702961E8	65.3231185218567
3.070318285E8	26.419296663660955
3.070340435E8	0.6003616636528029
3.070362525E8	9.169084315503174
3.07038456E8	2.486597001363017
3.07040653E8	0.03556771545827633
3.0704284E8	2.1646033929390187
3.070450185E8	6.671415441176471
3.07047178E8	2.1451236584227718
3.0704932E8	0.05511443250817375
3.07051452E8	1.3405558172397551
3.070535745E8	0.21630537229029217
3.07055696E8	3.592644978783593
3.07057816E8	23.775837659273243
3.07059934E8	0.06565895134624469
3.0706204E8	0.0
3.070641345E8	0.08118433619866285
3.07066228E8	4.9703774486383185
3.070683165E8	0.1645873320537428
3.070704E8	0.2525204032645223
3.07072481E8	237.6041366041366
3.07074558E8	0.19614457831325302
3.070766325E8	0.019286403085824494
3.070787045E8	2.9323671497584543
3.07080772E8	0.5903147699757869
3.070828335E8	2.447035957240039
3.07084889E8	0.0
3.07086942E8	0.09790550414028251
3.07088987E8	0.0
3.070910185E8	0.832675222112537
3.07093044E8	8.788641975308641
3.07095069E8	20.316543209876542
3.07097091E8	2.349182763744428
3.07099108E8	0.8590570719602978
3.071011185E8	7.844466600199402
3.07103122E8	0.24287856071964017
3.071051185E8	2.4738955823293174
3.071071095E8	11.95929648241206
3.071090915E8	3.010131712259372
3.07111059E8	0.03518612952575217
3.071130195E8	0.24744897959183673
3.07114979E8	2.923940786115365
3.07116933E8	45.95177013853258
3.071188785E8	0.6776519052523172
3.071208195E8	0.6845360824742268
3.07122752E8	0.0
3.071246735E8	4.090198123044838
3.071265845E8	0.37762605042016806
3.07128479E8	0.0
3.07130355E8	0.30744509908944834
3.07132213E8	1.4391563007030828
3.071340475E8	0.0
3.07135863E8	3.955273329652126
3.071376725E8	8.012721238938052
3.07139478E8	1.3544093178036605
3.07141279E8	0.0433574207893274
3.071430775E8	0.185761957730812
3.07144871E8	0.5684740078256009
3.071466595E8	0.036353467561521254
3.07148442E8	0.975801913337085
3.07150216E8	0.35968379446640314
3.071519825E8	0.09648127128263337
3.071537425E8	0.03640500568828214
3.071554995E8	1.7072892938496582
3.071572545E8	0.4224629418472064
3.07159008E8	0.06503137478608101
3.071607605E8	0.3858447488584475
3.071625115E8	1.8434285714285714
3.07164259E8	0.09340974212034384
3.07165998E8	0.0
3.071677295E8	0.12716763005780346
3.07169459E8	0.0
3.07171187E8	47.209033005211346
3.07172911E8	91.09761766414876
3.071746285E8	4.847724620770128
3.071763405E8	17.867836257309943
3.0717805E8	0.052077238150965474
3.07179757E8	6.2733137829912025
3.0718146E8	0.5026455026455027
3.07183154E8	1.7457024303497333
3.071848325E8	0.023952095808383235
3.071864995E8	64.50180288461539
3.07188158E8	22.306110102843316
3.07189806E8	10.087644552647596
3.07191447E8	7.338621110433191
3.071930855E8	0.0
3.07194713E8	41.539888682745826
3.07196327E8	2.0434512725015517
3.071979365E8	9.602611940298507
3.07199539E8	1.0876643706950533
3.07201133E8	0.07793840351979887
3.072027235E8	0.0
3.072043025E8	0.09885204081632654
3.07205867E8	0.452914798206278
3.07207427E8	0.024374599101988453
3.07208982E8	0.3539651837524178
3.072105315E8	0.05426356589147287
3.07212076E8	8.221933809214796
3.072136115E8	0.11764705882352941
3.072151395E8	12.54259501965924
3.072166655E8	21.230013106159895
3.07218189E8	0.31097961867192636
3.07219709E8	0.0
3.07221218E8	0.10607071380920614
3.072227155E8	0.02540106951871658
3.072242065E8	0.7362045760430687
3.07225692E8	0.16161616161616163
3.072271765E8	27.054582210242586
3.07228659E8	11.057393652937204
3.072301395E8	0.025675675675675677
3.072316155E8	0.028532608695652172
3.072330835E8	0.41939890710382516
3.0723454E8	7.969634230503796
3.072359815E8	6.366108786610878
3.072374155E8	0.05299860529986053
3.07238849E8	13.969295184926727
3.072402775E8	0.08637640449438203
3.072416995E8	11.821830985915494
3.072431125E8	3.3862019914651493
3.072445175E8	0.5135327635327636
3.07245921E8	0.08054169636493229
3.07247322E8	0.0
3.072487205E8	1.5908440629470673
3.072501165E8	0.6556671449067432
3.072515085E8	22.101438848920864
3.072528945E8	0.5824891461649783
3.07254274E8	0.6978939724037764
3.072556495E8	8.842794759825328
3.072570195E8	14.412152269399707
3.07258382E8	12.951434878587197
3.07259739E8	0.0
3.072610935E8	0.0
3.072624475E8	13.274741506646972
3.072637995E8	9.219259259259259
3.07265146E8	0.24050632911392406
3.072664865E8	5.760089686098655
3.072678185E8	0.05957767722473605
3.072691435E8	0.027190332326283987
3.072704615E8	1.4954268292682926
3.07271773E8	13.073226544622425
3.072730825E8	8.880733944954128
3.072743855E8	0.0
3.072756825E8	2.959104938271605
3.072769735E8	0.3849144634525661
3.07278257E8	0.0
3.07279535E8	0.08313725490196078
3.07280808E8	0.16679779701022818
3.07282078E8	2.1087470449172576
3.07283345E8	11.807114624505928
3.072846035E8	3.902555910543131
3.072858485E8	0.0
3.072870805E8	6.354812398042414
3.07288306E8	6.013061224489796
3.072895305E8	0.0
3.0729075E8	0.22386831275720165
3.072919625E8	0.13801652892561983
3.0729317E8	0.4979253112033195
3.072943745E8	0.0
3.07295576E8	0.0
3.07296769E8	1.6714406065711878
3.072979505E8	0.1360544217687075
3.072991265E8	0.0
3.073002965E8	0.05154639175257732
3.0730146E8	0.1461736887360275
3.0730262E8	28.636992221261885
3.073037765E8	0.08650519031141868
3.073049325E8	0.2041522491349481
3.073060875E8	0.4480069324090121
3.07307234E8	0.08340649692712906
3.073083675E8	0.0
3.0730949E8	0.2936436884512086
3.07310606E8	18.56053811659193
3.073117205E8	0.0
3.07312834E8	8.557951482479785
3.07313946E8	0.0
3.07315057E8	0.19711971197119713
3.073161665E8	2.3646209386281587
3.07317273E8	0.21176470588235294
3.073183765E8	4.336660617059891
3.073194775E8	6.451818181818182
3.073205775E8	5.071818181818182
3.07321677E8	0.15013648771610555
3.073227755E8	0.07285974499089254
3.073238735E8	59.33697632058288
3.07324967E8	16.48393021120294
3.07326045E8	0.06279287722586692
3.07327112E8	4.386129334582943
3.07328175E8	0.0
3.07329233E8	2.834437086092715
3.073302885E8	5.38045540796964
3.0733134E8	104.4461391801716
3.07332388E8	1.7354345749761222
3.073334315E8	0.20961538461538462
3.073344645E8	1.105263157894737
3.073354855E8	3.687007874015748
3.073365005E8	1.5118343195266273
3.07337512E8	0.0
3.07338521E8	0.03964321110009911
3.07339524E8	7.427281845536609
3.073405195E8	0.0
3.073415095E8	0.8681541582150102
3.073424955E8	0.0
3.07343481E8	0.0
3.07344466E8	0.0
3.07345449E8	3.0642201834862384
3.0734643E8	0.0
3.073474095E8	0.0
3.073483845E8	0.05864197530864197
3.073493565E8	0.0
3.07350326E8	0.7828335056876939
3.073512895E8	0.035416666666666666
3.07352248E8	0.03239289446185998
3.07353193E8	33.11897106109325
3.07354126E8	0.3354769560557342
3.073550565E8	0.04956896551724138
3.073559835E8	0.03455723542116631
3.073569075E8	0.21475054229934923
3.073578275E8	0.06753812636165578
3.073587445E8	0.0
3.07359658E8	0.06695938529088913
3.07360568E8	5.675467546754676
3.07361477E8	0.0737073707370737
3.073623815E8	0.0
3.0736328E8	0.0
3.073641745E8	0.0
3.073650655E8	0.3235955056179775
3.07365955E8	0.46231721034870643
3.073668425E8	0.0
3.07367728E8	0.0
3.07368608E8	0.0
3.073694805E8	0.09885057471264368
3.0737035E8	19.88607594936709
3.073712185E8	0.18317972350230416
3.07372084E8	10.953650057937427
3.073729445E8	0.0
3.07373801E8	14.44795321637427
3.07374652E8	0.0
3.07375497E8	19.198102016607354
3.07376337E8	3.718040621266428
3.07377173E8	6.0
3.073780065E8	6.498798076923077
3.07378836E8	0.06771463119709795
3.073796625E8	0.04600484261501211
3.07380485E8	19.01098901098901
3.073812975E8	0.7866004962779156
3.073821025E8	1.2835820895522387
3.073829055E8	0.04987531172069826
3.07383704E8	0.0
3.073844975E8	3.492424242424242
3.073852875E8	0.14213197969543148
3.07386072E8	2.5172855313700384
3.07386853E8	0.26888604353393086
3.073876335E8	0.2512820512820513
3.07388411E8	4.88
3.073891845E8	0.15803108808290156
3.073899525E8	3.387434554973822
3.073907155E8	0.4868766404199475
3.073914765E8	0.13289473684210526
3.073922355E8	0.10817941952506596
3.07392992E8	0.0
3.073937465E8	0.09283819628647215
3.073944975E8	0.21390374331550802
3.073952445E8	0.1193029490616622
3.073959905E8	0.0
3.073967355E8	0.0
3.073974755E8	0.0
3.073982085E8	1.989041095890411
3.07398938E8	0.0
3.07399665E8	0.08275862068965517
3.074003845E8	0.0
3.074010975E8	0.0
3.07401809E8	0.06188466947960619
3.074025195E8	0.5056338028169014
3.074032295E8	0.0
3.074039365E8	0.0
3.0740464E8	0.0
3.0740534E8	0.06312769010043041
3.074060365E8	0.05172413793103448
3.07406728E8	2.6098981077147014
3.07407414E8	0.0
3.07408095E8	0.0
3.07408771E8	0.0
3.074094455E8	0.05637982195845697
3.07410119E8	0.11589895988112928
3.07410791E8	0.0
3.074114535E8	0.0
3.074121015E8	0.0
3.07412743E8	7.68798751950078
3.07413383E8	0.22848200312989045
3.07414021E8	0.0
3.07414658E8	0.7990580847723705
3.07415294E8	0.0
3.074159275E8	0.0
3.074165575E8	0.06050955414012739
3.07417184E8	0.0752
3.074178075E8	0.0
3.074184285E8	0.0
3.07419046E8	0.0
3.074196585E8	0.08524590163934426
3.07420267E8	2.131795716639209
3.07420871E8	0.0
3.07421472E8	0.0
3.074220725E8	0.24833333333333332
3.07422671E8	0.0
3.074232665E8	2.2154882154882154
3.074238595E8	0.31925675675675674
3.074244515E8	0.052364864864864864
3.07425042E8	8.63327674023769
3.074256305E8	0.08673469387755102
3.074262165E8	0.14383561643835616
3.074268005E8	0.4486301369863014
3.074273815E8	0.0657439446366782
3.074279595E8	47.089965397923876
3.07428537E8	0.0
3.07429113E8	0.25043478260869567
3.074296855E8	0.0
3.07430254E8	0.8677248677248677
3.07430819E8	0.31438721136767317
3.074313815E8	0.0
3.074319415E8	0.0
3.07432497E8	1.166365280289331
3.074330485E8	0.0
3.074335975E8	0.2664233576642336
3.074341455E8	35.98357664233577
3.07434693E8	0.0
3.0743524E8	0.0
3.074357865E8	0.0
3.074363325E8	0.11538461538461539
3.07436878E8	0.163302752293578
3.07437422E8	0.0
3.07437964E8	0.0
3.07438504E8	1.948051948051948
3.074390425E8	82.07434944237919
3.07439579E8	0.21495327102803738
3.074401125E8	0.0
3.07440644E8	0.0
3.07441174E8	0.941398865784499
3.074417025E8	0.14204545454545456
3.07442227E8	0.4779270633397313
3.07442747E8	0.06165703275529865
3.07443264E8	148.68155339805824
3.074437785E8	0.19066147859922178
3.0744429E8	0.15913555992141454
3.07444798E8	1.571992110453649
3.074453045E8	0.0
3.0744581E8	0.35247524752475246
3.074463125E8	0.0
3.07446812E8	27.86372745490982
3.074473085E8	0.07894736842105263
3.074478015E8	0.0
3.074482925E8	0.0
3.074487815E8	0.0
3.07449269E8	1.8624229979466118
3.074497555E8	0.06995884773662552
3.07450239E8	0.0
3.0745072E8	0.14345114345114346
3.07451198E8	0.0
3.074516695E8	0.0811965811965812
3.074521375E8	0.0
3.074526035E8	0.0
3.07453067E8	0.43412526997840173
3.07453528E8	0.17647058823529413
3.07453982E8	0.0
3.074544305E8	0.0
3.074548775E8	0.0
3.07455321E8	0.13151927437641722
3.074557615E8	0.0
3.07456201E8	0.0
3.07456637E8	0.0
3.0745707E8	0.11778290993071594
3.07457503E8	0.0
3.07457932E8	0.0
3.07458353E8	0.750599520383693
3.0745877E8	0.0
3.07459185E8	0.0
3.074595975E8	0.7014563106796117
3.07460009E8	0.0
3.07460419E8	0.0
3.074608275E8	0.4730392156862745
3.07461234E8	0.22962962962962963
3.07461637E8	0.0
3.07462037E8	0.0
3.07462436E8	0.0
3.074628295E8	0.2551546391752577
3.074632175E8	0.15979381443298968
3.07463604E8	1.7038961038961038
3.074639885E8	0.1171875
3.074643725E8	0.0
3.07464756E8	0.5483028720626631
3.074651385E8	4.479057591623037
3.0746552E8	0.0
3.074659E8	0.0
3.074662785E8	0.0
3.07466655E8	16.6
3.07467028E8	0.4393530997304582
3.07467397E8	0.0
3.07467764E8	0.6839237057220708
3.074681295E8	0.0
3.074684925E8	0.0
3.074688535E8	2.0694444444444446
3.074692125E8	1.4357541899441342
3.07469565E8	82.28818443804035
3.0746991E8	0.35276967930029157
3.07470252E8	0.0
3.074705915E8	0.10650887573964497
3.07470929E8	0.0
3.07471266E8	0.0
3.07471601E8	0.0
3.07471933E8	7.157099697885196
3.074722625E8	0.12804878048780488
3.0747259E8	0.10091743119266056
3.07472917E8	0.1620795107033639
3.074732435E8	0.30368098159509205
3.07473569E8	0.0
3.07473894E8	0.14461538461538462
3.07474218E8	0.14241486068111456
3.07474541E8	0.0
3.07474863E8	0.0
3.074751825E8	0.0
3.074754995E8	0.0
3.074758155E8	0.0
3.0747613E8	0.7635782747603834
3.074764425E8	0.0
3.074767535E8	0.0
3.07477063E8	0.511326860841424
3.07477372E8	0.0
3.074776785E8	1.0164473684210527
3.074779805E8	0.0
3.0747828E8	0.0
3.074785785E8	0.37583892617449666
3.07478873E8	0.0
3.074791635E8	18.73103448275862
3.074794525E8	0.0
3.07479739E8	0.0
3.07480024E8	0.0
3.074803065E8	0.0
3.074805865E8	0.0
3.07480866E8	0.0
3.07481141E8	0.0
3.07481412E8	0.0
3.074816825E8	2.062962962962963
3.0748195E8	0.0
3.07482213E8	0.0
3.074824735E8	0.0
3.074827325E8	0.0
3.074829885E8	0.0
3.074832415E8	0.8015873015873016
3.074834925E8	0.0
3.07483741E8	0.0
3.07483986E8	0.0
3.07484227E8	0.0
3.07484466E8	0.0
3.07484705E8	0.0
3.07484943E8	0.5485232067510548
3.074851795E8	0.5127118644067796
3.074854115E8	0.0
3.07485639E8	0.0
3.074858655E8	0.4336283185840708
3.074860915E8	0.0
3.074863175E8	0.0
3.07486542E8	0.18834080717488788
3.07486762E8	0.0
3.074869785E8	0.18518518518518517
3.074871945E8	0.0
3.07487409E8	0.0
3.07487621E8	0.21800947867298578
3.0748783E8	0.0
3.074880335E8	0.0
3.07488232E8	0.2182741116751269
3.07488428E8	0.0
3.074886225E8	0.20618556701030927
3.0748881E8	0.0
3.07488991E8	0.0
3.07489172E8	0.0
3.07489351E8	0.0
3.074895275E8	1.2613636363636365
3.07489703E8	0.24
3.07489878E8	0.0
3.07490053E8	0.0
3.074902265E8	0.3372093023255814
3.07490395E8	0.0
3.074905575E8	0.0
3.074907135E8	0.0
3.07490864E8	0.0
3.07491012E8	2.3877551020408165
3.074911565E8	0.28169014084507044
3.07491297E8	0.0
3.074914355E8	0.0
3.074915695E8	0.0
3.074916995E8	0.0
3.074918285E8	0.3359375
3.074919565E8	1.375
3.07492084E8	0.0
3.07492211E8	0.0
3.07492338E8	0.0
3.074924645E8	0.0
3.074925885E8	0.0
3.074927095E8	0.0
3.074928275E8	0.0
3.074929365E8	0.0
3.074930385E8	0.0
3.074931395E8	0.0
3.07493239E8	0.45454545454545453
3.07493338E8	0.0
3.07493436E8	0.0
3.07493525E8	0.0
3.074936035E8	0.0
3.07493678E8	0.0
3.074937455E8	0.0
3.07493806E8	0.0
