#Position (bp)	insert size
384368.0	933.7650914600672
1153103.0	898.862548679738
1921838.0	548.3597629883021
2690573.0	397.100859460762
3459308.0	437.39586964385546
4228043.0	409.6916759065336
4996778.0	407.62892470421
5765513.0	369.63419458640925
6534248.0	429.3288807368715
7302983.0	338.4825954322434
8071718.0	359.3812302978896
8840453.0	347.1444528074665
9609188.0	371.4062589471326
1.0377923E7	336.36783826724167
1.0801324E7	341.76243504083146
1.11856915E7	534.0599151202463
1.1915393E7	418.1979370331378
1.2684128E7	480.9955342359475
1.3452863E7	449.5113080572206
1.4221598E7	407.49962494476927
1.4990333E7	508.8099114578932
1.5759068E7	413.4498687664042
1.6527803E7	354.1142044507032
1.7296538E7	380.3806181269011
1.8065273E7	509.8192912774314
1.8834008E7	401.9043510455065
1.9602743E7	382.24207245927306
2.018777E7	336.17412681182554
2.05721375E7	1820.164136520241
2.1140213E7	952.9274765721481
2.1908948E7	1528.0199900405491
2.2677683E7	526.5117138212861
2.3446418E7	370.57493434164695
2.4215153E7	391.25642033671755
2.4983888E7	342.6745775225595
2.5752623E7	412.89895355334676
2.6521358E7	341.4863325843102
2.7290093E7	375.114456169391
2.8058828E7	339.82958335688846
2.86485735E7	338.44572176603594
2.9032941E7	470.0678007889546
2.9596298E7	466.795302512264
3.0365033E7	384.7947188806416
3.1133768E7	464.4031570859817
3.1902503E7	347.4342424689174
3.2671238E7	350.4480892866327
3.3439973E7	361.59386121834103
3.4208708E7	343.6995119977749
3.4977443E7	357.0016854660962
3.5659712E7	338.0579361479758
3.60440795E7	337.62848454130767
3.6514913E7	652.7027295795899
3.7283648E7	461.65344413555334
3.8052383E7	419.05438496839867
3.8821118E7	514.220655432471
3.9589853E7	398.1875614926209
4.0358588E7	341.93744767838024
4.1127323E7	343.78228531516055
4.1896058E7	341.766327668895
4.2664793E7	346.4830675830667
4.3049519E7	125.74425287356321
4.34338865E7	736.1579197481362
4.4202263E7	1725.3545287346822
4.4970998E7	935.3295838865646
4.5739733E7	1084.816987916825
4.6508468E7	2434.2872811555812
4.7277203E7	662.4363555536738
4.8045938E7	426.6008310398791
4.8668911E7	339.73867310012065
4.90532785E7	340.66800668267723
4.9583408E7	341.8021700624715
5.0352143E7	341.5679126763464
5.1120878E7	350.47131505560594
5.1889613E7	344.6669735018514
5.2658348E7	345.15885353412676
5.3427083E7	340.2061350114024
5.38687855E7	342.92246696035244
5.4253153E7	1783.5044393167966
5.4964553E7	3635.9441434890628
5.5733288E7	1423.5883747307785
5.6502023E7	894.2426532160343
5.7270758E7	517.1009624630262
5.8039493E7	342.36525529481094
5.85039505E7	338.03668573722774
5.8888318E7	962.470177354911
5.9576963E7	783.6853709042186
6.0345698E7	876.8083143384348
6.1114433E7	526.139282614984
6.1883168E7	367.580391847365
6.2651903E7	384.58915949459805
6.3087631E7	326.2131170662905
6.34719985E7	704.3399177732622
6.4189373E7	544.5490011011483
6.4958108E7	487.02116139780253
6.5726843E7	393.562687680508
6.6495578E7	357.6813378629479
6.7140034E7	339.24945467548724
6.75244015E7	353.5246533381641
6.8033048E7	446.4163402557091
6.8801783E7	355.70747552501746
6.9570518E7	353.6446591672503
7.0339253E7	351.6409748456648
7.11040115E7	333.8172893688283
7.1488379E7	349.0067204301075
7.1876723E7	401.6894297220703
7.2645458E7	363.8790170309024
7.3414193E7	355.84058261294535
7.4182928E7	342.91951746327646
7.4951663E7	346.86094357928005
7.5358208E7	346.60327044025155
7.57425755E7	1022.2833088225374
7.6489133E7	656.3975967368538
7.7257868E7	504.5766146383445
7.8026603E7	463.20658918428717
7.8795338E7	371.8140470159534
7.92080895E7	347.8988120492151
7.9592457E7	1026.4271036516218
8.0332808E7	1564.6107477089472
8.1101543E7	439.55523890450354
8.1870278E7	441.2918148110524
8.26063115E7	354.2053903345725
8.2990679E7	1305.747108947048
8.3407748E7	433.2401501738518
8.4176483E7	712.758695934537
8.4945218E7	479.1835861704004
8.5713953E7	346.56966521311017
8.6362088E7	329.2947351209941
8.67464555E7	718.4655456983701
8.7251423E7	340.9820309312762
8.8020158E7	592.7922701542066
8.8788893E7	386.90992818876094
8.9557628E7	504.2491960619403
9.0098611E7	323.6349639742131
9.04829785E7	980.3507203944833
9.1095098E7	538.8207091355088
9.1863833E7	517.1884921879902
9.2632568E7	460.12018906890194
9.3401303E7	359.78158689384725
9.38242175E7	343.4183405069345
9.4208585E7	730.0498654943901
9.4938773E7	655.523904589959
9.5707508E7	659.1867126867127
9.6476243E7	393.501830859725
9.71220675E7	349.9159451816402
9.7506435E7	904.1587021989886
9.8013713E7	664.6493530187779
9.8782448E7	551.4280615295418
9.9551183E7	381.76347432451547
1.00269334E8	361.5922755325503
1.006537015E8	1042.3546195652175
1.01088653E8	576.5279781256055
1.01857388E8	475.94084000653703
1.02626123E8	331.0607512534368
1.033545365E8	337.5907737242999
1.03738904E8	1298.4037234042553
1.04163593E8	467.7281621916402
1.04932328E8	977.2224997769649
1.05701063E8	369.17933582008476
1.06347158E8	354.28582206488306
1.067315255E8	990.4885967151732
1.07238533E8	532.9205595803147
1.08007268E8	399.6630109876518
1.08776003E8	337.06868382694495
1.09309377E8	355.8172247548457
1.096937445E8	370.9681372970926
1.10313473E8	348.6614866149718
1.11082208E8	344.3074129649196
1.11850943E8	345.83106821613814
1.12235708E8	46.23529411764706
1.126200755E8	490.64058049118483
1.13388413E8	376.928709698952
1.14157148E8	401.22888522497607
1.147696095E8	330.85462221260013
1.15153977E8	407.920986883198
1.15694618E8	337.3267899061033
1.16463353E8	439.4416668875752
1.17232088E8	341.4203338069688
1.17668795E8	339.8342861877538
1.180531625E8	374.3345811935167
1.18769558E8	349.67380711669455
1.19538293E8	343.7616274838052
1.2014897E8	343.6153279585946
1.205333375E8	969.4118630205185
1.21075763E8	493.14458508596795
1.21844498E8	346.32196781973767
1.225916085E8	340.7044192760382
1.22975976E8	345.9972036997204
1.23381968E8	384.4943471567401
1.24150703E8	347.80626539506096
1.24919438E8	379.5285735058892
1.253769895E8	324.22853628536285
1.25761357E8	469.77235724398304
1.26456908E8	367.3735327700388
1.27225643E8	344.0158814083735
1.277254535E8	348.930000905551
1.28109821E8	526.7018742678641
1.28763113E8	460.1741056910569
1.29531848E8	343.14248940566665
1.300272615E8	337.34291550041604
1.30411629E8	423.6210835278308
1.31069318E8	450.6476785793171
1.31838053E8	344.35549014798465
1.322676755E8	338.42375748113454
1.32652043E8	373.52991268146303
1.33375523E8	359.61038881299214
1.34030498E8	331.8157382847038
1.344148655E8	311.03789551140545
1.34912993E8	430.75863702849136
1.35681728E8	400.41266507902145
1.361569665E8	326.9765417170496
1.36541334E8	455.2278925697881
1.37219198E8	334.759823971007
1.37895604E8	329.92135322571244
1.382799715E8	391.95201599466844
1.38756668E8	506.7520206161415
1.39525403E8	349.5100400299411
1.400102465E8	326.258971762853
1.40394614E8	401.5735033812917
1.41062873E8	335.71671285894683
1.417121025E8	345.9269729971654
1.4209647E8	440.9571075061864
1.42600343E8	349.7183154707359
1.43369078E8	353.6367778681855
1.437831155E8	350.3712527611234
1.44167483E8	484.5826984676651
1.44906548E8	356.58210557127524
1.45465214E8	288.0862958315907
1.458495815E8	404.99438285291944
1.46444018E8	394.3836928541496
1.47106683E8	325.51052048726467
1.474910505E8	334.6908798857755
1.47981488E8	343.3198127434963
1.48737048E8	343.59087837837836
1.491214155E8	1348.490909090909
1.49518958E8	410.93940640913536
1.50287693E8	371.3454022052034
1.50728883E8	334.1209453511207
1.511132505E8	387.8471748632629
1.51825163E8	340.06165399872816
1.52332369E8	350.6215658883789
1.527167365E8	345.71096686026647
1.53362633E8	341.67184877094314
1.5389724E8	342.27148659031866
1.542816075E8	422.8430725730443
1.54900103E8	379.7680907659736
1.55461321E8	291.3096428136048
1.558456885E8	350.02002414972833
1.56437573E8	358.9657203706641
1.57018682E8	337.6291790906932
1.574030495E8	379.41513837945985
1.57975043E8	388.8122540015744
1.585640605E8	342.1072331017056
1.58948428E8	393.96559155233103
1.59512513E8	371.3348397119051
1.6009777E8	339.9266988444053
1.604821375E8	303.84261013737563
1.61049983E8	317.1183330857228
1.616289075E8	337.4339796181156
1.62013275E8	340.09462626428746
1.62587453E8	416.39077644276455
1.631586895E8	329.3765492592379
1.63543057E8	336.65559419948124
1.64124923E8	338.6387385036853
1.64685819E8	341.41394978078915
1.650701865E8	346.9414848832759
1.65662393E8	335.42733702599065
1.66204869E8	345.7917729956199
1.665892365E8	375.250869298425
1.67199863E8	336.2984068749626
1.67707403E8	299.67601043024774
1.680917705E8	352.76144336785836
1.68737333E8	382.40167059182323
1.69197014E8	332.29038791088954
1.695813815E8	359.2750678949891
1.70274803E8	322.9632179796715
1.706842435E8	317.2216404886562
1.71068611E8	338.7023561366938
1.717757825E8	335.181501579331
1.7216015E8	337.26828298887125
1.72581008E8	374.9723253501806
1.732448375E8	354.0376126674787
1.73629205E8	694.4344835694551
1.74118478E8	385.8073124362422
1.7470787E8	340.2371544037462
1.750922375E8	333.63700564971754
1.75655948E8	394.7610349764778
1.761671155E8	361.6363784135241
1.76551483E8	498.3637203480749
1.77193418E8	329.59594932345084
1.775981795E8	327.03212807667177
1.77982547E8	351.0868123467331
1.786433205E8	342.9388774441542
1.79027688E8	341.3945666235446
1.79499623E8	373.19959848442005
1.80059845E8	343.3350057295054
1.804442125E8	366.79779138498566
1.81037093E8	339.0827689037641
1.814629515E8	345.1413944417357
1.81847319E8	445.38403533340517
1.824697645E8	331.4200980392157
1.82854132E8	338.9076116111343
1.83343298E8	506.49137308231695
1.83845386E8	332.63650570401626
1.842297535E8	445.3190456517249
1.848263935E8	365.2958517723839
1.85210761E8	324.51461470327723
1.85649503E8	343.9854067858446
1.861815255E8	339.002082675923
1.86565893E8	377.38141884924727
1.871516995E8	337.16554736716984
1.87536067E8	624.7129850422718
1.87955708E8	458.9325969030476
1.88487033E8	325.84859132019
1.888714005E8	331.2679900744417
1.89437117E8	367.9683261802575
1.898214845E8	341.9194457274827
1.90261913E8	344.53996434268555
1.907655555E8	342.6121324925929
1.91149923E8	406.79699104932394
1.917006725E8	347.0153702131365
1.9208504E8	336.9812
1.92568118E8	340.72527700831023
1.93014003E8	339.65030721966207
1.933983705E8	332.3417913013581
1.939421735E8	337.727576070549
1.94326541E8	330.84263426342636
1.948700135E8	315.4740711937502
1.95254381E8	362.9176029962547
1.95643058E8	336.73420548147215
1.96173218E8	331.47778966463557
1.965575855E8	326.0592290299454
1.970859405E8	319.3770936429387
1.97470308E8	306.4423853211009
1.97949263E8	316.39898935980926
1.98379719E8	331.0422644435828
1.987640865E8	355.5453356801609
1.99284827E8	315.41846467265486
1.996691945E8	522.8714956811638
2.001689555E8	363.03622493962513
2.00553323E8	1274.2727842154713
2.01024203E8	396.5066241523331
2.0143258E8	322.81859989780276
2.018169475E8	360.3250341250341
2.023091665E8	337.6583675119866
2.02693534E8	449.76845848148923
2.03168465E8	336.6972490073738
2.035528325E8	454.1198733524777
2.04022535E8	326.80918871028985
2.044069025E8	312.3948301021472
2.048603755E8	333.5372605826493
2.05244743E8	371.4255319148936
2.05636613E8	375.83822775540096
2.060816995E8	317.9051284614616
2.06466067E8	338.35242520506375
2.069158215E8	335.98417721518985
2.07300189E8	402.80460917298007
2.07743072E8	355.8402066569129
2.081274395E8	430.10070543547073
2.08563085E8	333.95944264742474
2.089474525E8	462.10384690110743
2.09377998E8	330.2164149043303
2.097623655E8	357.1568797776234
2.101865875E8	324.697875
2.10570955E8	319.71345229924503
2.10991954E8	362.06569131299733
2.113763215E8	320.5011320754717
2.117807295E8	328.07526059099166
2.12165097E8	848.2846534653465
2.12555228E8	330.9157431718212
2.12951007E8	304.17593984962406
2.133353745E8	346.94236118092556
2.137362725E8	315.64069264069263
2.1412064E8	319.8086403736378
2.145168735E8	310.2056179775281
2.14901241E8	345.9616295965128
2.15295174E8	338.18041934392966
2.156795415E8	348.6072010266028
2.160708055E8	329.5174618320611
2.16455173E8	382.3811549275467
2.16845987E8	316.49207786328657
2.172303545E8	335.7268598745145
2.176193275E8	335.1153085443038
2.18003695E8	347.45041564219645
2.183870575E8	345.93891102257635
2.18771425E8	331.1674102812803
2.191437085E8	326.54443084455323
2.19528076E8	348.7112595685456
2.19895419E8	327.94090719933416
2.202797865E8	356.229630880036
2.20645687E8	335.8663468128855
2.21025053E8	339.52214801690064
2.21390679E8	334.99411764705883
2.217493495E8	331.8500644078967
2.22133717E8	323.7230176211454
2.22491112E8	342.5481867773699
2.228754795E8	334.95459822004386
2.232300165E8	337.5448654037886
2.23614384E8	483.30782396088017
2.239617555E8	424.5299756891886
2.24346123E8	331.0042144026187
2.2468963E8	336.9863592807621
2.250739975E8	521.7708880714661
2.254154375E8	396.19120696806306
2.25799805E8	411.2951909380723
2.261404185E8	326.6378504672897
2.26524786E8	337.93823073183154
2.2685767E8	335.0690106438667
2.272420375E8	345.54401668879194
2.275674865E8	330.4724409448819
2.27901798E8	336.4784534650409
2.282642395E8	407.0285012285012
2.28575658E8	348.2467453733248
2.289600255E8	415.55824882512985
2.29270193E8	379.6724536736232
2.296545605E8	325.02743340593065
2.299644725E8	367.23701314104085
2.3034884E8	336.9428523263655
2.30655893E8	305.3533562166285
2.309973965E8	405.37992769241464
2.313463715E8	250.47746031746033
2.31650276E8	302.0420100322465
2.320346435E8	316.0416812609457
2.32330417E8	323.9274777993263
2.327147845E8	317.4861354214648
2.33008396E8	314.6667729591837
2.333832675E8	338.8485362269696
2.336859445E8	272.66442953020135
2.33975938E8	335.09816352201256
2.343603055E8	343.3825256975037
2.346438945E8	339.0559287477197
2.35028262E8	354.27757352941177
2.353116695E8	321.13281345193127
2.35668032E8	363.79143277813563
2.359736405E8	316.0916880891174
2.36248209E8	336.04421656916236
2.366325765E8	330.82284730195175
2.36905892E8	355.516405648267
2.372902595E8	339.0026500979868
2.375596255E8	339.9984693877551
2.378457775E8	336.6232423115304
2.38209635E8	366.5040491118077
2.384723095E8	329.7717839518691
2.38856677E8	332.41934343434343
2.391161115E8	323.2830852503383
2.394117615E8	331.99181198396656
2.39756603E8	337.0373103969315
2.40012063E8	334.70986375587603
2.403964305E8	314.75619681834996
2.40651522E8	306.99577549788773
2.40935513E8	335.90749014454667
2.41282414E8	305.49565519638514
2.415260005E8	323.40860215053766
2.41910368E8	366.759632592337
2.42153892E8	281.8
2.423992835E8	386.9240192704749
2.427812845E8	352.81469688456014
2.430194555E8	330.6527994245294
2.43354977E8	344.26160583941606
2.436401495E8	322.91251113089936
2.43875304E8	375.19042611060746
2.442596715E8	332.8620827184621
2.44494215E8	327.0919484310387
2.447631205E8	338.8263850380602
2.451110035E8	341.79108681245856
2.45340206E8	299.3282543888705
2.45672164E8	356.51544231456126
2.45942791E8	290.6258601955813
2.46158155E8	326.94320165000795
2.46536439E8	339.8056002817752
2.46757852E8	328.7511961722488
2.469695205E8	320.3799491706795
2.47353888E8	323.08461488122504
2.47564574E8	321.4240914419695
2.47805319E8	345.7982318885933
2.48157783E8	332.4872938029425
2.48365893E8	325.5601034037053
2.486381075E8	343.6905943033608
2.489579875E8	323.48235908141965
2.49165224E8	316.68981269986296
2.49467076E8	373.5065124149058
2.4975636E8	341.16498571188436
2.499626485E8	336.91944554905416
2.502879155E8	334.5135187706672
2.5054851E8	321.09792284866467
2.507484705E8	381.0471189591078
2.510885645E8	338.7029986265832
2.51332072E8	309.4742489270386
2.51527848E8	322.04258204502304
2.51873065E8	339.3534688316112
2.5210593E8	333.5130419457173
2.5229909E8	341.4796887858158
2.52643082E8	323.176055666762
2.5287344E8	340.4494518879415
2.53058026E8	331.1129156372767
2.5338655E8	365.0378021360315
2.53626707E8	304.60875106202207
2.53810996E8	284.659684593611
2.541215335E8	332.96842531372283
2.543774555E8	305.17306441119064
2.545591305E8	311.32153908247005
2.54848343E8	335.16212594908444
2.551248655E8	452.03892085885775
2.553049575E8	340.53434087262565
2.555674465E8	326.0129349470499
2.55866877E8	337.7923506515485
2.560427725E8	314.1656232214001
2.562705875E8	342.79691743119264
2.56600938E8	331.7794910881801
2.56774153E8	329.0337139749864
2.569624935E8	396.5439845541209
2.57304699E8	352.19421886048553
2.57500726E8	338.2346707040121
2.576711905E8	320.7965528180184
2.57986484E8	330.3205654354765
2.582258865E8	336.26569627389676
2.583930965E8	340.1293212627234
2.586566015E8	340.42803752574173
2.58942833E8	347.8308672035962
2.5910475E8	326.9681318681319
2.593058495E8	337.6799444630631
2.59625725E8	363.8576291312092
2.59808993E8	524.1935110081113
2.59968316E8	328.5934335685793
2.60263454E8	323.61772983114446
2.60511936E8	343.4619076184763
2.60669987E8	337.4441503440974
2.60895678E8	329.2843857890634
2.61207803E8	320.84056244041943
2.613664795E8	344.6060606060606
2.61520696E8	327.67193798449614
2.61824593E8	336.37683556559625
2.62058165E8	321.7452667814114
2.622109925E8	324.4204978038067
2.624361765E8	340.403124335167
2.627407855E8	333.5447446369267
2.62899969E8	325.9783728115345
2.63050826E8	320.9935014869479
2.633441895E8	354.93202635384864
2.635851015E8	334.24190193164935
2.63733667E8	341.1656600517688
2.639380475E8	355.54477932337284
2.64231582E8	324.9814897413024
2.64411569E8	371.88459016393443
2.645558915E8	339.0865017433173
2.648102425E8	321.78828949483045
2.65083559E8	312.5839057899902
2.65224529E8	341.35369127516776
2.653750005E8	317.21858489588726
2.65651351E8	333.14730021598274
2.65885247E8	334.29295515052223
2.66021552E8	341.1386061080658
2.66196816E8	324.7146302691443
2.664682985E8	343.23137981214444
2.66677402E8	330.31105841776247
2.668104465E8	327.7402992645194
2.670024795E8	323.4348515748924
2.672676815E8	334.36255854800936
2.67460016E8	433.4925373134328
2.67590504E8	304.69625112917794
2.67790844E8	322.9011967308815
2.680494615E8	313.58020873598764
2.68233489E8	341.0458015267176
2.683623315E8	331.30365584620233
2.685626535E8	342.8689074479737
2.688141505E8	333.9389448725548
2.68998196E8	331.2680534415694
2.691212125E8	325.7674779906784
2.69305491E8	313.59322033898303
2.69544969E8	336.51615761249707
2.69745058E8	361.0733446216915
2.698635095E8	324.12446835126343
2.700194335E8	327.1073316638842
2.7025476E8	359.97285812200136
2.704832035E8	341.2747422680412
2.706000615E8	356.2290909090909
2.707192135E8	306.8908958219303
2.70946674E8	334.62256915913446
2.711728175E8	348.12014787430684
2.713243835E8	335.3776435045317
2.714361945E8	305.0960448986075
2.71620605E8	338.73260073260076
2.718435565E8	332.99692307692305
2.720435135E8	328.22941720629046
2.721547675E8	288.60004392708106
2.722872195E8	325.4621198804711
2.725064275E8	306.99732905982904
2.727249785E8	348.7997773536896
2.72867561E8	289.82533792737877
2.729767215E8	335.95022071945147
2.731596875E8	314.9878522017884
2.733731465E8	328.87835022913487
2.73574548E8	323.97866829193964
2.736806165E8	305.907915993538
2.737972355E8	328.4146646423149
2.74008185E8	314.2633362805777
2.7421821E8	331.69507714915505
2.74380672E8	404.48237715461795
2.744841805E8	352.2052377921251
2.746317545E8	322.89713322091063
2.74835029E8	328.13927398759574
2.750368585E8	333.34848562496796
2.751721665E8	310.1239151398264
2.752717585E8	361.17112438327706
2.754346305E8	334.47716777834785
2.75629477E8	335.4155325897882
2.75822252E8	337.73396810829416
2.75947145E8	489.78084714548805
2.760430425E8	291.84321785085143
2.762057895E8	322.2739760448949
2.763968555E8	340.03811720552017
2.76587426E8	332.5510113027959
2.767135505E8	285.97920604914935
2.76808458E8	307.57221389305346
2.76967139E8	334.4903210435404
2.77156076E8	333.5993507602939
2.773432765E8	320.9777354621356
2.774748495E8	511.6405898525369
2.775673295E8	294.6708979783733
2.77713495E8	330.59138187221396
2.77897569E8	330.2243012790147
2.780813245E8	350.1649715215622
2.78227624E8	307.1735537190083
2.78318713E8	306.3341946597761
2.78445831E8	347.1474973705376
2.78624475E8	305.04600241060666
2.78799759E8	335.27383177570096
2.7896884E8	335.24580524881685
2.79055951E8	328.20108695652175
2.791480645E8	337.42946116825516
2.793219045E8	309.8653172440638
2.794951505E8	351.83219680621494
2.796670295E8	339.92928832116786
2.797860375E8	344.04538300104934
2.798713395E8	327.7322141186184
2.80007599E8	328.24577319587627
2.801762495E8	324.2815804652951
2.8034403E8	328.5071872988629
2.80507948E8	316.67621334247985
2.805915035E8	318.0777777777778
2.80677891E8	322.99333131251893
2.80844071E8	316.5444170002555
2.810100155E8	310.38142145959114
2.81175222E8	334.8406136799489
2.813072575E8	321.33615605625283
2.81389511E8	330.2093327518535
2.81503931E8	313.59993114133243
2.816671245E8	365.687853996224
2.81829173E8	352.34713786121847
2.819906385E8	336.9558410276997
2.820985375E8	313.09321401938854
2.821788915E8	296.45379452762
2.823119855E8	330.3857271906052
2.82471554E8	326.3988067921065
2.8263049E8	331.660803127221
2.827887405E8	332.7874000294392
2.82881078E8	361.85502471169684
2.829592085E8	335.5485833199936
2.831008305E8	341.39192285659726
2.832545715E8	327.38269617706237
2.8340819E8	335.29985496736765
2.8356106E8	329.8899851331261
2.83650187E8	278.6694214876033
2.837259075E8	321.1520412056467
2.838639935E8	314.0305721958273
2.84014566E8	352.5948468081592
2.841642325E8	284.4084240416469
2.843131325E8	310.796548004315
2.844097475E8	326.0452488687783
2.844837785E8	316.3076923076923
2.84609444E8	329.8230607966457
2.847568575E8	301.51712558764274
2.84903889E8	329.052192513369
2.850507725E8	301.03452527743525
2.85162443E8	309.5658835546476
2.85235427E8	292.23339317773787
2.8534268E8	322.71274209989804
2.85486983E8	339.43533076238504
2.85630282E8	316.9360357010041
2.85773144E8	348.08090371167293
2.859069595E8	314.1722557297949
2.859767315E8	298.31496062992125
2.86052856E8	359.27454110135676
2.861903485E8	326.90873807939676
2.86326707E8	346.72599483906015
2.86461012E8	330.77827262605376
2.865942015E8	334.6208085840199
2.866994605E8	348.7970729404359
2.867650045E8	346.5783156631326
2.868562865E8	306.31309297912713
2.86985097E8	331.36466591166476
2.87113018E8	336.99725570910516
2.872400565E8	332.1798618917617
2.8736678E8	316.6104534973098
2.874684495E8	368.39042721518985
2.875308515E8	332.5232463295269
2.876171135E8	330.02315184416415
2.877417145E8	329.13114574187887
2.87865989E8	318.1665009940358
2.87989856E8	328.1275856624033
2.881135245E8	328.408215855692
2.88225463E8	264.530586037824
2.882869705E8	285.2210338680927
2.883595355E8	323.51829685362515
2.884818635E8	329.5016195688596
2.88604014E8	324.4378577269011
2.88725668E8	332.86871193322804
2.88845977E8	330.71721778791334
2.889652565E8	327.65629384007144
2.890345995E8	282.5
2.89094055E8	312.0474813208002
2.892031115E8	322.989676989677
2.893211245E8	312.80751950815795
2.8943711E8	326.77256763170385
2.89550763E8	333.52980961923845
2.896633655E8	323.8778600269179
2.897663725E8	322.426267281106
2.898226395E8	314.9573770491803
2.89887659E8	329.2680361341418
2.899984115E8	325.01251591005513
2.901089365E8	343.12856626941135
2.90218437E8	332.90667323319377
2.903262345E8	327.4015116811727
2.9043256E8	316.87112713675214
2.905335855E8	298.9255574614065
2.905862925E8	217.11904761904762
2.906432345E8	338.7658480868075
2.907479405E8	318.33168460867034
2.90851896E8	329.1327829377365
2.90955247E8	339.0836693548387
2.91058116E8	333.33064260842036
2.91160204E8	333.1880369074133
2.912615545E8	305.88060588060586
2.91331315E8	330.4723092998955
2.9138107E8	308.9734555984556
2.91461273E8	312.20684113865934
2.91559725E8	343.01908396946567
2.91657178E8	312.71769590036325
2.917545145E8	310.05529728407146
2.91851644E8	310.31624894395947
2.91948596E8	320.7037037037037
2.920451375E8	298.604427847426
2.9210626E8	326.6106312292359
2.921538905E8	332.7585344057194
2.922360205E8	316.56281978396817
2.923310645E8	319.8903047091413
2.924255295E8	315.22969683558307
2.925187585E8	328.88872329855934
2.92610929E8	326.88771054273235
2.92702327E8	322.24609375
2.92792108E8	321.2315727236894
2.928622145E8	305.99934210526317
2.929062585E8	332.0325875486381
2.92967363E8	329.8741743725231
2.930529085E8	315.2764456981664
2.931380435E8	342.1829901866461
2.9322235E8	322.1695342005875
2.93305647E8	364.4104234527687
2.93388439E8	311.77214684756586
2.93470965E8	327.8807099214431
2.935531875E8	347.1154998128042
2.936254925E8	346.7613393493232
2.936664795E8	345.77492877492875
2.9371692E8	322.8978288633461
2.937980535E8	342.19917914051183
2.938782955E8	340.81063829787234
2.93957456E8	332.6927853341218
2.940359865E8	268.3187878787879
2.94113718E8	321.71314589665656
2.94190606E8	336.8455284552846
2.94267212E8	259.6216216216216
2.9434356E8	346.93145283591144
2.94403587E8	313.5701504676698
2.944416325E8	332.9507097791798
2.944955125E8	306.3185941043084
2.9457076E8	352.39381153305203
2.9464554E8	318.3289079229122
2.947198625E8	318.24655737704916
2.947938495E8	359.4166666666667
2.94867693E8	320.34567665585035
2.94941437E8	338.6389342033714
2.950150255E8	335.98340248962654
2.9508846E8	313.3191945158526
2.951596985E8	331.1372549019608
2.951959055E8	314.13793103448273
2.9523318E8	301.3741496598639
2.953042615E8	355.1898734177215
2.95375117E8	313.73893521488134
2.95445692E8	320.2694013303769
2.95515887E8	314.07970505617976
2.955858525E8	331.15909090909093
2.956554665E8	331.55490151686666
2.957244435E8	345.40723981900453
2.957929165E8	311.4402789886661
2.958609135E8	380.9937106918239
2.959283655E8	314.4235361000569
2.95962472E8	171.8
2.959959795E8	344.5411235955056
2.960623185E8	308.93391075127096
2.961285905E8	331.44677483181636
2.961944545E8	324.96352055587727
2.96259386E8	297.52635599694423
2.963231915E8	320.1905731742799
2.963866495E8	332.5232621784346
2.964495135E8	311.1575028636884
2.96511883E8	334.65153970826583
2.96574108E8	355.9834682860999
2.966360135E8	325.81111111111113
2.966975155E8	323.56637168141594
2.967299425E8	1423.4807692307693
2.967605265E8	301.5247706422018
2.968197085E8	282.3001060445387
2.968803715E8	332.1355789473684
2.969406465E8	324.07963145771635
2.970003935E8	287.49501424501426
2.97059853E8	340.462807606264
2.971191925E8	348.898851831602
2.971783685E8	327.15205811138014
2.972373605E8	298.6396694214876
2.972962345E8	346.2105068442471
2.973550285E8	318.1185210780926
2.974136535E8	335.2238924050633
2.974716695E8	339.1857142857143
2.975006415E8	0.0
2.975297915E8	270.23972602739724
2.975874835E8	330.771456123433
2.97644944E8	341.8018648018648
2.977022745E8	333.7853476434904
2.977593955E8	324.6590349581487
2.97816386E8	310.12827112827114
2.97873337E8	353.7979381443299
2.97929694E8	324.4056657223796
2.979853355E8	314.57768131669377
2.98040566E8	273.8451834862385
2.980954345E8	362.60705289672546
2.98150189E8	307.69099756690997
2.982045775E8	300.0470588235294
2.98250394E8	314.2999280748022
2.98277297E8	327.79484978540773
2.98312184E8	363.51574803149606
2.983655255E8	291.23636363636365
2.98418571E8	302.7594834543987
2.98471025E8	331.1369311316955
2.985229515E8	326.94535761883606
2.98574718E8	325.46109510086455
2.98626245E8	340.24076365564787
2.986775555E8	292.82800608828006
2.987287515E8	318.29675251959685
2.9877965E8	320.14675110132157
2.98830158E8	330.68726823238563
2.98880377E8	352.6997232472325
2.9893041E8	334.8230584467574
2.989803155E8	331.6765946885083
2.9902156E8	329.5565610859729
2.99046443E8	308.26074498567334
2.990795815E8	332.8903721682848
2.991287095E8	315.4331056649257
2.991776335E8	334.64692787177205
2.99226409E8	321.3796856106409
2.992750675E8	363.62820512820514
2.99323612E8	275.1113956466069
2.993721015E8	353.10459940652817
2.99420364E8	304.96608040201005
2.994682855E8	342.79349112426036
2.995160355E8	326.8402288732394
2.99563736E8	320.11535580524344
2.99611366E8	272.04285157771716
2.99658856E8	326.3592296039818
2.99706222E8	318.8841922408801
2.99753043E8	318.51869158878503
2.997914265E8	317.3640081799591
2.998145535E8	289.7358490566038
2.998454455E8	317.10324729392175
2.998912785E8	307.30689655172415
2.999369015E8	344.46871378910777
2.99982407E8	334.25935162094765
3.000278035E8	292.4920273348519
3.00072936E8	337.3977900552486
3.001178095E8	333.8032501450958
3.001626E8	341.24566768603466
3.002072585E8	300.3432282003711
3.0025153E8	342.22799208704254
3.002951105E8	295.4989517819707
3.00338256E8	301.61494252873564
3.00381246E8	293.7965317919075
3.00424041E8	316.91449363250456
3.00466617E8	288.95539906103284
3.00509036E8	333.3494187321781
3.005513965E8	304.47734806629836
3.005739685E8	363.135593220339
3.0059498E8	342.23320895522386
3.006355E8	329.7685950413223
3.00677186E8	357.79275111198444
3.00718655E8	324.4710920770878
3.007599975E8	317.1535639412998
3.008009635E8	337.1048789857856
3.00841504E8	348.8198350602664
3.00881871E8	327.13219094247245
3.009221625E8	314.043219076006
3.00962411E8	296.2546468401487
3.01002529E8	334.30409356725147
3.010424755E8	339.2105788423154
3.010823325E8	342.17063492063494
3.011221535E8	334.6301859799714
3.01161883E8	332.29847908745245
3.012013185E8	327.57850467289717
3.01240271E8	341.556938559322
3.01278813E8	331.52896081771723
3.013171725E8	309.1246684350133
3.013402245E8	288.65868263473055
3.01359325E8	316.6640316205534
3.01393599E8	341.400878293601
3.01431711E8	346.68827930174564
3.014697935E8	305.95471014492756
3.015075635E8	333.6885813148789
3.01544826E8	303.9146341463415
3.015818905E8	347.60751295336786
3.01618727E8	338.82256554307116
3.01655231E8	371.89756097560974
3.01691575E8	316.3314580403188
3.01727817E8	334.02573445684357
3.017639465E8	318.34165571616296
3.018000005E8	315.04889741131353
3.018360275E8	292.46343402225756
3.018718265E8	300.1875
3.019074095E8	435.375
3.0194275E8	354.9398592450416
3.01977819E8	329.016943930992
3.020128525E8	270.59148936170214
3.02047874E8	346.79428873611846
3.020828745E8	337.7165074427905
3.021066125E8	366.87012987012986
3.021240165E8	333.9737187910644
3.0215234E8	315.3645699614891
3.021865385E8	321.3108587650816
3.022202135E8	312.1686746987952
3.02253491E8	343.99405298251935
3.022863395E8	326.16608996539793
3.02318457E8	368.56716417910445
3.023501625E8	324.31954887218046
3.02381257E8	293.67984934086627
3.024117055E8	314.8383484954514
3.024418645E8	296.80725190839695
3.024718665E8	338.51680672268907
3.02501802E8	356.8688212927757
3.0253152E8	338.5381526104418
3.02561013E8	332.06948831332915
3.025904035E8	343.42604074402124
3.026196635E8	334.30265596046945
3.02648696E8	324.67012252591894
3.026774925E8	267.9082840236686
3.0270614E8	300.86046511627904
3.0273473E8	292.52286049237983
3.0276322E8	317.1309823677582
3.02791553E8	336.9651241790594
3.02819683E8	323.9142461964039
3.02847463E8	304.8359375
3.02871419E8	261.58983050847456
3.028851665E8	329.79888268156424
3.029023805E8	323.2575406032483
3.02929608E8	338.87359836901123
3.029566585E8	338.1402051783097
3.02983539E8	309.45098039215685
3.030103E8	329.5198161975876
3.03036936E8	323.3878865979381
3.030633795E8	307.65185185185186
3.03089659E8	339.7737003058104
3.031158375E8	276.6054827175209
3.03141897E8	335.7199570815451
3.0316784E8	345.6656050955414
3.03193613E8	328.4066022544283
3.03219033E8	321.0592734225621
3.03244142E8	311.68954248366015
3.03269183E8	337.60622610595306
3.032941495E8	318.6908939014202
3.03318984E8	320.89639639639637
3.03343729E8	345.0892857142857
3.03368407E8	304.8996815286624
3.03392961E8	327.29135053110775
3.034173935E8	97.66666666666667
3.034417695E8	322.7344753747323
3.03466092E8	342.3505434782609
3.03490315E8	231.98947368421054
3.03514472E8	321.32372505543236
3.03538466E8	326.5292066259808
3.035622675E8	341.218487394958
3.03585904E8	348.8555023923445
3.036094165E8	356.8737638161722
3.03632882E8	320.19473684210527
3.036474595E8	344.05649717514126
3.03659146E8	297.33214285714286
3.036795675E8	291.5943396226415
3.03702759E8	349.0518134715026
3.037259045E8	307.2910447761194
3.03749014E8	345.03887269193393
3.037721115E8	289.49539594843463
3.03795153E8	328.41037306642403
3.038181055E8	335.76934984520125
3.03840977E8	353.03225806451616
3.038636995E8	346.8040638606676
3.038862345E8	331.4665523156089
3.03908542E8	319.74108818011257
3.03930611E8	318.59959555106167
3.039525865E8	342.1201219512195
3.03974351E8	341.35820895522386
3.039958025E8	336.0831168831169
3.040171415E8	341.11526282457254
3.04038313E8	315.2357563850688
3.040591685E8	323.1875
3.04079863E8	326.69630484988454
3.04100481E8	334.99904306220094
3.04120937E8	342.9691027926322
3.041411265E8	280.52201257861634
3.04161089E8	360.178264604811
3.041809935E8	338.2850844966936
3.04200889E8	336.4563658099223
3.042207195E8	331.83825265643446
3.042404435E8	312.17783505154637
3.04260093E8	328.0688524590164
3.042797115E8	322.9821162444113
3.04299283E8	373.1745216985534
3.043188045E8	336.53932584269666
3.0433822E8	294.4
3.04357514E8	314.13892908827785
3.043766445E8	180.30434782608697
3.04395624E8	343.3621943159286
3.044120845E8	270.9310344827586
3.044215395E8	219.41666666666666
3.044334495E8	324.91977611940297
3.044520715E8	323.66606822262116
3.04470397E8	341.72705882352943
3.04488589E8	343.9546925566343
3.0450666E8	309.3626373626374
3.0452464E8	214.1764705882353
3.04542522E8	313.32
3.04560353E8	267.7985611510791
3.045781455E8	325.71830985915494
3.045958945E8	337.29805013927574
3.04613409E8	320.6016666666667
3.04630615E8	284.89811320754717
3.046477165E8	329.9462272333044
3.04664782E8	338.851169383416
3.046818275E8	295.01851851851853
3.04698855E8	342.08413461538464
3.047157445E8	319.05405405405406
3.047322845E8	323.6779911373707
3.047485745E8	340.617110799439
3.047647915E8	306.3068181818182
3.04780937E8	340.4430894308943
3.04797045E8	305.4049382716049
3.04813105E8	334.73806275579807
3.04829099E8	27.285714285714285
3.04844809E8	343.6957695769577
3.04860144E8	334.1852415721609
3.04875228E8	326.8491484184915
3.048899345E8	329.82847533632287
3.04904393E8	327.311345646438
3.04918797E8	333.91
3.04933121E8	325.07602339181284
3.049473325E8	338.2814538676608
3.049613855E8	341.3231810490694
3.049753525E8	338.26057692307694
3.04989176E8	323.6550522648084
3.050028535E8	321.0968660968661
3.050165075E8	323.54331864904555
3.05030149E8	274.18
3.05043766E8	347.27002427184465
3.05057328E8	356.9013539651838
3.050707775E8	308.1628787878788
3.050840815E8	344.3511988716502
3.050973185E8	301.3636363636364
3.0511055E8	331.44444444444446
3.051237565E8	347.78512396694214
3.051369355E8	340.68117154811716
3.05150043E8	325.7989417989418
3.05163013E8	343.9483394833948
3.05175888E8	328.7764530551416
3.05185055E8	101.0
3.051914585E8	285.82978723404256
3.052015075E8	320.0755467196819
3.05214187E8	300.8727272727273
3.052267085E8	342.5049947423764
3.05239162E8	326.36196319018404
3.052514665E8	296.375
3.052635855E8	19.2
3.05275651E8	293.19191919191917
3.052876965E8	330.76190476190476
3.052997075E8	298.8048780487805
3.05311672E8	323.227027027027
3.053236175E8	301.9030303030303
3.053355615E8	332.7536945812808
3.05347491E8	308.40899795501025
3.0535937E8	348.14285714285717
3.053711045E8	169.44444444444446
3.053827095E8	293.0782608695652
3.05394203E8	319.23021582733816
3.05405586E8	371.4714285714286
3.05416915E8	139.66666666666666
3.054282015E8	233.16666666666666
3.054393975E8	342.9689655172414
3.05450508E8	316.4509090909091
3.054616145E8	292.45205479452056
3.05472713E8	295.9852941176471
3.054837595E8	339.83087149187594
3.05494683E8	276.4375
3.055054885E8	340.5769230769231
3.055161465E8	328.8777258566978
3.05526661E8	314.9673913043478
3.05537127E8	350.3068788836804
3.055475015E8	299.11224489795916
3.055577785E8	342.1635991820041
3.05567969E8	336.5042918454936
3.05578E8	284.21890547263683
3.05587934E8	277.0485436893204
3.055978485E8	326.08576642335765
3.056077465E8	317.84823284823284
3.05617534E8	354.865561694291
3.05627204E8	336.08870967741933
3.0563683E8	196.76923076923077
3.056464125E8	193.0625
3.05655943E8	306.0105263157895
3.05665429E8	346.0
3.056749135E8	218.86666666666667
3.05684391E8	319.7936962750716
3.056938605E8	339.23702252693437
3.05703288E8	330.66990291262135
3.0571261E8	287.6171875
3.057218545E8	326.6454545454545
3.057310705E8	322.56275303643724
3.057402675E8	292.94871794871796
3.057494535E8	258.4761904761905
3.057585785E8	313.3496240601504
3.05767648E8	351.1629502572899
3.05776642E8	345.9820466786355
3.057855425E8	323.92620481927713
3.05794349E8	149.0
3.05803082E8	301.9647577092511
3.058116615E8	352.63243243243244
3.058200515E8	354.24083769633506
3.058282875E8	298.28
3.058363865E8	319.5668789808917
3.058444065E8	312.8398058252427
3.058523285E8	306.4157303370786
3.058601015E8	335.0176848874598
3.058677105E8	146.75
3.058752425E8	332.28735632183907
3.05882709E8	333.56302521008405
3.058900985E8	322.45454545454544
3.05897348E8	346.11290322580646
3.059044835E8	19.0
3.059115865E8	349.50943396226415
3.059186575E8	328.5204081632653
3.059257075E8	314.8117283950617
3.059327345E8	304.30125523012555
3.059397415E8	340.68674698795184
3.05946737E8	337.1354292623942
3.05953382E8	335.83811475409834
3.059568435E8	257.81481481481484
3.059606085E8	338.91916859122404
3.059675075E8	19.0
3.05974393E8	204.8
3.059812595E8	367.7894736842105
3.0598811E8	195.71428571428572
3.05994947E8	349.54285714285714
3.060017745E8	338.0054347826087
3.06008546E8	339.5838150289017
3.06015243E8	220.4
3.06021916E8	300.8974358974359
3.06028584E8	335.57943925233644
3.060351805E8	238.71428571428572
3.060416715E8	361.4255319148936
3.06048088E8	315.4418604651163
3.06054431E8	340.5349127182045
3.06060702E8	299.0673076923077
3.06066934E8	331.60819672131146
3.060731045E8	263.85714285714283
3.06079204E8	453.85714285714283
3.060852755E8	359.4384615384615
3.06091306E8	19.4
3.060973105E8	310.84057971014494
3.06103308E8	240.0
3.06109298E8	324.0077720207254
3.06115231E8	337.57342657342656
3.06121083E8	19.0
3.061268995E8	327.8670731707317
3.061326905E8	323.87931034482756
3.061384525E8	336.1603053435114
3.06144196E8	0.0
3.06149915E8	272.64814814814815
3.061556135E8	332.9037037037037
3.061612865E8	340.61423220973785
3.061668935E8	350.3366619115549
3.061724375E8	329.423125794155
3.06177958E8	19.25
3.06183465E8	349.42105263157896
3.0618895E8	340.7908950617284
3.061944175E8	279.5360824742268
3.061998695E8	319.3532934131737
3.062052965E8	48.0
3.062107035E8	357.55265180630283
3.062160895E8	334.401384083045
3.06221455E8	304.3139534883721
3.062267975E8	230.57142857142858
3.062321055E8	315.5
3.062373925E8	132.0
3.062426715E8	366.9032258064516
3.06247945E8	322.2755905511811
3.062532015E8	204.0
3.062584425E8	335.2569316081331
3.06263673E8	298.18897637795277
3.062688905E8	335.4383346425766
3.06274102E8	181.76470588235293
3.06279276E8	331.7345132743363
3.062844135E8	294.95652173913044
3.062895485E8	367.5
3.06294667E8	0.0
3.06299761E8	325.44935064935066
3.063048415E8	318.1111111111111
3.063099165E8	306.26589595375725
3.063149815E8	0.0
3.063200175E8	329.0
3.063250325E8	310.08032128514054
3.06330018E8	375.1666666666667
3.063349735E8	20.666666666666668
3.063399235E8	382.65
3.06344861E8	348.74285714285713
3.063497735E8	319.5145631067961
3.06354609E8	341.8416988416988
3.06359362E8	340.79064039408865
3.06364072E8	279.6111111111111
3.06368756E8	218.73684210526315
3.063734225E8	327.425
3.063780725E8	320.5
3.06382707E8	332.7931034482759
3.063873235E8	265.39130434782606
3.06391931E8	326.0055248618784
3.063965295E8	344.970297029703
3.06401082E8	331.8288
3.064055785E8	339.42088607594934
3.06410055E8	407.0
3.0641452E8	324.09774436090225
3.0641896E8	348.1
3.064233765E8	228.20454545454547
3.06427766E8	361.39896373056996
3.064321085E8	361.1682242990654
3.06436424E8	374.0
3.06440737E8	195.25
3.064450465E8	337.42857142857144
3.06449342E8	309.6363636363636
3.06453625E8	19.0
3.06457902E8	337.5934959349593
3.064621725E8	299.6756756756757
3.06466441E8	299.37125748502996
3.06470704E8	344.6811594202899
3.064749595E8	382.86356073211317
3.064792095E8	73.275
3.06483446E8	339.1842105263158
3.064876545E8	368.42631993695824
3.064918455E8	237.33333333333334
3.0649603E8	359.9910071942446
3.065001735E8	180.0
3.06504273E8	300.9664031620553
3.065083565E8	0.0
3.06512427E8	196.36
3.06516488E8	323.4754098360656
3.065205265E8	350.19417475728153
3.065245425E8	265.93693693693695
3.06528524E8	19.0
3.06532471E8	367.72972972972974
3.065364115E8	349.6282306163022
3.065403375E8	20.0
3.0654423E8	345.3561320754717
3.06548097E8	19.0
3.0655195E8	20.0
3.065557735E8	336.1521739130435
3.06559577E8	263.03125
3.065633635E8	255.75
3.065671335E8	284.97058823529414
3.065709005E8	333.358024691358
3.065746505E8	270.25714285714287
3.065783835E8	384.3109048723898
3.06582112E8	366.95959595959596
3.06585833E8	245.46153846153845
3.06589543E8	246.32142857142858
3.065932395E8	334.7646383467279
3.065969265E8	365.2494929006085
3.06600612E8	324.6666666666667
3.066042955E8	342.13513513513516
3.06607968E8	288.6363636363636
3.0661163E8	327.8806818181818
3.066152875E8	164.16666666666666
3.06618939E8	20.0
3.066225875E8	132.33333333333334
3.066262295E8	330.26602564102564
3.066298605E8	350.9868421052632
3.066334545E8	0.0
3.06637011E8	21.0
3.0664056E8	113.58333333333333
3.066440915E8	375.25625
3.066476025E8	345.2121212121212
3.066511055E8	336.3658536585366
3.06654603E8	319.56607495069034
3.066580945E8	305.3021978021978
3.066615705E8	19.0
3.06665033E8	220.0
3.06668493E8	20.0
3.066719485E8	283.8269230769231
3.066753845E8	349.85897435897436
3.06678798E8	104.5
3.066821985E8	245.33333333333334
3.06685591E8	0.0
3.066889815E8	341.73493975903614
3.066923705E8	303.3707865168539
3.066957585E8	257.75
3.066991455E8	339.489898989899
3.067025305E8	339.17543859649123
3.06705914E8	332.366391184573
3.067092965E8	19.0
3.06712672E8	455.125
3.06716041E8	323.7551622418879
3.067194095E8	324.8020304568528
3.067227775E8	326.13366336633663
3.067248635E8	0.0
3.06726541E8	0.0
3.067294915E8	0.0
3.067328405E8	324.55555555555554
3.067361665E8	250.5
3.06739469E8	37.4
3.06742768E8	0.0
3.06746065E8	306.1715976331361
3.067493595E8	302.4056603773585
3.067526505E8	361.83269961977186
3.06755933E8	0.0
3.067591995E8	372.3686440677966
3.067624565E8	338.7056856187291
3.067657115E8	381.8909090909091
3.06768965E8	48.0
3.06772208E8	328.56969696969696
3.067754395E8	203.0
3.067786575E8	342.5111111111111
3.067818625E8	298.05405405405406
3.067850465E8	345.3040293040293
3.0678821E8	195.28571428571428
3.067913705E8	315.6524390243902
3.067945245E8	219.33333333333334
3.06797666E8	319.74058577405856
3.0680079E8	0.0
3.06803903E8	290.05
3.068070135E8	19.333333333333332
3.068101235E8	358.5045045045045
3.06813233E8	313.15550755939523
3.068163365E8	291.2608695652174
3.068194285E8	21.0
3.06822513E8	341.588
3.068255925E8	322.9194244604316
3.068286625E8	228.63636363636363
3.068317255E8	339.8690476190476
3.068347845E8	198.16666666666666
3.068378385E8	19.666666666666668
3.0684088E8	318.625
3.06843903E8	314.5814332247557
3.068469175E8	298.0882352941176
3.068499285E8	386.4389438943894
3.068529315E8	304.59071729957805
3.06855925E8	155.14285714285714
3.06858904E8	295.52941176470586
3.06861871E8	390.0
3.06864829E8	229.37735849056602
3.068677785E8	0.0
3.06870722E8	339.6666666666667
3.068736605E8	278.0964912280702
3.06876586E8	334.0
3.06879498E8	284.7142857142857
3.068824045E8	0.0
3.068853035E8	335.39354838709676
3.06888198E8	0.0
3.0689109E8	21.0
3.068939665E8	75.33333333333333
3.06896809E8	230.91666666666666
3.068996235E8	153.33333333333334
3.069024245E8	324.40042372881356
3.06905212E8	280.46153846153845
3.069079905E8	353.2093023255814
3.069107675E8	280.3333333333333
3.06913543E8	345.16
3.06916313E8	401.0
3.06919067E8	329.3741496598639
3.069218095E8	364.48339483394835
3.069245455E8	340.1834862385321
3.06927266E8	329.4430894308943
3.06929975E8	322.0731707317073
3.069326695E8	20.0
3.069353465E8	367.4051724137931
3.06938016E8	514.0
3.06940674E8	342.51020408163265
3.06943317E8	261.15686274509807
3.069459505E8	19.25
3.069485655E8	320.8705882352941
3.06951153E8	20.5
3.069537225E8	362.67597765363126
3.069562725E8	346.5
3.069587885E8	0.0
3.069612825E8	334.3692307692308
3.069637735E8	340.48328267477206
3.0696626E8	344.22222222222223
3.06968739E8	276.2528735632184
3.06971213E8	0.0
3.06973672E8	0.0
3.069761095E8	0.0
3.06978536E8	344.4193548387097
3.0698095E8	0.0
3.06983354E8	19.0
3.06985755E8	361.1818181818182
3.06988152E8	346.55555555555554
3.06990543E8	319.8950819672131
3.069929255E8	19.0
3.069953025E8	268.5
3.069976725E8	302.33009708737865
3.070000295E8	0.0
3.07002367E8	0.0
3.07004687E8	20.0
3.070070005E8	120.0
3.070093035E8	19.0
3.070115925E8	0.0
3.07013868E8	328.96894409937886
3.07016134E8	354.88316151202747
3.07018396E8	242.0909090909091
3.07020655E8	0.0
3.070229135E8	0.0
3.0702516E8	324.1945945945946
3.07027389E8	372.35714285714283
3.0702961E8	325.8977987421384
3.070318285E8	330.8953488372093
3.070340435E8	67.2
3.070362525E8	327.8235294117647
3.07038456E8	353.22222222222223
3.07040653E8	19.5
3.0704284E8	224.625
3.070450185E8	358.8222222222222
3.07047178E8	307.45
3.0704932E8	19.666666666666668
3.07051452E8	288.27272727272725
3.070535745E8	39.5
3.07055696E8	284.2
3.07057816E8	320.57276995305165
3.07059934E8	0.0
3.0706204E8	0.0
3.070641345E8	0.0
3.07066228E8	335.4878048780488
3.070683165E8	178.0
3.070704E8	124.33333333333333
3.07072481E8	330.80390376758965
3.07074558E8	366.0
3.070766325E8	20.0
3.070787045E8	285.0
3.07080772E8	193.0
3.070828335E8	291.14285714285717
3.07084889E8	0.0
3.07086942E8	0.0
3.07088987E8	0.0
3.070910185E8	136.5
3.07093044E8	293.2535211267606
3.07095069E8	326.2888888888889
3.07097091E8	314.8695652173913
3.07099108E8	156.33333333333334
3.071011185E8	308.80645161290323
3.07103122E8	369.0
3.071051185E8	297.85714285714283
3.071071095E8	269.1168831168831
3.071090915E8	317.10714285714283
3.07111059E8	0.0
3.071130195E8	182.66666666666666
3.07114979E8	261.4782608695652
3.07116933E8	304.7704485488127
3.071188785E8	646.5
3.071208195E8	328.0
3.07122752E8	0.0
3.071246735E8	379.44117647058823
3.071265845E8	353.0
3.07128479E8	0.0
3.07130355E8	30.0
3.07132213E8	45.5
3.071340475E8	0.0
3.07135863E8	357.625
3.071376725E8	379.5762711864407
3.07139478E8	376.9
3.07141279E8	19.5
3.071430775E8	0.0
3.07144871E8	223.0
3.071466595E8	0.0
3.07148442E8	341.8333333333333
3.07150216E8	112.0
3.071519825E8	0.0
3.071537425E8	0.0
3.071554995E8	208.25
3.071572545E8	88.0
3.07159008E8	19.0
3.071607605E8	130.0
3.071625115E8	219.13333333333333
3.07164259E8	0.0
3.07165998E8	0.0
3.071677295E8	0.0
3.07169459E8	0.0
3.07171187E8	226.51116625310175
3.07172911E8	198.74019607843138
3.071746285E8	253.3
3.071763405E8	302.25
3.0717805E8	21.0
3.07179757E8	212.57894736842104
3.0718146E8	72.5
3.07183154E8	336.90909090909093
3.071848325E8	20.0
3.071864995E8	309.7791932059448
3.07188158E8	341.43697478991595
3.07189806E8	220.2
3.07191447E8	334.48936170212767
3.071930855E8	0.0
3.07194713E8	339.8471760797342
3.07196327E8	233.77777777777777
3.071979365E8	270.2258064516129
3.07199539E8	350.0
3.07201133E8	0.0
3.072027235E8	0.0
3.072043025E8	0.0
3.07205867E8	76.5
3.07207427E8	19.0
3.07208982E8	129.0
3.072105315E8	21.0
3.07212076E8	336.48148148148147
3.072136115E8	20.0
3.072151395E8	310.9166666666667
3.072166655E8	392.9266666666667
3.07218189E8	0.0
3.07219709E8	0.0
3.07221218E8	19.5
3.072227155E8	19.0
3.072242065E8	400.1666666666667
3.07225692E8	19.0
3.072271765E8	255.27325581395348
3.07228659E8	251.03389830508473
3.072301395E8	19.0
3.072316155E8	21.0
3.072330835E8	212.0
3.0723454E8	332.65
3.072359815E8	261.6511627906977
3.072374155E8	19.0
3.07238849E8	336.09302325581393
3.072402775E8	0.0
3.072416995E8	297.3125
3.072431125E8	288.2692307692308
3.072445175E8	480.0
3.07245921E8	0.0
3.07247322E8	0.0
3.072487205E8	228.2
3.072501165E8	282.5
3.072515085E8	332.1439393939394
3.072528945E8	353.0
3.07254274E8	408.6666666666667
3.072556495E8	224.30769230769232
3.072570195E8	352.855421686747
3.07258382E8	331.6756756756757
3.07259739E8	0.0
3.072610935E8	0.0
3.072624475E8	266.2638888888889
3.072637995E8	330.97777777777776
3.07265146E8	0.0
3.072664865E8	302.93548387096774
3.072678185E8	0.0
3.072691435E8	0.0
3.072704615E8	162.11111111111111
3.07271773E8	296.07272727272726
3.072730825E8	289.5416666666667
3.072743855E8	0.0
3.072756825E8	235.66666666666666
3.072769735E8	314.0
3.07278257E8	0.0
3.07279535E8	0.0
3.07280808E8	0.0
3.07282078E8	271.4
3.07283345E8	237.73333333333332
3.072846035E8	208.85714285714286
3.072858485E8	0.0
3.072870805E8	358.4166666666667
3.07288306E8	198.83333333333334
3.072895305E8	0.0
3.0729075E8	689.0
3.072919625E8	0.0
3.0729317E8	0.0
3.072943745E8	0.0
3.07295576E8	0.0
3.07296769E8	172.0
3.072979505E8	21.0
3.072991265E8	0.0
3.073002965E8	20.0
3.0730146E8	0.0
3.0730262E8	277.15107913669067
3.073037765E8	0.0
3.073049325E8	119.0
3.073060875E8	144.0
3.07307234E8	19.0
3.073083675E8	0.0
3.0730949E8	0.0
3.07310606E8	264.14942528735634
3.073117205E8	0.0
3.07312834E8	259.47222222222223
3.07313946E8	0.0
3.07315057E8	0.0
3.073161665E8	298.5
3.07317273E8	255.0
3.073183765E8	281.0869565217391
3.073194775E8	182.15384615384616
3.073205775E8	302.1034482758621
3.07321677E8	451.0
3.073227755E8	20.0
3.073238735E8	298.7829181494662
3.07324967E8	297.4776119402985
3.07326045E8	0.0
3.07327112E8	294.0952380952381
3.07328175E8	0.0
3.07329233E8	238.73333333333332
3.073302885E8	283.5217391304348
3.0733134E8	335.7065868263473
3.07332388E8	232.5
3.073334315E8	0.0
3.073344645E8	0.0
3.073354855E8	184.26666666666668
3.073365005E8	217.75
3.07337512E8	0.0
3.07338521E8	20.0
3.07339524E8	193.58620689655172
3.073405195E8	0.0
3.073415095E8	186.25
3.073424955E8	0.0
3.07343481E8	0.0
3.07344466E8	0.0
3.07345449E8	304.7142857142857
3.0734643E8	0.0
3.073474095E8	0.0
3.073483845E8	19.0
3.073493565E8	0.0
3.07350326E8	439.0
3.073512895E8	0.0
3.07352248E8	0.0
3.07353193E8	366.0183486238532
3.07354126E8	0.0
3.073550565E8	0.0
3.073559835E8	0.0
3.073569075E8	236.0
3.073578275E8	0.0
3.073587445E8	0.0
3.07359658E8	0.0
3.07360568E8	475.8636363636364
3.07361477E8	0.0
3.073623815E8	0.0
3.0736328E8	0.0
3.073641745E8	0.0
3.073650655E8	0.0
3.07365955E8	20.0
3.073668425E8	0.0
3.07367728E8	0.0
3.07368608E8	0.0
3.073694805E8	0.0
3.0737035E8	323.231884057971
3.073712185E8	22.0
3.07372084E8	263.3421052631579
3.073729445E8	0.0
3.07373801E8	205.69444444444446
3.07374652E8	0.0
3.07375497E8	262.5357142857143
3.07376337E8	279.3076923076923
3.07377173E8	273.0625
3.073780065E8	290.07142857142856
3.07378836E8	0.0
3.073796625E8	19.0
3.07380485E8	286.36206896551727
3.073812975E8	228.33333333333334
3.073821025E8	487.6666666666667
3.073829055E8	20.0
3.07383704E8	0.0
3.073844975E8	186.6
3.073852875E8	0.0
3.07386072E8	260.3333333333333
3.07386853E8	87.0
3.073876335E8	30.0
3.07388411E8	170.27272727272728
3.073891845E8	19.0
3.073899525E8	204.45454545454547
3.073907155E8	448.0
3.073914765E8	19.0
3.073922355E8	19.0
3.07392992E8	0.0
3.073937465E8	20.0
3.073944975E8	0.0
3.073952445E8	0.0
3.073959905E8	0.0
3.073967355E8	0.0
3.073974755E8	0.0
3.073982085E8	255.0
3.07398938E8	0.0
3.07399665E8	0.0
3.074003845E8	0.0
3.074010975E8	0.0
3.07401809E8	20.0
3.074025195E8	0.0
3.074032295E8	0.0
3.074039365E8	0.0
3.0740464E8	0.0
3.0740534E8	22.0
3.074060365E8	0.0
3.07406728E8	0.0
3.07407414E8	0.0
3.07408095E8	0.0
3.07408771E8	0.0
3.074094455E8	19.0
3.07410119E8	0.0
3.07410791E8	0.0
3.074114535E8	0.0
3.074121015E8	0.0
3.07412743E8	344.1666666666667
3.07413383E8	0.0
3.07414021E8	0.0
3.07414658E8	188.0
3.07415294E8	0.0
3.074159275E8	0.0
3.074165575E8	0.0
3.07417184E8	0.0
3.074178075E8	0.0
3.074184285E8	0.0
3.07419046E8	0.0
3.074196585E8	0.0
3.07420267E8	306.75
3.07420871E8	0.0
3.07421472E8	0.0
3.074220725E8	0.0
3.07422671E8	0.0
3.074232665E8	231.625
3.074238595E8	0.0
3.074244515E8	0.0
3.07425042E8	162.8095238095238
3.074256305E8	0.0
3.074262165E8	0.0
3.074268005E8	128.0
3.074273815E8	136.0
3.074279595E8	225.53571428571428
3.07428537E8	0.0
3.07429113E8	0.0
3.074296855E8	0.0
3.07430254E8	80.0
3.07430819E8	0.0
3.074313815E8	0.0
3.074319415E8	0.0
3.07432497E8	256.6666666666667
3.074330485E8	0.0
3.074335975E8	0.0
3.074341455E8	188.79591836734693
3.07434693E8	0.0
3.0743524E8	0.0
3.074357865E8	0.0
3.074363325E8	0.0
3.07436878E8	0.0
3.07437422E8	0.0
3.07437964E8	0.0
3.07438504E8	205.33333333333334
3.074390425E8	156.20863309352518
3.07439579E8	0.0
3.074401125E8	0.0
3.07440644E8	0.0
3.07441174E8	106.0
3.074417025E8	0.0
3.07442227E8	0.0
3.07442747E8	0.0
3.07443264E8	179.19117647058823
3.074437785E8	0.0
3.0744429E8	19.0
3.07444798E8	307.5
3.074453045E8	0.0
3.0744581E8	125.5
3.074463125E8	0.0
3.07446812E8	179.41379310344828
3.074473085E8	0.0
3.074478015E8	0.0
3.074482925E8	0.0
3.074487815E8	0.0
3.07449269E8	144.66666666666666
3.074497555E8	0.0
3.07450239E8	0.0
3.0745072E8	0.0
3.07451198E8	0.0
3.074516695E8	19.0
3.074521375E8	0.0
3.074526035E8	0.0
3.07453067E8	444.0
3.07453528E8	0.0
3.07453982E8	0.0
3.074544305E8	0.0
3.074548775E8	0.0
3.07455321E8	0.0
3.074557615E8	0.0
3.07456201E8	0.0
3.07456637E8	0.0
3.0745707E8	0.0
3.07457503E8	0.0
3.07457932E8	0.0
3.07458353E8	215.0
3.0745877E8	0.0
3.07459185E8	0.0
3.074595975E8	0.0
3.07460009E8	0.0
3.07460419E8	0.0
3.074608275E8	0.0
3.07461234E8	0.0
3.07461637E8	0.0
3.07462037E8	0.0
3.07462436E8	0.0
3.074628295E8	0.0
3.074632175E8	0.0
3.07463604E8	152.0
3.074639885E8	0.0
3.074643725E8	0.0
3.07464756E8	0.0
3.074651385E8	192.5
3.0746552E8	0.0
3.074659E8	0.0
3.074662785E8	0.0
3.07466655E8	215.7037037037037
3.07467028E8	0.0
3.07467397E8	0.0
3.07467764E8	0.0
3.074681295E8	0.0
3.074684925E8	0.0
3.074688535E8	122.0
3.074692125E8	132.0
3.07469565E8	120.94444444444444
3.0746991E8	0.0
3.07470252E8	0.0
3.074705915E8	0.0
3.07470929E8	0.0
3.07471266E8	0.0
3.07471601E8	0.0
3.07471933E8	180.0
3.074722625E8	0.0
3.0747259E8	0.0
3.07472917E8	0.0
3.074732435E8	0.0
3.07473569E8	0.0
3.07473894E8	0.0
3.07474218E8	0.0
3.07474541E8	0.0
3.07474863E8	0.0
3.074751825E8	0.0
3.074754995E8	0.0
3.074758155E8	0.0
3.0747613E8	0.0
3.074764425E8	0.0
3.074767535E8	0.0
3.07477063E8	0.0
3.07477372E8	0.0
3.074776785E8	0.0
3.074779805E8	0.0
3.0747828E8	0.0
3.074785785E8	0.0
3.07478873E8	0.0
3.074791635E8	177.33333333333334
3.074794525E8	0.0
3.07479739E8	0.0
3.07480024E8	0.0
3.074803065E8	0.0
3.074805865E8	0.0
3.07480866E8	0.0
3.07481141E8	0.0
3.07481412E8	0.0
3.074816825E8	132.0
3.0748195E8	0.0
3.07482213E8	0.0
3.074824735E8	0.0
3.074827325E8	0.0
3.074829885E8	0.0
3.074832415E8	101.0
3.074834925E8	0.0
3.07483741E8	0.0
3.07483986E8	0.0
3.07484227E8	0.0
3.07484466E8	0.0
3.07484705E8	0.0
3.07484943E8	0.0
3.074851795E8	0.0
3.074854115E8	0.0
3.07485639E8	0.0
3.074858655E8	0.0
3.074860915E8	0.0
3.074863175E8	0.0
3.07486542E8	21.0
3.07486762E8	0.0
3.074869785E8	20.0
3.074871945E8	0.0
3.07487409E8	0.0
3.07487621E8	0.0
3.0748783E8	0.0
3.074880335E8	0.0
3.07488232E8	0.0
3.07488428E8	0.0
3.074886225E8	0.0
3.0748881E8	0.0
3.07488991E8	0.0
3.07489172E8	0.0
3.07489351E8	0.0
3.074895275E8	0.0
3.07489703E8	21.0
3.07489878E8	0.0
3.07490053E8	0.0
3.074902265E8	0.0
3.07490395E8	0.0
3.074905575E8	0.0
3.074907135E8	0.0
3.07490864E8	0.0
3.07491012E8	0.0
3.074911565E8	20.0
3.07491297E8	0.0
3.074914355E8	0.0
3.074915695E8	0.0
3.074916995E8	0.0
3.074918285E8	0.0
3.074919565E8	22.0
3.07492084E8	0.0
3.07492211E8	0.0
3.07492338E8	0.0
3.074924645E8	0.0
3.074925885E8	0.0
3.074927095E8	0.0
3.074928275E8	0.0
3.074929365E8	0.0
3.074930385E8	0.0
3.074931395E8	0.0
3.07493239E8	0.0
3.07493338E8	0.0
3.07493436E8	0.0
3.07493525E8	0.0
3.074936035E8	0.0
3.07493678E8	0.0
3.074937455E8	0.0
3.07493806E8	0.0
