#Insert size (bp)	insert size
2.0	837.0
3.0	828.0
4.0	816.0
5.0	848.0
6.0	818.0
7.0	855.0
8.0	825.0
9.0	862.0
10.0	836.0
11.0	915.0
12.0	875.0
13.0	932.0
14.0	961.0
15.0	1005.0
16.0	1015.0
17.0	1092.0
18.0	1172.0
19.0	72939.0
20.0	38815.0
21.0	17531.0
22.0	9112.0
23.0	5281.0
24.0	3711.0
25.0	3300.0
26.0	3180.0
27.0	2951.0
28.0	2561.0
29.0	2559.0
30.0	2603.0
31.0	2669.0
32.0	3127.0
33.0	2555.0
34.0	2432.0
35.0	2953.0
36.0	2642.0
37.0	2624.0
38.0	2750.0
39.0	2606.0
40.0	2648.0
41.0	2853.0
42.0	2751.0
43.0	2826.0
44.0	3008.0
45.0	2963.0
46.0	3093.0
47.0	2972.0
48.0	3064.0
49.0	3088.0
50.0	3349.0
51.0	3348.0
52.0	3342.0
53.0	3392.0
54.0	3434.0
55.0	3455.0
56.0	3647.0
57.0	4028.0
58.0	3768.0
59.0	4051.0
60.0	3986.0
61.0	4471.0
62.0	4470.0
63.0	4464.0
64.0	4697.0
65.0	4547.0
66.0	4783.0
67.0	4859.0
68.0	4974.0
69.0	4950.0
70.0	5069.0
71.0	5249.0
72.0	5315.0
73.0	5272.0
74.0	5422.0
75.0	5528.0
76.0	5561.0
77.0	5629.0
78.0	5672.0
79.0	5816.0
80.0	5963.0
81.0	6143.0
82.0	6108.0
83.0	6666.0
84.0	6386.0
85.0	6416.0
86.0	6610.0
87.0	6714.0
88.0	7006.0
89.0	6730.0
90.0	7033.0
91.0	7177.0
92.0	7417.0
93.0	7376.0
94.0	7883.0
95.0	7726.0
96.0	7903.0
97.0	8033.0
98.0	8172.0
99.0	8469.0
100.0	8475.0
101.0	8648.0
102.0	8846.0
103.0	9081.0
104.0	9410.0
105.0	9857.0
106.0	9491.0
107.0	10196.0
108.0	10066.0
109.0	10341.0
110.0	10884.0
111.0	11026.0
112.0	11365.0
113.0	12128.0
114.0	12827.0
115.0	13553.0
116.0	14745.0
117.0	16738.0
118.0	36181.0
119.0	37806.0
120.0	38879.0
121.0	40309.0
122.0	40473.0
123.0	41991.0
124.0	42422.0
125.0	44353.0
126.0	44580.0
127.0	45949.0
128.0	46206.0
129.0	47879.0
130.0	48522.0
131.0	49763.0
132.0	50840.0
133.0	51868.0
134.0	52831.0
135.0	53391.0
136.0	54212.0
137.0	55398.0
138.0	56232.0
139.0	57026.0
140.0	58943.0
141.0	59340.0
142.0	60143.0
143.0	61610.0
144.0	62487.0
145.0	63317.0
146.0	64150.0
147.0	64190.0
148.0	65020.0
149.0	66207.0
150.0	66905.0
151.0	67738.0
152.0	68139.0
153.0	68639.0
154.0	69035.0
155.0	70150.0
156.0	70665.0
157.0	70562.0
158.0	71374.0
159.0	72274.0
160.0	72620.0
161.0	72664.0
162.0	72346.0
163.0	74185.0
164.0	74457.0
165.0	74729.0
166.0	75548.0
167.0	76128.0
168.0	77291.0
169.0	77430.0
170.0	77419.0
171.0	78147.0
172.0	77564.0
173.0	78344.0
174.0	77397.0
175.0	77844.0
176.0	78249.0
177.0	78125.0
178.0	77855.0
179.0	77914.0
180.0	77974.0
181.0	77836.0
182.0	78025.0
183.0	77652.0
184.0	77348.0
185.0	76775.0
186.0	77124.0
187.0	77201.0
188.0	77310.0
189.0	76827.0
190.0	76463.0
191.0	76515.0
192.0	76230.0
193.0	75953.0
194.0	75532.0
195.0	75248.0
196.0	74757.0
197.0	74803.0
198.0	74336.0
199.0	73959.0
200.0	73341.0
201.0	73250.0
202.0	73052.0
203.0	72890.0
204.0	72567.0
205.0	71971.0
206.0	71595.0
207.0	71270.0
208.0	70968.0
209.0	70996.0
210.0	70056.0
211.0	70277.0
212.0	69052.0
213.0	69411.0
214.0	68128.0
215.0	68185.0
216.0	67601.0
217.0	66848.0
218.0	66689.0
219.0	66016.0
220.0	65666.0
221.0	65101.0
222.0	65262.0
223.0	64724.0
224.0	63822.0
225.0	63467.0
226.0	62759.0
227.0	62846.0
228.0	62361.0
229.0	62280.0
230.0	61286.0
231.0	61655.0
232.0	60612.0
233.0	60192.0
234.0	59928.0
235.0	59254.0
236.0	58697.0
237.0	58084.0
238.0	57935.0
239.0	57206.0
240.0	57073.0
241.0	56641.0
242.0	56314.0
243.0	55886.0
244.0	55362.0
245.0	54917.0
246.0	54984.0
247.0	54165.0
248.0	53866.0
249.0	53573.0
250.0	53101.0
251.0	52791.0
252.0	51979.0
253.0	51797.0
254.0	51404.0
255.0	51175.0
256.0	50374.0
257.0	50082.0
258.0	49712.0
259.0	49483.0
260.0	49316.0
261.0	48378.0
262.0	48370.0
263.0	48047.0
264.0	47568.0
265.0	47235.0
266.0	46311.0
267.0	46605.0
268.0	46862.0
269.0	45863.0
270.0	45553.0
271.0	45274.0
272.0	45146.0
273.0	44389.0
274.0	44206.0
275.0	44280.0
276.0	43997.0
277.0	43004.0
278.0	43043.0
279.0	42605.0
280.0	42548.0
281.0	42475.0
282.0	42026.0
283.0	41728.0
284.0	41677.0
285.0	41136.0
286.0	40992.0
287.0	40622.0
288.0	40170.0
289.0	39958.0
290.0	39416.0
291.0	39537.0
292.0	39390.0
293.0	39275.0
294.0	38229.0
295.0	38073.0
296.0	37951.0
297.0	37883.0
298.0	37698.0
299.0	37180.0
300.0	37332.0
301.0	36828.0
302.0	36834.0
303.0	36362.0
304.0	36021.0
305.0	35900.0
306.0	35778.0
307.0	35827.0
308.0	35314.0
309.0	35565.0
310.0	35050.0
311.0	34808.0
312.0	34558.0
313.0	34352.0
314.0	34453.0
315.0	33940.0
316.0	33835.0
317.0	33300.0
318.0	33151.0
319.0	33043.0
320.0	32758.0
321.0	32627.0
322.0	32611.0
323.0	32455.0
324.0	32132.0
325.0	32127.0
326.0	31919.0
327.0	31915.0
328.0	31752.0
329.0	31644.0
330.0	31505.0
331.0	31153.0
332.0	30820.0
333.0	30607.0
334.0	30675.0
335.0	30541.0
336.0	30639.0
337.0	29704.0
338.0	30046.0
339.0	29684.0
340.0	29549.0
341.0	29441.0
342.0	29296.0
343.0	29009.0
344.0	29176.0
345.0	29410.0
346.0	28809.0
347.0	28741.0
348.0	28995.0
349.0	28766.0
350.0	28474.0
351.0	28454.0
352.0	28498.0
353.0	28144.0
354.0	27998.0
355.0	27826.0
356.0	27783.0
357.0	27842.0
358.0	27654.0
359.0	27729.0
360.0	27730.0
361.0	27636.0
362.0	27449.0
363.0	27203.0
364.0	27264.0
365.0	27037.0
366.0	27212.0
367.0	26782.0
368.0	27130.0
369.0	26894.0
370.0	26689.0
371.0	26954.0
372.0	26798.0
373.0	27300.0
374.0	26916.0
375.0	27065.0
376.0	27374.0
377.0	27209.0
378.0	27431.0
379.0	27396.0
380.0	27224.0
381.0	27157.0
382.0	27364.0
383.0	27224.0
384.0	27647.0
385.0	27352.0
386.0	27847.0
387.0	27762.0
388.0	27899.0
389.0	28056.0
390.0	28109.0
391.0	28409.0
392.0	28313.0
393.0	28826.0
394.0	29064.0
395.0	28948.0
396.0	29304.0
397.0	29462.0
398.0	29947.0
399.0	30163.0
400.0	29967.0
401.0	30425.0
402.0	30799.0
403.0	30745.0
404.0	30903.0
405.0	31531.0
406.0	31410.0
407.0	31930.0
408.0	32266.0
409.0	32533.0
410.0	32799.0
411.0	33036.0
412.0	33269.0
413.0	33627.0
414.0	34211.0
415.0	34460.0
416.0	34780.0
417.0	34880.0
418.0	35521.0
419.0	35540.0
420.0	35821.0
421.0	36394.0
422.0	36798.0
423.0	36862.0
424.0	37019.0
425.0	37639.0
426.0	37760.0
427.0	38064.0
428.0	38471.0
429.0	38593.0
430.0	38934.0
431.0	39455.0
432.0	39646.0
433.0	39592.0
434.0	40259.0
435.0	40035.0
436.0	40675.0
437.0	40575.0
438.0	41250.0
439.0	41439.0
440.0	41306.0
441.0	41973.0
442.0	42039.0
443.0	41955.0
444.0	42353.0
445.0	42601.0
446.0	42806.0
447.0	43251.0
448.0	43229.0
449.0	43893.0
450.0	43863.0
451.0	44299.0
452.0	44380.0
453.0	44781.0
454.0	45064.0
455.0	44894.0
456.0	45833.0
457.0	46018.0
458.0	46029.0
459.0	46572.0
460.0	46105.0
461.0	46965.0
462.0	47635.0
463.0	47745.0
464.0	48259.0
465.0	48190.0
466.0	48834.0
467.0	48993.0
468.0	49041.0
469.0	49735.0
470.0	49554.0
471.0	50451.0
472.0	50821.0
473.0	50786.0
474.0	51610.0
475.0	52049.0
476.0	52229.0
477.0	52706.0
478.0	52877.0
479.0	53904.0
480.0	54303.0
481.0	54280.0
482.0	55078.0
483.0	55455.0
484.0	55356.0
485.0	56320.0
486.0	56881.0
487.0	57623.0
488.0	57708.0
489.0	58182.0
490.0	58738.0
491.0	59200.0
492.0	59188.0
493.0	59799.0
494.0	60678.0
495.0	60818.0
496.0	61735.0
497.0	62235.0
498.0	62914.0
499.0	62693.0
500.0	63462.0
501.0	63920.0
502.0	64250.0
503.0	64596.0
504.0	65282.0
505.0	65448.0
506.0	65595.0
507.0	65839.0
508.0	65838.0
509.0	66322.0
510.0	65838.0
511.0	65299.0
512.0	65576.0
513.0	65805.0
514.0	65881.0
515.0	65901.0
516.0	66135.0
517.0	66476.0
518.0	66251.0
519.0	66565.0
520.0	66587.0
521.0	66482.0
522.0	66035.0
523.0	65561.0
524.0	66098.0
525.0	65665.0
526.0	65176.0
527.0	64749.0
528.0	64588.0
529.0	63922.0
530.0	63548.0
531.0	63285.0
532.0	62670.0
533.0	61734.0
534.0	61769.0
535.0	60929.0
536.0	59917.0
537.0	59606.0
538.0	58197.0
539.0	57828.0
540.0	56948.0
541.0	55953.0
542.0	54688.0
543.0	54461.0
544.0	53406.0
545.0	52106.0
546.0	51023.0
547.0	49891.0
548.0	48479.0
549.0	47743.0
550.0	46816.0
551.0	45573.0
552.0	44352.0
553.0	43010.0
554.0	42102.0
555.0	40928.0
556.0	39623.0
557.0	38437.0
558.0	37036.0
559.0	36280.0
560.0	35068.0
561.0	34016.0
562.0	33051.0
563.0	31496.0
564.0	30263.0
565.0	29456.0
566.0	28533.0
567.0	27341.0
568.0	26416.0
569.0	25178.0
570.0	24112.0
571.0	23388.0
572.0	22116.0
573.0	21186.0
574.0	20468.0
575.0	19505.0
576.0	18481.0
577.0	17705.0
578.0	16828.0
579.0	16054.0
580.0	15429.0
581.0	14510.0
582.0	14003.0
583.0	13300.0
584.0	12609.0
585.0	11956.0
586.0	11360.0
587.0	10754.0
588.0	10240.0
589.0	9573.0
590.0	9007.0
591.0	8567.0
592.0	8130.0
593.0	7657.0
594.0	7335.0
595.0	7010.0
596.0	6497.0
597.0	6087.0
598.0	5918.0
599.0	5598.0
600.0	5358.0
601.0	5125.0
602.0	4856.0
603.0	4700.0
604.0	4524.0
605.0	4291.0
606.0	4084.0
607.0	3996.0
608.0	3783.0
609.0	3677.0
610.0	3563.0
611.0	3410.0
612.0	3267.0
613.0	3278.0
614.0	3133.0
615.0	2996.0
616.0	2805.0
617.0	2588.0
618.0	2566.0
619.0	2509.0
620.0	2447.0
621.0	2468.0
622.0	2330.0
623.0	2260.0
624.0	2249.0
625.0	2290.0
626.0	2256.0
627.0	2202.0
628.0	2276.0
629.0	2165.0
630.0	2064.0
631.0	2124.0
632.0	2064.0
633.0	2081.0
634.0	2110.0
635.0	2137.0
636.0	2070.0
637.0	1996.0
638.0	2064.0
639.0	2033.0
640.0	1917.0
641.0	1983.0
642.0	1899.0
643.0	1902.0
644.0	1852.0
645.0	1891.0
646.0	1734.0
647.0	1753.0
648.0	1770.0
649.0	1770.0
650.0	1702.0
651.0	1740.0
652.0	1712.0
653.0	1702.0
654.0	1733.0
655.0	1742.0
656.0	1654.0
657.0	1692.0
658.0	1544.0
659.0	1517.0
660.0	1655.0
661.0	1543.0
662.0	1548.0
663.0	1557.0
664.0	1477.0
665.0	1528.0
666.0	1474.0
667.0	1568.0
668.0	1547.0
669.0	1482.0
670.0	1428.0
671.0	1461.0
672.0	1434.0
673.0	1494.0
674.0	1472.0
675.0	1365.0
676.0	1404.0
677.0	1369.0
678.0	1432.0
679.0	1351.0
680.0	1324.0
681.0	1394.0
682.0	1289.0
683.0	1329.0
684.0	1302.0
685.0	1323.0
686.0	1299.0
687.0	1271.0
688.0	1316.0
689.0	1247.0
690.0	1264.0
691.0	1217.0
692.0	1256.0
693.0	1275.0
694.0	1312.0
695.0	1223.0
696.0	1163.0
697.0	1093.0
698.0	1109.0
699.0	1154.0
700.0	1097.0
701.0	1105.0
702.0	1091.0
703.0	1078.0
704.0	1042.0
705.0	1006.0
706.0	979.0
707.0	1041.0
708.0	985.0
709.0	1028.0
710.0	953.0
711.0	967.0
712.0	948.0
713.0	934.0
714.0	1021.0
715.0	1009.0
716.0	966.0
717.0	1005.0
718.0	917.0
719.0	934.0
720.0	992.0
721.0	925.0
722.0	953.0
723.0	934.0
724.0	955.0
725.0	868.0
726.0	908.0
727.0	956.0
728.0	927.0
729.0	893.0
730.0	919.0
731.0	893.0
732.0	889.0
733.0	933.0
734.0	861.0
735.0	887.0
736.0	847.0
737.0	897.0
738.0	930.0
739.0	842.0
740.0	866.0
741.0	849.0
742.0	842.0
743.0	864.0
744.0	805.0
745.0	822.0
746.0	798.0
747.0	816.0
748.0	847.0
749.0	806.0
750.0	898.0
751.0	839.0
752.0	837.0
753.0	823.0
754.0	783.0
755.0	830.0
756.0	807.0
757.0	805.0
758.0	795.0
759.0	753.0
760.0	790.0
761.0	770.0
762.0	749.0
763.0	737.0
764.0	790.0
765.0	748.0
766.0	701.0
767.0	803.0
768.0	750.0
769.0	733.0
770.0	716.0
771.0	682.0
772.0	680.0
773.0	623.0
774.0	664.0
775.0	664.0
776.0	655.0
777.0	724.0
778.0	653.0
779.0	698.0
780.0	679.0
781.0	639.0
782.0	670.0
783.0	652.0
784.0	681.0
785.0	659.0
786.0	674.0
787.0	707.0
788.0	645.0
789.0	623.0
790.0	696.0
791.0	628.0
792.0	620.0
793.0	636.0
794.0	651.0
795.0	620.0
796.0	650.0
797.0	636.0
798.0	645.0
799.0	625.0
800.0	652.0
801.0	635.0
802.0	651.0
803.0	615.0
804.0	591.0
805.0	590.0
806.0	626.0
807.0	591.0
808.0	580.0
809.0	615.0
810.0	620.0
811.0	578.0
812.0	642.0
813.0	619.0
814.0	601.0
815.0	588.0
816.0	637.0
817.0	582.0
818.0	591.0
819.0	591.0
820.0	653.0
821.0	608.0
822.0	575.0
823.0	666.0
824.0	603.0
825.0	592.0
826.0	569.0
827.0	537.0
828.0	601.0
829.0	551.0
830.0	576.0
831.0	525.0
832.0	565.0
833.0	490.0
834.0	534.0
835.0	472.0
836.0	484.0
837.0	500.0
838.0	496.0
839.0	528.0
840.0	473.0
841.0	560.0
842.0	499.0
843.0	492.0
844.0	517.0
845.0	487.0
846.0	508.0
847.0	473.0
848.0	507.0
849.0	473.0
850.0	506.0
851.0	462.0
852.0	470.0
853.0	486.0
854.0	524.0
855.0	435.0
856.0	475.0
857.0	455.0
858.0	484.0
859.0	512.0
860.0	508.0
861.0	471.0
862.0	488.0
863.0	461.0
864.0	497.0
865.0	510.0
866.0	477.0
867.0	486.0
868.0	480.0
869.0	507.0
870.0	491.0
871.0	474.0
872.0	523.0
873.0	490.0
874.0	449.0
875.0	484.0
876.0	474.0
877.0	501.0
878.0	470.0
879.0	497.0
880.0	476.0
881.0	440.0
882.0	451.0
883.0	481.0
884.0	425.0
885.0	457.0
886.0	413.0
887.0	434.0
888.0	392.0
889.0	437.0
890.0	382.0
891.0	391.0
892.0	395.0
893.0	398.0
894.0	411.0
895.0	410.0
896.0	402.0
897.0	386.0
898.0	402.0
899.0	403.0
900.0	375.0
901.0	393.0
902.0	386.0
903.0	373.0
904.0	372.0
905.0	423.0
906.0	367.0
907.0	387.0
908.0	392.0
909.0	391.0
910.0	380.0
911.0	391.0
912.0	427.0
913.0	342.0
914.0	359.0
915.0	391.0
916.0	397.0
917.0	371.0
918.0	360.0
919.0	383.0
920.0	401.0
921.0	391.0
922.0	350.0
923.0	388.0
924.0	406.0
925.0	412.0
926.0	364.0
927.0	346.0
928.0	375.0
929.0	371.0
930.0	389.0
931.0	384.0
932.0	337.0
933.0	377.0
934.0	372.0
935.0	332.0
936.0	356.0
937.0	358.0
938.0	334.0
939.0	340.0
940.0	318.0
941.0	315.0
942.0	297.0
943.0	350.0
944.0	326.0
945.0	312.0
946.0	285.0
947.0	335.0
948.0	318.0
949.0	288.0
950.0	342.0
951.0	337.0
952.0	319.0
953.0	321.0
954.0	298.0
955.0	302.0
956.0	310.0
957.0	276.0
958.0	322.0
959.0	305.0
960.0	314.0
961.0	325.0
962.0	291.0
963.0	313.0
964.0	298.0
965.0	309.0
966.0	315.0
