#Position (bp)	mapping quality
384368.0	53.234917400242
1153103.0	58.14361446549208
1921838.0	58.87493196595002
2690573.0	58.95661277528191
3459308.0	59.73151824834775
4228043.0	58.93964107612938
4996778.0	59.10328951925745
5765513.0	59.81700352190675
6534248.0	57.70139198819801
7302983.0	57.315914212352176
8071718.0	58.82509782605553
8840453.0	53.47200239061482
9609188.0	56.07289540556761
1.0377923E7	54.456887577820645
1.0801324E7	48.09645433128969
1.11856915E7	56.51500254446245
1.1915393E7	58.66757248352747
1.2684128E7	59.39687654998647
1.3452863E7	59.35044985236457
1.4221598E7	59.15705744610542
1.4990333E7	59.107414098018516
1.5759068E7	58.81151130602833
1.6527803E7	57.9228597185927
1.7296538E7	57.604400768996236
1.8065273E7	50.98183294136558
1.8834008E7	52.93693208187248
1.9602743E7	54.446185280326574
2.018777E7	48.54071143224293
2.05721375E7	46.161808184992495
2.1140213E7	47.7404038776302
2.1908948E7	53.76496293829011
2.2677683E7	58.20305656584791
2.3446418E7	58.14167321669141
2.4215153E7	59.43086629242883
2.4983888E7	58.38978886219031
2.5752623E7	57.97999720579093
2.6521358E7	59.17221358428873
2.7290093E7	55.353173814928326
2.8058828E7	54.029067981418805
2.86485735E7	57.260360120700774
2.9032941E7	55.84051188143631
2.9596298E7	58.26416369903449
3.0365033E7	58.38633218766043
3.1133768E7	59.51740751864845
3.1902503E7	59.841877702978636
3.2671238E7	58.72314876575001
3.3439973E7	58.20526618079312
3.4208708E7	57.68731240963437
3.4977443E7	58.22403662657875
3.5659712E7	57.48357190518472
3.60440795E7	51.05742196250688
3.6514913E7	57.49427945595723
3.7283648E7	57.044329456223196
3.8052383E7	58.91294959673656
3.8821118E7	57.27732071868945
3.9589853E7	51.57819896292951
4.0358588E7	59.44425286140624
4.1127323E7	57.315622639610545
4.1896058E7	59.41636683248466
4.2664793E7	58.81195967169842
4.3049519E7	26.303140559172732
4.34338865E7	50.10650601358808
4.4202263E7	44.999931352198445
4.4970998E7	37.4802758997032
4.5739733E7	34.60388033729224
4.6508468E7	37.63466287699666
4.7277203E7	41.95494562909062
4.8045938E7	38.361582946247715
4.8668911E7	31.15710642101171
4.90532785E7	45.49792994233154
4.9583408E7	59.11071730124513
5.0352143E7	59.35978000971652
5.1120878E7	59.444062270699455
5.1889613E7	59.29624581372967
5.2658348E7	59.52077542492935
5.3427083E7	58.864008117674025
5.38687855E7	59.885513093091475
5.4253153E7	52.29416575077931
5.4964553E7	49.328363239043505
5.5733288E7	47.28753571059721
5.6502023E7	55.79851401406639
5.7270758E7	54.54163444819893
5.8039493E7	55.76795573268339
5.85039505E7	56.46532798719262
5.8888318E7	47.04526215686005
5.9576963E7	46.825006739075334
6.0345698E7	48.77051591567193
6.1114433E7	45.12782810080549
6.1883168E7	49.096979422758004
6.2651903E7	44.16908300003106
6.3087631E7	42.59772663025588
6.34719985E7	30.284757336598613
6.4189373E7	47.58779875828878
6.4958108E7	48.75705241449728
6.5726843E7	51.26307112254163
6.6495578E7	51.91054110393832
6.7140034E7	47.396284406277275
6.75244015E7	52.67327015168685
6.8033048E7	56.59658247763233
6.8801783E7	57.94626278590746
6.9570518E7	57.24097692177013
7.0339253E7	57.261394520066325
7.11040115E7	55.75053261562922
7.1488379E7	2.5570934366585
7.1876723E7	56.160738340588864
7.2645458E7	58.96783556542273
7.3414193E7	59.00525659806724
7.4182928E7	59.62002155944107
7.4951663E7	59.351103649842706
7.5358208E7	55.733936726018186
7.57425755E7	41.807491145046605
7.6489133E7	50.666406630084204
7.7257868E7	50.54238708791341
7.8026603E7	50.58915951891534
7.8795338E7	52.403454249959154
7.92080895E7	44.52540169688779
7.9592457E7	49.48900370667892
8.0332808E7	40.094755977321825
8.1101543E7	47.596974772924845
8.1870278E7	48.21912113942097
8.26063115E7	34.89548112357825
8.2990679E7	49.11415502688554
8.3407748E7	45.600142622133006
8.4176483E7	45.97390807806231
8.4945218E7	47.121177814229064
8.5713953E7	48.29282481705764
8.6362088E7	46.75868326861797
8.67464555E7	32.64135551201567
8.7251423E7	47.0557728548473
8.8020158E7	50.06211839836516
8.8788893E7	45.704878725041105
8.9557628E7	39.23790920905889
9.0098611E7	31.15122645709988
9.04829785E7	51.53136608117719
9.1095098E7	54.870452238510936
9.1863833E7	52.97818841142764
9.2632568E7	52.43525961728348
9.3401303E7	50.285546339726245
9.38242175E7	15.779200871131895
9.4208585E7	26.919767133785182
9.4938773E7	45.16617602886461
9.5707508E7	45.67121326064772
9.6476243E7	48.55764296587326
9.71220675E7	37.306620132818395
9.7506435E7	38.117355777135415
9.8013713E7	45.317116583786735
9.8782448E7	46.914730184663796
9.9551183E7	38.63357044560458
1.00269334E8	44.29906390802917
1.006537015E8	23.139227958004177
1.01088653E8	48.59509413306121
1.01857388E8	53.188866530424136
1.02626123E8	52.82043532880298
1.033545365E8	54.31527936344847
1.03738904E8	33.421361546062215
1.04163593E8	32.278463310104776
1.04932328E8	32.17053230513223
1.05701063E8	42.30724042499285
1.06347158E8	36.85605852732619
1.067315255E8	44.51643604747173
1.07238533E8	51.778102572347564
1.08007268E8	46.252197264262065
1.08776003E8	46.80324551551958
1.09309377E8	53.06848050742305
1.096937445E8	55.45989239442747
1.10313473E8	56.258337047732425
1.11082208E8	59.61887141099187
1.11850943E8	43.79973957395805
1.12235708E8	0.8035261441854848
1.126200755E8	43.71064436686474
1.13388413E8	40.31569883624103
1.14157148E8	45.6777843834671
1.147696095E8	43.69524891531975
1.15153977E8	43.26681223104857
1.15694618E8	43.93740567382792
1.16463353E8	45.864871962051915
1.17232088E8	50.85212189590213
1.17668795E8	47.35635901493792
1.180531625E8	58.075891999503796
1.18769558E8	59.132572844315575
1.19538293E8	57.87421706295659
1.2014897E8	58.790648701747756
1.205333375E8	49.50359472534802
1.21075763E8	47.612299268084996
1.21844498E8	52.71934575790457
1.225916085E8	35.428217529827286
1.22975976E8	45.823206591330916
1.23381968E8	55.3847547855882
1.24150703E8	54.062718666662704
1.24919438E8	50.54073576688543
1.253769895E8	47.479250755765406
1.25761357E8	44.32280798185142
1.26456908E8	45.72041960478581
1.27225643E8	44.12654683078679
1.277254535E8	44.194680115884
1.28109821E8	40.39623807925999
1.28763113E8	50.85529152274038
1.29531848E8	49.75531801259846
1.300272615E8	40.64748563474331
1.30411629E8	42.48235212236156
1.31069318E8	36.59431991370638
1.31838053E8	46.503379064757034
1.322676755E8	44.29655487065646
1.32652043E8	49.193453874315125
1.33375523E8	51.22264031168596
1.34030498E8	48.98686896943523
1.344148655E8	29.93524206213518
1.34912993E8	46.65199113662006
1.35681728E8	46.54321194153333
1.361569665E8	43.99453877327967
1.36541334E8	27.23780972294567
1.37219198E8	40.36423615332944
1.37895604E8	40.73542965803842
1.382799715E8	34.21430240980392
1.38756668E8	45.13473548391194
1.39525403E8	43.14097187228349
1.400102465E8	44.85666611600692
1.40394614E8	42.62592481557123
1.41062873E8	53.25649653098392
1.417121025E8	50.14867684234677
1.4209647E8	41.835094588188944
1.42600343E8	44.47368520114566
1.43369078E8	44.13750153993318
1.437831155E8	10.514378052840382
1.44167483E8	39.06347631843181
1.44906548E8	30.392163412610746
1.45465214E8	25.944180188780635
1.458495815E8	45.30305168818647
1.46444018E8	44.63748090068765
1.47106683E8	42.98001992841141
1.474910505E8	51.18201520814945
1.47981488E8	39.02927613914571
1.48737048E8	35.72660409824515
1.491214155E8	32.78042637455991
1.49518958E8	46.465837273206965
1.50287693E8	49.03493417389387
1.50728883E8	50.87461245236703
1.511132505E8	51.4061513888586
1.51825163E8	48.87380549228691
1.52332369E8	45.608265556402316
1.527167365E8	58.252936994940946
1.53362633E8	59.045343454475955
1.5389724E8	52.40773182559249
1.542816075E8	28.946402483347743
1.54900103E8	27.80900752359885
1.55461321E8	30.172293893865625
1.558456885E8	54.87407111515221
1.56437573E8	57.47821488548809
1.57018682E8	55.166898904329656
1.574030495E8	16.430122627540076
1.57975043E8	30.70655575096309
1.585640605E8	49.72714066563233
1.58948428E8	57.15580165317136
1.59512513E8	56.07961364049201
1.6009777E8	51.634987690092125
1.604821375E8	29.28297834181118
1.61049983E8	41.68732345219754
1.616289075E8	48.7946339373543
1.62013275E8	53.007613561320994
1.62587453E8	37.876466685968936
1.631586895E8	31.720535472259122
1.63543057E8	55.04113805521702
1.64124923E8	55.148904638124144
1.64685819E8	43.70706050238429
1.650701865E8	44.66796135541746
1.65662393E8	47.73059370223201
1.66204869E8	48.811217984831295
1.665892365E8	30.74652820991995
1.67199863E8	47.80575287754379
1.67707403E8	23.008731999366347
1.680917705E8	56.55081424454182
1.68737333E8	51.135888110430486
1.69197014E8	49.35551820406429
1.695813815E8	46.77835626588141
1.70274803E8	41.313523776722896
1.706842435E8	42.34252938849614
1.71068611E8	48.24613229066217
1.717757825E8	45.79230216552472
1.7216015E8	41.07888487464012
1.72581008E8	53.893847551752415
1.732448375E8	54.39264964876642
1.73629205E8	46.29528754668579
1.74118478E8	41.40688830665411
1.7470787E8	36.62322882500867
1.750922375E8	39.426751505038524
1.75655948E8	44.50856297439695
1.761671155E8	26.832162210533053
1.76551483E8	46.02248381021945
1.77193418E8	49.92486423081178
1.775981795E8	19.83742015168393
1.77982547E8	58.50832629503993
1.786433205E8	57.54272788294507
1.79027688E8	47.078172055675154
1.79499623E8	48.248727252776305
1.80059845E8	52.78811468655792
1.804442125E8	48.88617301250271
1.81037093E8	50.121772832658024
1.814629515E8	31.344490980443886
1.81847319E8	29.327824221533472
1.824697645E8	31.548759585200376
1.82854132E8	54.51522053133658
1.83343298E8	37.28049044051817
1.83845386E8	46.854120555056106
1.842297535E8	25.320173076945768
1.848263935E8	40.75837584130423
1.85210761E8	41.6203076307827
1.85649503E8	54.564801202914886
1.861815255E8	56.989129470506505
1.86565893E8	37.93642670390873
1.871516995E8	40.975065160740726
1.87536067E8	47.39377442888383
1.87955708E8	47.37328826131248
1.88487033E8	40.7642777869839
1.888714005E8	33.610294927043256
1.89437117E8	48.528736735824964
1.898214845E8	46.516749460762504
1.90261913E8	47.42128815037443
1.907655555E8	49.33047510428973
1.91149923E8	48.188497495294044
1.917006725E8	46.46545767791007
1.9208504E8	48.641317233091065
1.92568118E8	47.012514528346074
1.93014003E8	54.81321879611145
1.933983705E8	31.6467342594384
1.939421735E8	32.87861292032694
1.94326541E8	40.594210218613114
1.948700135E8	38.278524771335604
1.95254381E8	38.69458945351049
1.95643058E8	48.18054400071722
1.96173218E8	39.40348265667253
1.965575855E8	38.224562349532874
1.970859405E8	38.07734869267823
1.97470308E8	29.904983831426783
1.97949263E8	37.67304367999138
1.98379719E8	23.514370187593986
1.987640865E8	32.945902126876625
1.99284827E8	31.477323825336963
1.996691945E8	28.582781053965046
2.001689555E8	32.82641440435574
2.00553323E8	39.50314949200833
2.01024203E8	38.613741811573234
2.0143258E8	32.486000253869136
2.018169475E8	31.91486030468009
2.023091665E8	35.63668336382633
2.02693534E8	39.379025307933055
2.03168465E8	46.83337285985934
2.035528325E8	29.50165407023936
2.04022535E8	38.78644324904458
2.044069025E8	38.28482632541134
2.048603755E8	36.81322026768819
2.05244743E8	4.165088084864558
2.05636613E8	47.502090344389124
2.060816995E8	30.356073674756615
2.06466067E8	51.44843316669813
2.069158215E8	34.245122455369426
2.07300189E8	49.18701483899327
2.07743072E8	41.682712547599145
2.081274395E8	42.81487835724064
2.08563085E8	37.5447826382913
2.089474525E8	36.0388474307742
2.09377998E8	49.65775478363404
2.097623655E8	33.234208521926405
2.101865875E8	24.7082082615576
2.10570955E8	33.199268692371945
2.10991954E8	48.30855329295995
2.113763215E8	23.317164673678143
2.117807295E8	44.02631823432235
2.12165097E8	34.948593989203125
2.12555228E8	39.990387445294175
2.12951007E8	36.35153137856723
2.133353745E8	29.01554290158937
2.137362725E8	35.819549238946564
2.1412064E8	31.106122385632155
2.145168735E8	28.940377708025423
2.14901241E8	57.92928249445655
2.15295174E8	59.398121771243176
2.156795415E8	41.98923179923087
2.160708055E8	7.264272399065575
2.16455173E8	44.72569821147924
2.16845987E8	16.9312101910828
2.172303545E8	55.660695632541945
2.176193275E8	57.6387456412744
2.18003695E8	38.71177303753554
2.183870575E8	31.955742680678775
2.18771425E8	42.04244652870904
2.191437085E8	39.02594381229602
2.19528076E8	46.93789913986457
2.19895419E8	35.42170697217194
2.202797865E8	43.0995466657071
2.20645687E8	38.47371775644871
2.21025053E8	46.24233908249779
2.21390679E8	54.45517791970803
2.217493495E8	34.01589884721214
2.22133717E8	40.25916944385355
2.22491112E8	33.044089186620695
2.228754795E8	33.05169614241618
2.232300165E8	37.40162673158272
2.23614384E8	23.000804866723264
2.239617555E8	26.090535555514943
2.24346123E8	54.26548100448664
2.2468963E8	41.15593286718328
2.250739975E8	25.83540024281701
2.254154375E8	34.55335521797439
2.25799805E8	32.09587293279435
2.261404185E8	35.696333615279514
2.26524786E8	56.71381703351024
2.2685767E8	58.29391481985401
2.272420375E8	33.28489199998421
2.275674865E8	14.509088099088705
2.27901798E8	48.57534555257019
2.282642395E8	37.529038297460765
2.28575658E8	44.56308602180545
2.289600255E8	44.78513870196377
2.29270193E8	46.23669726958057
2.296545605E8	36.151922813041104
2.299644725E8	43.499180405971785
2.3034884E8	29.665317891125284
2.30655893E8	33.96092056570437
2.309973965E8	39.39168534229005
2.313463715E8	34.16123810640531
2.31650276E8	34.47521883341451
2.320346435E8	25.378989972272546
2.32330417E8	49.8853671562734
2.327147845E8	31.555342140316913
2.33008396E8	33.71799742716052
2.333832675E8	42.41933988246811
2.336859445E8	14.791143525952293
2.33975938E8	49.00238511368773
2.343603055E8	48.43136364266887
2.346438945E8	54.57482628916637
2.35028262E8	39.46006280059589
2.353116695E8	27.689122134516936
2.35668032E8	43.7999056260904
2.359736405E8	47.07801691540217
2.36248209E8	46.50938782264445
2.366325765E8	46.584830604666756
2.36905892E8	47.56689039217288
2.372902595E8	43.19808926963455
2.375596255E8	42.596522839788356
2.378457775E8	27.08693347409325
2.38209635E8	38.75598643850274
2.384723095E8	40.233717229462094
2.38856677E8	34.34414390152169
2.391161115E8	33.04009900112562
2.394117615E8	44.98681407840202
2.39756603E8	58.802544986783
2.40012063E8	56.73551496741772
2.403964305E8	24.259585542514383
2.40651522E8	21.060911557034842
2.40935513E8	37.276620705621035
2.41282414E8	27.17328755331969
2.415260005E8	28.3934008472617
2.41910368E8	56.468108407714105
2.42153892E8	22.78251075158714
2.423992835E8	33.320913106031
2.427812845E8	48.98423664905947
2.430194555E8	36.999916598018544
2.43354977E8	48.07841829588946
2.436401495E8	30.349681837166937
2.43875304E8	47.61736254750914
2.442596715E8	48.85311152525666
2.44494215E8	41.55205376987103
2.447631205E8	48.5672397210868
2.451110035E8	26.436055954064507
2.45340206E8	27.89813678160539
2.45672164E8	53.915408747746085
2.45942791E8	21.331538011421152
2.46158155E8	33.948415805207006
2.46536439E8	52.95345926116148
2.46757852E8	26.169394135887675
2.469695205E8	29.62772166190624
2.47353888E8	40.89475677065984
2.47564574E8	46.73932922836692
2.47805319E8	22.414505741420527
2.48157783E8	49.140086341713484
2.48365893E8	47.930521068778106
2.486381075E8	42.970172046547695
2.489579875E8	31.590015838936516
2.49165224E8	31.328099026216506
2.49467076E8	38.86032244683912
2.4975636E8	46.27367147330205
2.499626485E8	44.676153142597904
2.502879155E8	40.16111654707545
2.5054851E8	30.92496292991162
2.507484705E8	34.553806605982786
2.510885645E8	46.82439932446433
2.51332072E8	33.46875743546376
2.51527848E8	24.293226493599136
2.51873065E8	35.35671581562667
2.5210593E8	53.59791203612354
2.5229909E8	49.45611000382958
2.52643082E8	25.95377519724348
2.5287344E8	53.46682250550239
2.53058026E8	53.154185604115696
2.5338655E8	32.53050662739405
2.53626707E8	40.134705283323065
2.53810996E8	32.39578294966573
2.541215335E8	29.08459218039773
2.543774555E8	22.183412534864974
2.545591305E8	34.309749266899885
2.54848343E8	47.46503968682114
2.551248655E8	40.378378111135966
2.553049575E8	46.72366523808248
2.555674465E8	29.2275088047068
2.55866877E8	41.91340258893774
2.560427725E8	41.79179230529694
2.562705875E8	40.17048773324023
2.56600938E8	25.64159028563897
2.56774153E8	40.6464784025209
2.569624935E8	37.1257940532128
2.57304699E8	54.46549193844832
2.57500726E8	31.120155643323884
2.576711905E8	24.547666529755908
2.57986484E8	41.982469112299626
2.582258865E8	58.55679862995063
2.583930965E8	48.30039590952558
2.586566015E8	49.43623742538867
2.58942833E8	36.88728496215767
2.5910475E8	34.92205061317127
2.593058495E8	46.51266995740284
2.59625725E8	41.95733262816023
2.59808993E8	40.47736142533937
2.59968316E8	30.88907033081077
2.60263454E8	39.138792369927515
2.60511936E8	46.4787591126169
2.60669987E8	45.45236954554848
2.60895678E8	47.11570288944073
2.61207803E8	36.23374512306954
2.613664795E8	54.38824730929374
2.61520696E8	45.795573907226526
2.61824593E8	55.842086063638185
2.62058165E8	37.59311415292659
2.622109925E8	35.0828846202674
2.624361765E8	58.91445752429713
2.627407855E8	22.88984112469147
2.62899969E8	26.36222491047323
2.63050826E8	34.3308275227882
2.633441895E8	36.65680186236979
2.635851015E8	23.952103375232916
2.63733667E8	9.746672184524462
2.639380475E8	43.33093754554095
2.64231582E8	33.84957399541771
2.64411569E8	34.98234558619445
2.645558915E8	20.49536915421069
2.648102425E8	45.061172186705825
2.65083559E8	33.133120327127564
2.65224529E8	53.572594796907595
2.653750005E8	40.9102491396254
2.65651351E8	33.441444407175055
2.65885247E8	42.156838697384266
2.66021552E8	41.990547016492236
2.66196816E8	42.174180220102095
2.664682985E8	36.221165718712584
2.66677402E8	25.46279685850755
2.668104465E8	22.56906375431098
2.670024795E8	40.27996733417361
2.672676815E8	13.094700110878845
2.67460016E8	31.42306754874652
2.67590504E8	19.809683646421576
2.67790844E8	31.755801837700687
2.680494615E8	28.398521494583957
2.68233489E8	47.45846397100266
2.683623315E8	40.697992336995036
2.685626535E8	45.241685727070326
2.688141505E8	39.62918367241141
2.68998196E8	27.04428221776891
2.691212125E8	35.54892748237392
2.69305491E8	26.21264184338184
2.69544969E8	40.76821202995217
2.69745058E8	33.87137377710742
2.698635095E8	45.960101235670685
2.700194335E8	43.93131132997411
2.7025476E8	35.56168033399021
2.704832035E8	48.50263164158708
2.706000615E8	55.25950283656848
2.707192135E8	24.910048818611614
2.70946674E8	35.90930079592459
2.711728175E8	30.16322526920634
2.713243835E8	15.91099984581696
2.714361945E8	31.199358950362445
2.71620605E8	45.37569143211677
2.718435565E8	47.24960552087258
2.720435135E8	33.5659337617234
2.721547675E8	24.949252235576186
2.722872195E8	34.26284779263927
2.725064275E8	36.627013778301716
2.727249785E8	32.92114975960445
2.72867561E8	38.49167355256688
2.729767215E8	33.70023247612487
2.731596875E8	28.23319731074395
2.733731465E8	16.59991203600058
2.73574548E8	27.794182236267584
2.736806165E8	9.620916918749668
2.737972355E8	45.05133066779036
2.74008185E8	26.71365861931618
2.7421821E8	35.871802887429915
2.74380672E8	51.200474358523536
2.744841805E8	45.33226327999635
2.746317545E8	26.791543322538402
2.74835029E8	34.71958573757636
2.750368585E8	46.66342029622478
2.751721665E8	16.869495543017393
2.752717585E8	32.1716646090535
2.754346305E8	53.79500328841089
2.75629477E8	48.490713085386346
2.75822252E8	49.960025065982435
2.75947145E8	24.792975872027256
2.760430425E8	26.80226071591122
2.762057895E8	48.22534764300349
2.763968555E8	45.81728080642269
2.76587426E8	30.25727229882961
2.767135505E8	27.690060761722386
2.76808458E8	29.59472521538019
2.76967139E8	51.78682414000211
2.77156076E8	28.459586893857498
2.773432765E8	34.47757977550469
2.774748495E8	26.58671212793219
2.775673295E8	33.731366413536364
2.77713495E8	17.850205096567933
2.77897569E8	30.5027383509698
2.780813245E8	18.60097942703357
2.78227624E8	41.66564965678471
2.78318713E8	26.99834131214123
2.78445831E8	46.52890673495473
2.78624475E8	37.683407659321354
2.78799759E8	34.030288766332795
2.7896884E8	48.327949766299746
2.79055951E8	15.932562179956108
2.791480645E8	46.11943596891576
2.793219045E8	16.270770115887235
2.794951505E8	21.901190730524398
2.796670295E8	42.6123284646581
2.797860375E8	39.80454819230248
2.798713395E8	45.17969538030095
2.80007599E8	39.48264698610229
2.801762495E8	49.723246619737786
2.8034403E8	42.78525823362982
2.80507948E8	38.212856279755755
2.805915035E8	32.37894326885629
2.80677891E8	20.0877757431761
2.80844071E8	35.01407068555145
2.810100155E8	35.292277262426026
2.81175222E8	38.612862671965814
2.813072575E8	32.05079951827782
2.81389511E8	36.60360233557022
2.81503931E8	28.350721141522204
2.816671245E8	26.62947267743268
2.81829173E8	39.140120197096174
2.819906385E8	44.2390970934695
2.820985375E8	36.013801174310444
2.821788915E8	28.169008090901052
2.823119855E8	30.562564061319872
2.82471554E8	41.515556527882055
2.8263049E8	42.52573850200186
2.827887405E8	56.709219827834985
2.82881078E8	13.43034442547166
2.829592085E8	22.745467575606355
2.831008305E8	47.740168673051365
2.832545715E8	34.268675786980005
2.8340819E8	42.05301904983896
2.8356106E8	23.590151527027494
2.83650187E8	14.403168878011078
2.837259075E8	24.972390770510195
2.838639935E8	36.112075885131524
2.84014566E8	2.7626938364918714
2.841642325E8	30.67341259101536
2.843131325E8	30.56675907010122
2.844097475E8	26.798653141593636
2.844837785E8	35.07688348795215
2.84609444E8	34.93793419939908
2.847568575E8	33.52406268528932
2.84903889E8	46.03389936327287
2.850507725E8	21.07773499216042
2.85162443E8	26.57750708155039
2.85235427E8	23.974983173791813
2.8534268E8	25.53269010482079
2.85486983E8	32.1554180128194
2.85630282E8	21.182420059771623
2.85773144E8	53.98754316954726
2.859069595E8	24.396490792981584
2.859767315E8	32.83183934033781
2.86052856E8	26.646108999970256
2.861903485E8	49.73224384904206
2.86326707E8	52.51425203259982
2.86461012E8	37.40080371056353
2.865942015E8	38.59366478600172
2.866994605E8	10.433040497562416
2.867650045E8	8.169215939440797
2.868562865E8	28.100325192993726
2.86985097E8	34.72531641844025
2.87113018E8	43.19475599843597
2.872400565E8	35.464341684242946
2.8736678E8	33.37596208892564
2.874684495E8	32.016939159305586
2.875308515E8	44.0688051410872
2.876171135E8	20.099598067184502
2.877417145E8	33.94308569789383
2.87865989E8	34.88763966163223
2.87989856E8	34.92825199811218
2.881135245E8	38.25612280356181
2.88225463E8	26.85484819383467
2.882869705E8	27.319460090392106
2.883595355E8	44.70175576881392
2.884818635E8	54.604992746498326
2.88604014E8	44.27311056534091
2.88725668E8	38.053411358019986
2.88845977E8	39.63074494127373
2.889652565E8	50.855070259106476
2.890345995E8	37.44788357169215
2.89094055E8	18.240346021668984
2.892031115E8	42.543720337599275
2.893211245E8	26.945275945348495
2.8943711E8	36.55454086028904
2.89550763E8	41.022591170836
2.896633655E8	25.31443408584906
2.897663725E8	37.09406040904781
2.898226395E8	38.32018806371138
2.89887659E8	33.32983021469699
2.899984115E8	39.11139517575732
2.901089365E8	50.45183976979889
2.90218437E8	28.96700581330402
2.903262345E8	38.98532365623075
2.9043256E8	30.096176939611976
2.905335855E8	11.758170429472878
2.905862925E8	52.4876458837136
2.906432345E8	20.25574866425185
2.907479405E8	32.45643385925546
2.90851896E8	21.35874199004052
2.90955247E8	25.951710278417416
2.91058116E8	47.22877117669824
2.91160204E8	25.577814654994427
2.912615545E8	30.329570904391996
2.91331315E8	27.797672089248092
2.9138107E8	35.27764579763967
2.91461273E8	29.536747389571158
2.91559725E8	7.493640397908178
2.91657178E8	35.79005624218359
2.917545145E8	20.84486961125882
2.91851644E8	31.09286116353763
2.91948596E8	6.9991071234129665
2.920451375E8	34.17897226316043
2.9210626E8	44.6779803547244
2.921538905E8	58.06259708110166
2.922360205E8	20.486352499818317
2.923310645E8	34.08019926535693
2.924255295E8	32.56856330650573
2.925187585E8	28.69470255574018
2.92610929E8	6.830704483582421
2.92702327E8	28.610852508416194
2.92792108E8	25.940725171584116
2.928622145E8	36.582732381757594
2.929062585E8	38.50446833770749
2.92967363E8	30.767972489108207
2.930529085E8	22.101119479146494
2.931380435E8	15.517862335060007
2.9322235E8	21.984959794704576
2.93305647E8	10.383856720947247
2.93388439E8	24.894722571704424
2.93470965E8	36.1564852989567
2.935531875E8	33.11767599497083
2.936254925E8	3.818249659729075
2.936664795E8	3.806872230506654
2.9371692E8	27.664084312725947
2.937980535E8	24.206573906846895
2.938782955E8	44.840431824558124
2.93957456E8	58.94390077868125
2.940359865E8	19.78578312243359
2.94113718E8	40.720323600158935
2.94190606E8	38.55385809332973
2.94267212E8	2.9611654633229376
2.9434356E8	11.064326132556332
2.94403587E8	33.45012860111932
2.944416325E8	26.50865522109661
2.944955125E8	26.4368110650846
2.9457076E8	32.289150863426094
2.9464554E8	26.379530586452184
2.947198625E8	30.651835510497484
2.947938495E8	4.574302158273381
2.94867693E8	38.46094114400962
2.94941437E8	26.74607379375591
2.950150255E8	25.450245246254116
2.9508846E8	42.35354860693948
2.951596985E8	17.815426138449794
2.951959055E8	27.1206655778835
2.9523318E8	8.169707942255467
2.953042615E8	5.580879259570888
2.95375117E8	10.925518290652583
2.95445692E8	35.31396977944179
2.95515887E8	51.57361982057898
2.955858525E8	0.6425326005844573
2.956554665E8	46.739791929304225
2.957244435E8	4.473749664820483
2.957929165E8	27.688451721863224
2.958609135E8	15.34353558321366
2.959283655E8	20.121730860675225
2.95962472E8	5.178678678678678
2.959959795E8	7.406217049542263
2.960623185E8	11.772287530035571
2.961285905E8	43.24504472378236
2.961944545E8	29.309456345500227
2.96259386E8	36.46817386390828
2.963231915E8	40.94488371534285
2.963866495E8	40.50508215753513
2.964495135E8	33.25418929242931
2.96511883E8	3.371146589898912
2.96574108E8	8.063372339670668
2.966360135E8	47.88552373681535
2.966975155E8	10.721281206045433
2.967299425E8	41.50407340030056
2.967605265E8	25.49687220334908
2.968197085E8	27.308796859158967
2.968803715E8	27.43768618536939
2.969406465E8	29.82978524181197
2.970003935E8	21.72780112597951
2.97059853E8	58.40100361632848
2.971191925E8	44.70783286642208
2.971783685E8	31.200283388987884
2.972373605E8	31.28830064890721
2.972962345E8	17.646958831774178
2.973550285E8	30.61773971543557
2.974136535E8	35.197544326434475
2.974716695E8	7.712406930624174
2.975006415E8	0.0
2.975297915E8	38.602564140860466
2.975874835E8	29.047852811352666
2.97644944E8	13.89086900284281
2.977022745E8	24.368826119801742
2.977593955E8	26.101757289577662
2.97816386E8	41.14612568639414
2.97873337E8	27.69232482589581
2.97929694E8	45.49845616161999
2.979853355E8	19.4222227608329
2.98040566E8	37.904231021365966
2.980954345E8	7.151679741283673
2.98150189E8	45.208133290840365
2.982045775E8	24.64021176012002
2.98250394E8	15.727581329870006
2.98277297E8	12.413731008163712
2.98312184E8	15.377970242060849
2.983655255E8	5.322384686021049
2.98418571E8	40.949901296827655
2.98471025E8	15.243815372908246
2.985229515E8	37.12423766872132
2.98574718E8	33.146340927565525
2.98626245E8	5.419326776885124
2.986775555E8	40.23768081890804
2.987287515E8	40.7171779027546
2.9877965E8	52.04590894970849
2.98830158E8	22.561372579079155
2.98880377E8	7.607211181080918
2.9893041E8	28.374949160814513
2.989803155E8	46.12613248906764
2.9902156E8	24.213385915840565
2.99046443E8	17.8506158895987
2.990795815E8	36.35010969485502
2.991287095E8	21.25915371374786
2.991776335E8	33.23641458530853
2.99226409E8	25.908455063414106
2.992750675E8	2.8022956896036346
2.99323612E8	22.21754520426377
2.993721015E8	40.77323154602054
2.99420364E8	24.9013652313506
2.994682855E8	27.703346387662723
2.995160355E8	36.7079058551025
2.99563736E8	28.281417407285343
2.99611366E8	34.88178461797486
2.99658856E8	9.689839550044317
2.99706222E8	27.824826610784193
2.99753043E8	27.233282044150567
2.997914265E8	27.20724552980255
2.998145535E8	31.18304464643
2.998454455E8	28.966079007140966
2.998912785E8	48.767801404183835
2.999369015E8	6.937367618707296
2.99982407E8	20.2630274597953
3.000278035E8	15.012995130324459
3.00072936E8	30.098671346202057
3.001178095E8	8.391745210240531
3.001626E8	6.6657729739846525
3.002072585E8	37.61205
3.0025153E8	35.48191039089934
3.002951105E8	27.782389972857366
3.00338256E8	37.22753672172729
3.00381246E8	35.76701923995332
3.00424041E8	28.17567116108958
3.00466617E8	27.399981457444834
3.00509036E8	18.965143448559637
3.005513965E8	28.18222569244678
3.005739685E8	28.87291643360555
3.0059498E8	35.58740059308345
3.006355E8	38.639085080951865
3.00677186E8	2.578600739825966
3.00718655E8	27.396203638016924
3.007599975E8	44.286759785789215
3.008009635E8	40.80376300064459
3.00841504E8	48.51191542431166
3.00881871E8	15.586952931461601
3.009221625E8	20.64346351600279
3.00962411E8	23.51333356403779
3.01002529E8	6.24995156681358
3.010424755E8	28.18206332112858
3.010823325E8	40.43600488707435
3.011221535E8	33.828650448566236
3.01161883E8	3.017637297667902
3.012013185E8	26.159332084893883
3.01240271E8	5.447658436123319
3.01278813E8	38.00948035897003
3.013171725E8	21.110201895838962
3.013402245E8	28.028051146590617
3.01359325E8	38.188982958862475
3.01393599E8	27.695310205101315
3.01431711E8	7.404112769485904
3.014697935E8	19.616382570248415
3.015075635E8	33.81506906890078
3.01544826E8	31.48089015025742
3.015818905E8	17.437323838371533
3.01618727E8	40.582199334942075
3.01655231E8	1.8133727026877864
3.01691575E8	17.215001807067992
3.01727817E8	57.70316648272875
3.017639465E8	12.473020918387185
3.018000005E8	27.529950277975086
3.018360275E8	16.214992040116506
3.018718265E8	37.55689486031137
3.019074095E8	1.0509554140127388
3.0194275E8	42.78343520619244
3.01977819E8	4.505061437380955
3.020128525E8	18.36433113587305
3.02047874E8	8.105917701688707
3.020828745E8	8.789654976422213
3.021066125E8	5.8488863287250386
3.021240165E8	8.371807462381609
3.0215234E8	31.382567494200682
3.021865385E8	25.855015902556907
3.022202135E8	28.497803101170735
3.02253491E8	9.269171885099713
3.022863395E8	39.2011209244478
3.02318457E8	13.643463295946828
3.023501625E8	8.21955199262189
3.02381257E8	21.0727442309886
3.024117055E8	25.844327800755213
3.024418645E8	27.9601612292004
3.024718665E8	35.90178449934879
3.02501802E8	28.373424765232585
3.0253152E8	36.366320165121536
3.02561013E8	5.348205170580098
3.025904035E8	6.152682976994412
3.026196635E8	41.88623206644853
3.02648696E8	0.620780888576004
3.026774925E8	31.96859097309223
3.0270614E8	39.40313790729692
3.0273473E8	40.414772332979744
3.0276322E8	27.698152757762347
3.02791553E8	2.128587683961693
3.02819683E8	31.158989653716215
3.02847463E8	29.41319524578814
3.02871419E8	22.753230574324323
3.028851665E8	21.45699355303728
3.029023805E8	29.5043673198273
3.02929608E8	22.938832166929554
3.029566585E8	38.23513324893693
3.02983539E8	48.985696068725986
3.030103E8	35.61631884646054
3.03036936E8	44.503076544425305
3.030633795E8	22.344239660127453
3.03089659E8	48.57737268100772
3.031158375E8	25.306416169831174
3.03141897E8	19.680956937799042
3.0316784E8	4.210556538473477
3.03193613E8	36.08629375161619
3.03219033E8	48.964809008347075
3.03244142E8	31.686057645094767
3.03269183E8	34.200892774582506
3.032941495E8	31.652096078225604
3.03318984E8	35.59356495218897
3.03343729E8	9.624864136042817
3.03368407E8	22.865146728783092
3.03392961E8	26.291117038327315
3.034173935E8	1.306532663316583
3.034417695E8	46.3843604488143
3.03466092E8	25.468073976479772
3.03490315E8	21.228135780686276
3.03514472E8	35.91770672084623
3.03538466E8	11.450446903507375
3.035622675E8	32.96748426197706
3.03585904E8	32.53028893782148
3.036094165E8	5.676351407081035
3.03632882E8	46.73314468791656
3.036474595E8	29.572643101284992
3.03659146E8	26.074940245883237
3.036795675E8	16.8236487001601
3.03702759E8	35.14374825953773
3.037259045E8	28.50007326007326
3.03749014E8	35.29070154050759
3.037721115E8	24.73258640061837
3.03795153E8	13.444620986174868
3.038181055E8	9.443274555796195
3.03840977E8	47.19037722336709
3.038636995E8	37.47600068853197
3.038862345E8	34.61184912936852
3.03908542E8	22.14430590793766
3.03930611E8	38.7542028595628
3.039525865E8	3.1040843793431234
3.03974351E8	26.714431045823286
3.039958025E8	14.321974645570233
3.040171415E8	4.591888804789101
3.04038313E8	35.40001235750255
3.040591685E8	24.539600093728033
3.04079863E8	27.39316207186591
3.04100481E8	38.9074929846558
3.04120937E8	26.669235432035226
3.041411265E8	26.30278561405383
3.04161089E8	6.9562482513771915
3.041809935E8	39.12721531694318
3.04200889E8	11.932342439612963
3.042207195E8	43.220785454268956
3.042404435E8	23.887591780189332
3.04260093E8	17.829749704155223
3.042797115E8	31.796359364431417
3.04299283E8	3.862714244732459
3.043188045E8	32.46206638806782
3.0433822E8	3.518465909090909
3.04357514E8	37.98068598068598
3.043766445E8	19.347373402744914
3.04395624E8	2.9780459777839003
3.044120845E8	11.94789667896679
3.044215395E8	34.07168576104746
3.044334495E8	18.006652195224422
3.044520715E8	29.507773009060564
3.04470397E8	28.74821791246864
3.04488589E8	41.48632484974401
3.0450666E8	16.106345366579827
3.0452464E8	17.738680082864754
3.04542522E8	8.796253365240801
3.04560353E8	30.025849675081947
3.045781455E8	30.700086208905148
3.045958945E8	3.124187412722107
3.04613409E8	17.962836236617086
3.04630615E8	28.36847077042199
3.046477165E8	26.363237316495464
3.04664782E8	30.563250891077804
3.046818275E8	7.1173204242898835
3.04698855E8	48.874585304541554
3.047157445E8	16.09601355354762
3.047322845E8	40.022218019040416
3.047485745E8	3.7730257433553374
3.047647915E8	15.09009132371994
3.04780937E8	5.510913740806091
3.04797045E8	17.845827943685208
3.04813105E8	51.10598207536983
3.04829099E8	15.141274238227147
3.04844809E8	10.620051664209686
3.04860144E8	13.033669920667055
3.04875228E8	44.533605705901884
3.048899345E8	16.954020645698247
3.04904393E8	31.2021041996561
3.04918797E8	6.364586100044267
3.04933121E8	19.359557592956413
3.049473325E8	3.952495943855413
3.049613855E8	43.81325964334247
3.049753525E8	1.6752195682508413
3.04989176E8	22.3304078326407
3.050028535E8	16.35582284795743
3.050165075E8	24.796108820715155
3.05030149E8	11.310516835250104
3.05043766E8	6.396477434916455
3.05057328E8	11.141517936269988
3.050707775E8	15.119758182069262
3.050840815E8	2.9957417767951715
3.050973185E8	7.468820435762584
3.0511055E8	25.139646993086675
3.051237565E8	4.182506997557541
3.051369355E8	3.598542382985512
3.05150043E8	32.76077764229241
3.05163013E8	31.01785685084951
3.05175888E8	36.70848777543012
3.05185055E8	6.099290780141844
3.051914585E8	25.381233549121433
3.052015075E8	22.167498161957777
3.05214187E8	2.0279569892473117
3.052267085E8	40.16383440951759
3.05239162E8	33.655294896427016
3.052514665E8	33.734798454498126
3.052635855E8	13.22110552763819
3.05275651E8	49.77437528744443
3.052876965E8	12.486502821800167
3.052997075E8	36.52651318446714
3.05311672E8	16.841664190802078
3.053236175E8	37.49829306722689
3.053355615E8	31.10103402460863
3.05347491E8	37.07682371669553
3.0535937E8	18.76279910284384
3.053711045E8	2.8647707486941383
3.053827095E8	26.040412699384625
3.05394203E8	31.518877495064707
3.05405586E8	34.95522462795682
3.05416915E8	0.0
3.054282015E8	9.097323116728033
3.054393975E8	3.574241967522279
3.05450508E8	29.362061929712876
3.054616145E8	29.06768920999645
3.05472713E8	13.617763031352183
3.054837595E8	46.763044525403835
3.05494683E8	23.873427823533167
3.055054885E8	25.7037845705968
3.055161465E8	1.273619736282433
3.05526661E8	15.972931516737345
3.05537127E8	5.806907561432539
3.055475015E8	32.876867398897446
3.055577785E8	10.517582072907228
3.05567969E8	4.496831739538415
3.05578E8	17.65283803968988
3.05587934E8	40.89284995775158
3.055978485E8	20.113933024187517
3.056077465E8	4.5378593247425805
3.05617534E8	43.252557401111325
3.05627204E8	37.61639175257732
3.0563683E8	38.44485190409027
3.056464125E8	27.56219820648425
3.05655943E8	19.498783689860222
3.05665429E8	2.1450408816210453
3.056749135E8	16.936002625533312
3.05684391E8	36.862344369060935
3.056938605E8	50.2216320799659
3.05703288E8	31.720596432552956
3.0571261E8	22.14564611093895
3.057218545E8	0.3465320340403016
3.057310705E8	29.138750939327604
3.057402675E8	35.98190701339637
3.057494535E8	20.332321392430682
3.057585785E8	32.7122962835216
3.05767648E8	5.724655505634899
3.05776642E8	46.504306325086404
3.057855425E8	25.333033333333333
3.05794349E8	32.55041903217086
3.05803082E8	19.062728053898553
3.058116615E8	42.24165463731505
3.058200515E8	31.278583188511845
3.058282875E8	31.428978893325727
3.058363865E8	56.16263823412786
3.058444065E8	44.10870504929911
3.058523285E8	9.476966588370644
3.058601015E8	3.116796602079428
3.058677105E8	0.9247842170160296
3.058752425E8	56.35286296356392
3.05882709E8	20.723431766556
3.058900985E8	33.43927493740236
3.05897348E8	38.25041070991646
3.059044835E8	6.427061310782241
3.059115865E8	0.006644518272425249
3.059186575E8	25.253529372407332
3.059257075E8	27.962105624142662
3.059327345E8	15.272253708314874
3.059397415E8	0.8443849992283554
3.05946737E8	15.662315524597567
3.05953382E8	4.067615448790303
3.059568435E8	3.685668697418045
3.059606085E8	3.119070208728653
3.059675075E8	26.550218340611355
3.05974393E8	31.01260504201681
3.059812595E8	24.36496525281572
3.0598811E8	12.603869184707508
3.05994947E8	4.907776427703523
3.060017745E8	2.6665077566331914
3.06008546E8	31.059730250481696
3.06015243E8	28.15439364905557
3.06021916E8	1.6976931330472103
3.06028584E8	9.91308480451769
3.060351805E8	1.0867256637168141
3.060416715E8	46.31201541425819
3.06048088E8	25.067617866004962
3.06054431E8	29.546789942106628
3.06060702E8	20.905005969888464
3.06066934E8	9.600770128517818
3.060731045E8	16.26109936575053
3.06079204E8	2.5708333333333333
3.060852755E8	55.17379334378812
3.06091306E8	18.2319587628866
3.060973105E8	21.19929906542056
3.06103308E8	35.092039661643604
3.06109298E8	29.79572114968401
3.06115231E8	39.720190187036344
3.06121083E8	11.335877862595419
3.061268995E8	56.33809897280045
3.061326905E8	28.789582866113477
3.061384525E8	17.84815826846675
3.06144196E8	0.0
3.06149915E8	30.929552546080355
3.061556135E8	39.41263269639066
3.061612865E8	31.35950663773296
3.061668935E8	23.07884437576786
3.061724375E8	33.77072200144607
3.06177958E8	41.55844155844156
3.06183465E8	31.31757322175732
3.0618895E8	38.03835698047057
3.061944175E8	31.89474089770757
3.061998695E8	51.00939328252104
3.062052965E8	28.633986928104576
3.062107035E8	20.276753842042876
3.062160895E8	32.56699607246928
3.06221455E8	7.455068078668684
3.062267975E8	22.932723358449945
3.062321055E8	0.0
3.062373925E8	18.313253012048193
3.062426715E8	2.8866165831942125
3.06247945E8	28.869062675660484
3.062532015E8	0.0
3.062584425E8	55.97703043225431
3.06263673E8	25.817700188299874
3.062688905E8	49.76724068016544
3.06274102E8	24.679746835443037
3.06279276E8	30.619784415474836
3.062844135E8	23.824642169582322
3.062895485E8	16.77638640429338
3.06294667E8	0.0
3.06299761E8	5.109033149905628
3.063048415E8	6.036889399364908
3.063099165E8	49.871313640730065
3.063149815E8	0.0
3.063200175E8	4.692449355432781
3.063250325E8	56.200387269748276
3.06330018E8	0.841081081081081
3.063349735E8	22.76923076923077
3.063399235E8	44.6500227998176
3.06344861E8	13.458333333333334
3.063497735E8	40.56503033304445
3.06354609E8	3.965001665001665
3.06359362E8	5.934730106953549
3.06364072E8	27.065759637188208
3.06368756E8	1.196236559139785
3.063734225E8	10.870003601008282
3.063780725E8	22.687162567486503
3.06382707E8	48.595954812960834
3.063873235E8	42.916402396053556
3.06391931E8	2.0726069220309413
3.063965295E8	3.2834681638005985
3.06401082E8	10.90383488957034
3.064055785E8	46.08995226318514
3.06410055E8	0.0
3.0641452E8	10.622234762979684
3.0641896E8	2.959098059779759
3.064233765E8	29.710406859448554
3.06427766E8	0.33558790778240605
3.064321085E8	9.891699556246294
3.06436424E8	0.33059548254620125
3.06440737E8	8.062165058949624
3.064450465E8	2.09085252022402
3.06449342E8	2.611111111111111
3.06453625E8	0.0
3.06457902E8	12.862263042335405
3.064621725E8	47.789542975362046
3.06466441E8	35.03037286819825
3.06470704E8	59.11290054789972
3.064749595E8	3.2534329766905716
3.064792095E8	19.90676056338028
3.06483446E8	17.51026290505721
3.064876545E8	0.9414561664190193
3.064918455E8	44.56064073226545
3.0649603E8	27.69226246664293
3.065001735E8	0.0
3.06504273E8	25.09976398898089
3.065083565E8	0.0
3.06512427E8	37.00701954088408
3.06516488E8	41.083211387521615
3.065205265E8	17.5339382710851
3.065245425E8	9.378920250896057
3.06528524E8	14.339622641509434
3.06532471E8	2.5288661170671296
3.065364115E8	59.670805881582965
3.065403375E8	17.513761467889907
3.0654423E8	19.228458644297785
3.06548097E8	14.272300469483568
3.0655195E8	1.9226750261233019
3.065557735E8	31.049382716049383
3.06559577E8	36.59958285257833
3.065633635E8	4.273127753303965
3.065671335E8	23.70013764624914
3.065709005E8	25.207179377929272
3.065746505E8	5.298039616091485
3.065783835E8	10.52698093919903
3.06582112E8	9.048598793898545
3.06585833E8	39.892840208629686
3.06589543E8	17.468228162028108
3.065932395E8	8.482735125927729
3.065969265E8	3.448481015517358
3.06600612E8	6.5809410415839835
3.066042955E8	9.464695718947974
3.06607968E8	23.294178334561533
3.0661163E8	6.120335758254057
3.066152875E8	23.79970631424376
3.06618939E8	43.07692307692308
3.066225875E8	1.425891181988743
3.066262295E8	1.0209631728045325
3.066298605E8	20.871780324520593
3.066334545E8	0.0
3.06637011E8	18.523489932885905
3.0664056E8	15.657002188183807
3.066440915E8	0.4013491642525875
3.066476025E8	54.71072319201995
3.066511055E8	19.11710115582553
3.06654603E8	13.495338993222536
3.066580945E8	45.10713797131341
3.066615705E8	1.8408862034239677
3.06665033E8	49.50242214532872
3.06668493E8	6.115727002967359
3.066719485E8	3.4368021091811416
3.066753845E8	13.702029677639434
3.06678798E8	21.187450980392157
3.066821985E8	7.079896907216495
3.06685591E8	0.0
3.066889815E8	37.16315898070773
3.066923705E8	3.4422491589683344
3.066957585E8	6.693734015345268
3.066991455E8	56.825162425270356
3.067025305E8	1.2074136164664244
3.06705914E8	0.49455546248653826
3.067092965E8	40.0
3.06712672E8	32.2433046993431
3.06716041E8	19.899451714490045
3.067194095E8	38.07955245111569
3.067227775E8	4.892657662232152
3.067248635E8	0.0
3.06726541E8	1.1650485436893203
3.067294915E8	18.95212765957447
3.067328405E8	23.741922754402406
3.067361665E8	3.3862380713209443
3.06739469E8	12.357723577235772
3.06742768E8	0.0
3.06746065E8	46.838486008250904
3.067493595E8	35.687547268222716
3.067526505E8	1.4004404323633735
3.06755933E8	0.0
3.067591995E8	7.389970216871513
3.067624565E8	0.3535093086268683
3.067657115E8	3.1677951952509042
3.06768965E8	51.63636363636363
3.06772208E8	14.82296860901363
3.067754395E8	0.6233766233766234
3.067786575E8	37.94443722803143
3.067818625E8	47.71588698471515
3.067850465E8	34.99368193532297
3.0678821E8	8.375233354075919
3.067913705E8	5.372609166365933
3.067945245E8	10.883317261330761
3.06797666E8	29.352494360642655
3.0680079E8	0.0
3.06803903E8	19.959197907585004
3.068070135E8	29.310344827586206
3.068101235E8	4.75618242358487
3.06813233E8	12.946737735275962
3.068163365E8	19.95718443627451
3.068194285E8	18.095238095238095
3.06822513E8	3.4268912322788077
3.068255925E8	3.0962395327998022
3.068286625E8	22.024072398190047
3.068317255E8	0.10176542207792208
3.068347845E8	0.0
3.068378385E8	20.12230215827338
3.0684088E8	0.20208540218470705
3.06843903E8	4.35835557278955
3.068469175E8	13.806606625226706
3.068499285E8	7.919317677397536
3.068529315E8	17.383360855279957
3.06855925E8	28.50520156046814
3.06858904E8	8.475814015811336
3.06861871E8	10.367469879518072
3.06864829E8	28.12819450200304
3.068677785E8	0.0
3.06870722E8	20.232913428035378
3.068736605E8	8.240460146681063
3.06876586E8	9.979390048154093
3.06879498E8	0.0
3.068824045E8	0.0
3.068853035E8	3.8124808997005073
3.06888198E8	0.0
3.0689109E8	9.0
3.068939665E8	3.217755443886097
3.06896809E8	30.309935639581656
3.068996235E8	29.637901861252114
3.069024245E8	13.089561936904174
3.06905212E8	35.465769186514784
3.069079905E8	7.543833017077799
3.069107675E8	1.3438146462556888
3.06913543E8	40.97340644276902
3.06916313E8	0.0
3.06919067E8	1.511122444387778
3.069218095E8	19.873318663865128
3.069245455E8	24.290250935162096
3.06927266E8	0.3523468168629459
3.06929975E8	37.59166420918117
3.069326695E8	18.775510204081634
3.069353465E8	7.705959501619538
3.06938016E8	7.232415902140673
3.06940674E8	0.037836069609040235
3.06943317E8	6.455948121645796
3.069459505E8	19.33139534883721
3.069485655E8	0.0
3.06951153E8	5.8389261744966445
3.069537225E8	2.618071705998324
3.069562725E8	15.719178082191782
3.069587885E8	0.0
3.069612825E8	7.415104565161949
3.069637735E8	25.107888290053896
3.0696626E8	1.0370169321669416
3.06968739E8	16.40701377278879
3.06971213E8	0.0
3.06973672E8	0.0
3.069761095E8	0.0
3.06978536E8	1.7846030042918455
3.0698095E8	0.0
3.06983354E8	9.010695187165775
3.06985755E8	4.6117084826762245
3.06988152E8	3.2402538531278333
3.06990543E8	51.95482712433212
3.069929255E8	18.0
3.069953025E8	25.301894736842105
3.069976725E8	12.609397927166645
3.070000295E8	30.0
3.07002367E8	0.0
3.07004687E8	2.4246575342465753
3.070070005E8	26.221741221741222
3.070093035E8	13.333333333333334
3.070115925E8	0.0
3.07013868E8	4.062038688434628
3.07016134E8	17.62630944591756
3.07018396E8	0.22866280231860883
3.07020655E8	0.12352941176470589
3.070229135E8	0.0
3.0702516E8	1.4967185774004201
3.07027389E8	1.8568840579710144
3.0702961E8	6.445561289254374
3.070318285E8	0.3192600430048807
3.070340435E8	19.085090361445783
3.070362525E8	39.03272853117121
3.07038456E8	15.795176320116937
3.07040653E8	43.07692307692308
3.0704284E8	22.966532514297818
3.070450185E8	18.373975339257424
3.07047178E8	0.850989775940831
3.0704932E8	44.067796610169495
3.07051452E8	40.26071679550246
3.070535745E8	50.553376906318086
3.07055696E8	0.22020997375328083
3.07057816E8	57.155574522141286
3.07059934E8	0.0
3.0706204E8	0.0
3.070641345E8	0.0
3.07066228E8	18.832836681726427
3.070683165E8	0.0
3.070704E8	5.35361216730038
3.07072481E8	2.946930942408483
3.07074558E8	18.987714987714988
3.070766325E8	6.0
3.070787045E8	0.9637561779242174
3.07080772E8	9.013125512715341
3.070828335E8	10.214654487688641
3.07084889E8	0.0
3.07086942E8	0.0
3.07088987E8	0.0
3.070910185E8	5.616478956727919
3.07093044E8	41.62179018935776
3.07095069E8	0.21786052842663037
3.07097091E8	21.145688382880035
3.07099108E8	11.997689196995957
3.071011185E8	34.878685815963394
3.07103122E8	6.446502057613169
3.071051185E8	18.365665584415584
3.071071095E8	53.56842724484222
3.071090915E8	5.16593739481656
3.07111059E8	0.0
3.071130195E8	25.09278350515464
3.07114979E8	41.60439944134078
3.07116933E8	1.5108195623046003
3.071188785E8	6.689969604863222
3.071208195E8	0.0
3.07122752E8	0.0
3.071246735E8	4.798342893562779
3.071265845E8	13.860917941585535
3.07128479E8	0.0
3.07130355E8	0.0
3.07132213E8	0.7335588124765126
3.071340475E8	0.0
3.07135863E8	31.13499930196845
3.071376725E8	0.12701042313798577
3.07139478E8	15.574938574938574
3.07141279E8	17.692307692307693
3.071430775E8	7.218562874251497
3.07144871E8	0.7384464110127827
3.071466595E8	0.0
3.07148442E8	0.14013840830449828
3.07150216E8	48.05494505494506
3.071519825E8	6.623529411764705
3.071537425E8	0.0
3.071554995E8	0.752501667778519
3.071572545E8	4.777327935222672
3.07159008E8	17.333333333333332
3.071607605E8	28.7396449704142
3.071625115E8	42.74643521388717
3.07164259E8	0.8466257668711656
3.07165998E8	0.0
3.071677295E8	0.0
3.07169459E8	0.0
3.07171187E8	6.713332515638415
3.07172911E8	21.03835335089521
3.071746285E8	37.55277410037309
3.071763405E8	32.01659357203639
3.0717805E8	8.606741573033707
3.07179757E8	8.640332834704562
3.0718146E8	0.0
3.07183154E8	40.131748726655346
3.071848325E8	9.0
3.071864995E8	10.4675256915523
3.07188158E8	30.436889780863527
3.07189806E8	5.223422227585375
3.07191447E8	0.5948619886930495
3.071930855E8	0.0
3.07194713E8	6.991380080393033
3.07196327E8	3.660996354799514
3.071979365E8	2.34894113075578
3.07199539E8	29.25446171560161
3.07201133E8	0.0
3.072027235E8	0.0
3.072043025E8	0.6645161290322581
3.07205867E8	32.28854314002829
3.07207427E8	40.0
3.07208982E8	1.3770491803278688
3.072105315E8	35.5
3.07212076E8	0.1335438042620363
3.072136115E8	20.444444444444443
3.072151395E8	25.21530825496343
3.072166655E8	1.2936074327869864
3.07218189E8	1.6046511627906976
3.07219709E8	0.0
3.07221218E8	9.559748427672956
3.072227155E8	40.0
3.072242065E8	1.1773308957952469
3.07225692E8	3.975
3.072271765E8	1.3263842187850259
3.07228659E8	42.38489252564729
3.072301395E8	0.0
3.072316155E8	13.0
3.072330835E8	41.586319218241044
3.0723454E8	4.840838240387946
3.072359815E8	12.62098806002848
3.072374155E8	40.0
3.07238849E8	3.6327305425117395
3.072402775E8	0.0
3.072416995E8	33.588848513730866
3.072431125E8	3.805082965763495
3.072445175E8	0.0
3.07245921E8	0.0
3.07247322E8	0.0
3.072487205E8	26.910971223021583
3.072501165E8	8.614879649890591
3.072515085E8	17.27661859965496
3.072528945E8	31.488198757763975
3.07254274E8	52.04890738813736
3.072556495E8	16.204938271604938
3.072570195E8	2.159851678772794
3.07258382E8	0.18550082381682859
3.07259739E8	0.0
3.072610935E8	0.0
3.072624475E8	1.2391788138422166
3.072637995E8	52.89121002731802
3.07265146E8	14.13312693498452
3.072664865E8	0.23550019462826002
3.072678185E8	0.0
3.072691435E8	0.0
3.072704615E8	7.577981651376147
3.07271773E8	22.52990256140965
3.072730825E8	7.52918388429752
3.072743855E8	0.0
3.072756825E8	5.729856584093873
3.072769735E8	0.5111111111111111
3.07278257E8	0.0
3.07279535E8	1.650943396226415
3.07280808E8	0.0
3.07282078E8	0.0
3.07283345E8	2.8639528655597215
3.072846035E8	5.687883749488334
3.072858485E8	0.0
3.072870805E8	0.9222179437812861
3.07288306E8	0.4341569372793918
3.072895305E8	0.0
3.0729075E8	1.0698529411764706
3.072919625E8	0.0
3.0729317E8	2.61
3.072943745E8	0.0
3.07295576E8	0.0
3.07296769E8	0.0
3.072979505E8	4.9875
3.072991265E8	0.0
3.073002965E8	7.0
3.0730146E8	0.0
3.0730262E8	16.931729695469773
3.073037765E8	0.0
3.073049325E8	0.0
3.073060875E8	8.264990328820115
3.07307234E8	16.0
3.073083675E8	0.0
3.0730949E8	0.10060975609756098
3.07310606E8	12.461705726020778
3.073117205E8	0.0
3.07312834E8	11.026561679790026
3.07313946E8	0.0
3.07315057E8	0.0
3.073161665E8	0.5503816793893129
3.07317273E8	3.717948717948718
3.073183765E8	28.073237078886795
3.073194775E8	9.774129914048189
3.073205775E8	1.6610503674493637
3.07321677E8	6.909090909090909
3.073227755E8	0.0
3.073238735E8	7.191889734774067
3.07324967E8	11.941228900896887
3.07326045E8	13.432835820895523
3.07327112E8	29.175641025641024
3.07328175E8	0.0
3.07329233E8	8.13785046728972
3.073302885E8	4.845529888908482
3.0733134E8	13.233790296082654
3.07332388E8	0.6301596037424326
3.073334315E8	0.0
3.073344645E8	0.0
3.073354855E8	11.795515216230646
3.073365005E8	2.2309197651663406
3.07337512E8	0.0
3.07338521E8	9.0
3.07339524E8	19.323835246455097
3.073405195E8	0.0
3.073415095E8	0.0
3.073424955E8	0.0
3.07343481E8	0.0
3.07344466E8	0.0
3.07345449E8	15.283100465735195
3.0734643E8	0.0
3.073474095E8	0.0
3.073483845E8	26.666666666666668
3.073493565E8	0.0
3.07350326E8	0.0
3.073512895E8	0.0
3.07352248E8	0.0
3.07353193E8	14.138252427184465
3.07354126E8	11.565495207667732
3.073550565E8	0.0
3.073559835E8	0.0
3.073569075E8	0.0
3.073578275E8	0.0
3.073587445E8	0.0
3.07359658E8	0.0
3.07360568E8	4.389222717580926
3.07361477E8	0.0
3.073623815E8	0.0
3.0736328E8	0.0
3.073641745E8	0.0
3.073650655E8	0.0
3.07365955E8	0.8759124087591241
3.073668425E8	0.0
3.07367728E8	0.0
3.07368608E8	0.0
3.073694805E8	0.0
3.0737035E8	0.042011457670273714
3.073712185E8	32.100628930817614
3.07372084E8	0.0
3.073729445E8	0.0
3.07373801E8	12.490488140532664
3.07374652E8	0.0
3.07375497E8	22.41782006920415
3.07376337E8	0.20308483290488433
3.07377173E8	28.06926147704591
3.073780065E8	8.04438690586277
3.07378836E8	0.0
3.073796625E8	40.0
3.07380485E8	41.208028259473345
3.073812975E8	1.2586750788643533
3.073821025E8	0.0
3.073829055E8	46.0
3.07383704E8	0.0
3.073844975E8	12.630513376717282
3.073852875E8	5.75
3.07386072E8	1.602238046795524
3.07386853E8	0.0
3.073876335E8	27.551020408163264
3.07388411E8	3.1729243786356425
3.073891845E8	0.0
3.073899525E8	6.6089644513137555
3.073907155E8	60.0
3.073914765E8	0.0
3.073922355E8	18.536585365853657
3.07392992E8	0.0
3.073937465E8	34.52857142857143
3.073944975E8	11.025
3.073952445E8	0.0
3.073959905E8	0.0
3.073967355E8	0.0
3.073974755E8	0.0
3.073982085E8	0.0
3.07398938E8	0.0
3.07399665E8	0.0
3.074003845E8	0.0
3.074010975E8	0.0
3.07401809E8	31.0
3.074025195E8	16.42339832869081
3.074032295E8	0.0
3.074039365E8	0.0
3.0740464E8	0.0
3.0740534E8	0.0
3.074060365E8	0.0
3.07406728E8	10.950920245398773
3.07407414E8	0.0
3.07408095E8	0.0
3.07408771E8	0.0
3.074094455E8	40.0
3.07410119E8	0.0
3.07410791E8	0.0
3.074114535E8	0.0
3.074121015E8	0.0
3.07412743E8	1.1828327922077921
3.07413383E8	1.917808219178082
3.07414021E8	0.0
3.07414658E8	0.0
3.07415294E8	0.0
3.074159275E8	0.0
3.074165575E8	0.0
3.07417184E8	0.0
3.074178075E8	0.0
3.074184285E8	0.0
3.07419046E8	0.0
3.074196585E8	0.0
3.07420267E8	0.0
3.07420871E8	0.0
3.07421472E8	0.0
3.074220725E8	0.0
3.07422671E8	0.0
3.074232665E8	55.28115501519757
3.074238595E8	32.53968253968254
3.074244515E8	0.0
3.07425042E8	5.6338249754178955
3.074256305E8	0.0
3.074262165E8	0.0
3.074268005E8	1.8473282442748091
3.074273815E8	0.0
3.074279595E8	7.9469101330002205
3.07428537E8	0.0
3.07429113E8	8.11111111111111
3.074296855E8	0.0
3.07430254E8	0.0
3.07430819E8	0.0
3.074313815E8	0.0
3.074319415E8	0.0
3.07432497E8	0.0
3.074330485E8	0.0
3.074335975E8	8.013698630136986
3.074341455E8	12.577666210254069
3.07434693E8	0.0
3.0743524E8	0.0
3.074357865E8	0.0
3.074363325E8	1.0
3.07436878E8	0.0
3.07437422E8	0.0
3.07437964E8	0.0
3.07438504E8	49.965714285714284
3.074390425E8	32.4293187788749
3.07439579E8	53.0
3.074401125E8	0.0
3.07440644E8	0.0
3.07441174E8	15.309236947791165
3.074417025E8	0.0
3.07442227E8	0.0
3.07442747E8	0.0
3.07443264E8	25.29909495762103
3.074437785E8	0.0
3.0744429E8	0.0
3.07444798E8	0.0
3.074453045E8	0.0
3.0744581E8	20.084269662921347
3.074463125E8	0.0
3.07446812E8	25.967347525891828
3.074473085E8	0.0
3.074478015E8	0.0
3.074482925E8	0.0
3.074487815E8	0.0
3.07449269E8	0.0
3.074497555E8	0.0
3.07450239E8	0.0
3.0745072E8	0.0
3.07451198E8	0.0
3.074516695E8	40.0
3.074521375E8	0.0
3.074526035E8	0.0
3.07453067E8	39.80099502487562
3.07453528E8	0.0
3.07453982E8	0.0
3.074544305E8	0.0
3.074548775E8	0.0
3.07455321E8	0.0
3.074557615E8	0.0
3.07456201E8	0.0
3.07456637E8	0.0
3.0745707E8	0.0
3.07457503E8	0.0
3.07457932E8	0.0
3.07458353E8	0.0
3.0745877E8	0.0
3.07459185E8	0.0
3.074595975E8	0.0
3.07460009E8	0.0
3.07460419E8	0.0
3.074608275E8	0.0
3.07461234E8	10.0
3.07461637E8	0.0
3.07462037E8	0.0
3.07462436E8	0.0
3.074628295E8	0.0
3.074632175E8	0.0
3.07463604E8	4.114329268292683
3.074639885E8	60.0
3.074643725E8	0.0
3.07464756E8	0.0
3.074651385E8	0.0
3.0746552E8	0.0
3.074659E8	0.0
3.074662785E8	0.0
3.07466655E8	0.0
3.07467028E8	10.822085889570552
3.07467397E8	0.0
3.07467764E8	3.601593625498008
3.074681295E8	0.0
3.074684925E8	0.0
3.074688535E8	45.45637583892618
3.074692125E8	12.247081712062256
3.07469565E8	0.09217622749877426
3.0746991E8	0.0
3.07470252E8	0.0
3.074705915E8	0.0
3.07470929E8	0.0
3.07471266E8	0.0
3.07471601E8	0.0
3.07471933E8	33.82144364710849
3.074722625E8	0.0
3.0747259E8	0.0
3.07472917E8	0.0
3.074732435E8	3.313131313131313
3.07473569E8	0.0
3.07473894E8	0.0
3.07474218E8	0.0
3.07474541E8	0.0
3.07474863E8	0.0
3.074751825E8	0.0
3.074754995E8	0.0
3.074758155E8	0.0
3.0747613E8	0.0
3.074764425E8	0.0
3.074767535E8	0.0
3.07477063E8	0.0
3.07477372E8	0.0
3.074776785E8	0.20388349514563106
3.074779805E8	0.0
3.0747828E8	0.0
3.074785785E8	2.919642857142857
3.07478873E8	0.0
3.074791635E8	40.621134020618555
3.074794525E8	0.0
3.07479739E8	0.0
3.07480024E8	0.0
3.074803065E8	0.0
3.074805865E8	0.0
3.07480866E8	0.0
3.07481141E8	0.0
3.07481412E8	0.0
3.074816825E8	11.798922800718133
3.0748195E8	0.0
3.07482213E8	0.0
3.074824735E8	0.0
3.074827325E8	0.0
3.074829885E8	0.0
3.074832415E8	6.297029702970297
3.074834925E8	0.0
3.07483741E8	0.0
3.07483986E8	0.0
3.07484227E8	0.0
3.07484466E8	0.0
3.07484705E8	0.0
3.07484943E8	0.0
3.074851795E8	0.0
3.074854115E8	0.0
3.07485639E8	0.0
3.074858655E8	0.0
3.074860915E8	0.0
3.074863175E8	0.0
3.07486542E8	52.0
3.07486762E8	0.0
3.074869785E8	9.0
3.074871945E8	0.0
3.07487409E8	0.0
3.07487621E8	0.0
3.0748783E8	0.0
3.074880335E8	0.0
3.07488232E8	10.0
3.07488428E8	0.0
3.074886225E8	60.0
3.0748881E8	0.0
3.07488991E8	0.0
3.07489172E8	0.0
3.07489351E8	0.0
3.074895275E8	33.166666666666664
3.07489703E8	52.0
3.07489878E8	0.0
3.07490053E8	0.0
3.074902265E8	0.9482758620689655
3.07490395E8	0.0
3.074905575E8	0.0
3.074907135E8	0.0
3.07490864E8	0.0
3.07491012E8	26.66096866096866
3.074911565E8	36.0
3.07491297E8	0.0
3.074914355E8	0.0
3.074915695E8	0.0
3.074916995E8	0.0
3.074918285E8	0.0
3.074919565E8	47.04545454545455
3.07492084E8	0.0
3.07492211E8	0.0
3.07492338E8	0.0
3.074924645E8	0.0
3.074925885E8	0.0
3.074927095E8	0.0
3.074928275E8	0.0
3.074929365E8	0.0
3.074930385E8	0.0
3.074931395E8	0.0
3.07493239E8	0.0
3.07493338E8	0.0
3.07493436E8	0.0
3.07493525E8	0.0
3.074936035E8	0.0
3.07493678E8	0.0
3.074937455E8	0.0
3.07493806E8	0.0
