# Position (bp)	A	C	G	T	N
0.0	32.13507598899867	20.862233396729348	24.36432602592942	22.638364588342558	0.0
1.0	30.367601091440555	18.95976010458242	20.34613912079861	30.313680422971935	0.012819260206476654
2.0	28.541309132281654	20.844458639628193	20.740758795277227	29.867396923541715	0.006076509271207091
3.0	28.339573758035208	21.39939158458298	21.499198613824866	28.76107362875024	7.624148067088386E-4
4.0	29.324840456522562	21.067181971062265	21.317719513884263	28.289667547036533	5.905114943792696E-4
5.0	29.76239038242694	20.74032351867116	20.95417000017705	28.542478301164074	6.377975607763611E-4
6.0	29.133874770805612	20.894713736694822	21.49362940535265	28.47749328308803	2.8880405888524974E-4
7.0	28.84432849948521	21.04491052178046	20.881470829052997	29.228918341019334	3.718086620038026E-4
8.0	28.977494339983924	20.97125405335298	21.05382574535564	28.996912383748985	5.134775584735356E-4
9.0	29.156014819992475	20.98042394640039	21.117124470218755	28.746196394701922	2.4036868645418362E-4
10.0	29.171124897362084	20.88303093210549	21.153604240850946	28.792162866957227	7.70627242512601E-5
11.0	29.08428953309312	20.935075441716037	21.004122116188274	28.976371374339386	1.4153466318359297E-4
12.0	29.16520003398375	20.925379966457676	21.10143837335948	28.807862703226007	1.1892297308642102E-4
13.0	29.19039070637267	20.885199997347343	20.922811471781046	29.001139638125206	4.58186373738204E-4
14.0	29.08749573581064	20.909488826631737	20.988587460452184	29.011973551186443	0.002454425918994167
15.0	29.0823442772121	20.924207223023515	21.07631310134037	28.916821757461364	3.1364096264442247E-4
16.0	29.087820824572148	20.91433469633075	21.057224904459996	28.940085427987093	5.3414665000262E-4
17.0	28.995652959349112	20.93191492196295	21.05636179849747	29.015654735031156	4.1558515931476966E-4
18.0	28.96103183148434	20.98989069272699	21.214595754189748	28.83113866390265	0.003343057696275332
19.0	28.99345870602256	20.977975800887165	21.097702579578666	28.93053225312856	3.3066038303698774E-4
20.0	28.962850947807944	21.005514779440933	21.09930406971258	28.93187372572926	4.564773092737515E-4
21.0	28.976906863862567	21.037515680484958	21.13888483083917	28.845587826942488	0.0011047978708177606
22.0	28.978232736776103	21.02980939921049	21.049671485737253	28.941470937595664	8.154406804919448E-4
23.0	28.984322931743193	20.993201354800647	21.015742950603638	29.006363035055365	3.697277971525414E-4
24.0	28.95672627978107	21.050754808305143	21.164880923052564	28.827284505239874	3.534836213462239E-4
25.0	28.971141381591014	21.03510466511247	21.079348639893425	28.914018980216095	3.86333186997382E-4
26.0	28.87943556575675	21.05217685414076	21.099592765328534	28.96837565561194	4.191591620201372E-4
27.0	28.88343997324473	21.078171223745436	21.190758163453058	28.847051555052204	5.790845045692409E-4
28.0	28.925894842705784	21.0516612716008	21.124587778027177	28.896984538400304	8.715692659350514E-4
29.0	28.940617899182914	21.04346539717217	21.07811963438374	28.936694115001117	0.0011029542600573664
30.0	28.910958570302626	21.092851719931456	21.168361019946605	28.82545628176778	0.0023724080515315125
31.0	28.975851149758597	21.03044961861923	21.07549494475956	28.917379395180838	8.248916817766803E-4
32.0	28.8909916253142	21.073783944326102	21.084886725319343	28.948673067581044	0.0016646374593094577
33.0	28.942974222027036	21.061938660763545	21.152295567134015	28.83588253465784	0.006909015417567272
34.0	28.957115966863416	21.049307361480963	21.11190462436403	28.863697245202356	0.01797480208922942
35.0	28.898794517273245	21.04309452703127	21.077503674933993	28.98008734626856	5.199344929274596E-4
36.0	28.878007666395305	21.095064364942427	21.188941811929944	28.83739812053897	5.880361933551015E-4
37.0	28.925951694933488	21.046890468063573	21.10579718624287	28.920535119492243	8.255312678242471E-4
38.0	28.873697793714427	21.10186792036035	21.095507218199575	28.92825731518714	6.697525385081426E-4
39.0	28.8789152628701	21.09722909486894	21.158773828749293	28.86462621503878	4.5559847288843494E-4
40.0	28.894354019416653	21.118186320949995	21.119654553346958	28.86726182135436	5.432849320333024E-4
41.0	28.878484990411668	21.063804289207283	21.07499370850797	28.982270993244725	4.460186283478105E-4
42.0	28.885622060253603	21.126296870444925	21.161436091270254	28.826300151170535	3.448268606798957E-4
43.0	28.91873074017291	21.08266653757925	21.05900440861593	28.93921830085413	3.8001277778349423E-4
44.0	28.87906979201459	21.101709141626497	21.056055819247778	28.962853327579978	3.1191953115531235E-4
45.0	28.86138630565908	21.120748362643667	21.155767104419144	28.861752994054633	3.4523322347440025E-4
46.0	28.8892395228191	21.12313252059771	21.093798316859555	28.89345493630286	3.747034207787684E-4
47.0	28.851513008803735	21.06648145648907	21.088866574289405	28.99266637919929	4.72581218501461E-4
48.0	28.874185934379646	21.124209706641494	21.154895759071476	28.84627477811285	4.3382179452691207E-4
49.0	28.917485455637316	21.07857206050868	21.064126064363084	28.938600038063743	0.0012163814271775907
50.0	28.874791742562543	21.11575867467673	21.061842949956553	28.944451864029585	0.0031547687745894543
51.0	28.84040461635444	21.148092223804817	21.113982871329824	28.896465766489875	0.0010545220210413215
52.0	28.863915101432003	21.125779550439756	21.077690565446364	28.930702388811568	0.0019123938703064763
53.0	28.838712125874334	21.096993858970787	21.05053365584037	29.012419740386957	0.0013406189275581644
54.0	28.855708863012612	21.148983406555725	21.10393761869968	28.890720489747018	6.496219849669477E-4
55.0	28.89939252226418	21.109353064459214	21.023721454690225	28.967058812373033	4.741462133518128E-4
56.0	28.852107634575436	21.12858219344405	21.058223279155644	28.960646556267157	4.403365577146096E-4
57.0	28.86084440672294	21.119749667107165	21.091411144471888	28.927527585066503	4.6719663150416164E-4
58.0	28.87663212358173	21.117296264741228	21.036753434873344	28.96661332691796	0.002704849885734393
59.0	28.864760166519737	21.101146130868806	21.017891604818544	29.015595795699873	6.063020930390908E-4
60.0	28.85550169739742	21.13382048658788	21.085500965139325	28.92466606932108	5.107815543008252E-4
61.0	28.8878161957209	21.100961600204915	21.01554046823785	28.99452027986427	0.0011614559720661097
62.0	28.841034637533625	21.100531366730216	21.013471292827536	29.044225101011644	7.376018969779696E-4
63.0	28.86064329762346	21.10269319274578	21.074290842263473	28.960975761273726	0.0013969060935575955
64.0	28.88488089933713	21.082362116075906	20.999894066226954	29.032063578631632	7.993397283771322E-4
65.0	28.8674581315833	21.076448718553667	20.9654147610628	29.086698738478695	0.0039796503215345416
66.0	28.877616587727275	21.124858946355715	21.034556988175883	28.96219050104551	7.769766956199838E-4
67.0	28.90104375661014	21.08883858751694	21.000270485773218	29.009436024763218	4.111453364828661E-4
68.0	28.84421630658508	21.09453736534872	20.994195466361393	29.066546388574466	5.044731303463596E-4
69.0	28.866650584493485	21.10576828201949	21.012983110089937	29.011421115745893	0.0031769076511882826
70.0	28.8780259244551	21.10341694117714	20.967684694600546	29.05032559132842	5.468484387901158E-4
71.0	28.90936008026061	21.048576548014314	20.937012860757623	29.10062112752817	0.00442938343928782
72.0	28.922986414662518	21.05527950042293	20.989361187029747	29.02917904898773	0.0031938488970764574
73.0	28.941611078454216	21.03367259954737	20.915827928888746	29.10798231912458	9.060739850927662E-4
74.0	28.882360356325727	21.04568546436231	20.92612755180291	29.145509516186728	3.171113223231974E-4
75.0	28.905860751461983	21.05797936634316	20.978813617536858	29.05706588304367	2.803816143307903E-4
76.0	28.921235437801347	21.051903731310535	20.93266957403431	29.09383503118508	3.562256687252264E-4
77.0	28.929957446360472	21.032449404204026	20.9101856150885	29.127071657904935	3.358764420622785E-4
78.0	28.900895947989184	21.066339195295697	21.004181821851112	29.02820779589271	3.752389712996789E-4
79.0	28.916848467570865	21.040130723212343	20.93234368346887	29.110186444882803	4.906808651247773E-4
80.0	28.89633577098628	21.023408844894487	20.92852665966095	29.149034281437814	0.0026944430204686627
81.0	28.902284354374252	21.04837189410246	20.96647883668144	29.08227511433147	5.898005103856064E-4
82.0	28.952822806059288	21.021699502243617	20.90144159269223	29.12274919515932	0.0012869038455491054
83.0	28.959946686542352	20.987805528003136	20.862633943523623	29.18902953080601	5.843111248816296E-4
84.0	28.943949998471524	21.031302995067673	20.945294239913153	29.07698368905941	0.0024690774882396766
85.0	28.976147613017122	20.991547569244634	20.872793384825002	29.15844683645602	0.0010645964572193723
86.0	28.961684956117935	20.99847092497091	20.85814618776281	29.17957468737194	0.0021232437764081707
87.0	28.937980300178257	21.01068260410896	20.936328959132926	29.111940319391977	0.0030678171878761344
88.0	28.96847066156278	21.0011698845855	20.87792243273644	29.151425439682267	0.0010115814330126638
89.0	28.97078854043117	20.97166473845516	20.84479417984248	29.210271869724526	0.002480671546670367
90.0	28.951224221536602	21.034518307029913	20.921762855436715	29.09164053206209	8.540839346757314E-4
91.0	29.009858712535667	20.965841605029482	20.84584140195731	29.175116970675276	0.0033413098022717154
92.0	29.001725038355186	20.958611996826964	20.83388841210625	29.20564342624964	1.3112646195891607E-4
93.0	28.963663454090323	21.000159096153315	20.865316643657902	29.17061257096563	2.4823513283118374E-4
94.0	29.016117466188103	20.95936410345471	20.815710919519013	29.2086877000092	1.1981082897055513E-4
95.0	29.01075344706692	20.93930436652859	20.80837294020762	29.241525964988448	4.328120842749761E-5
96.0	29.01144373877743	20.964627140809743	20.86735771105725	29.15654221860179	2.9190753782034336E-5
97.0	29.065787879184363	20.92078109249092	20.809348598227423	29.204070616108663	1.1813988630867111E-5
98.0	29.026690724919607	20.915698428357217	20.79689417149501	29.260707711349728	8.963878438334613E-6
99.0	29.014381627464942	20.942024713649776	20.839538403571023	29.204034082331624	2.117298263292149E-5
100.0	29.04622579824256	20.925657056904438	20.79335710567633	29.23472636961502	3.3669561657201134E-5
101.0	29.079251006054978	20.86215798153381	20.76483647609156	29.293577819241186	1.7671707846861445E-4
102.0	29.055822443498087	20.911508286323325	20.812223731248068	29.21639387729226	0.0040516616382614305
103.0	29.055038353277716	20.889655431302586	20.7599586181622	29.295283972045628	6.362521187195553E-5
104.0	29.069350304865903	20.881512606233773	20.707626295372275	29.341298064904404	2.1272862364193725E-4
105.0	29.082422725246243	20.898642529977074	20.735351171763245	29.283583573013438	0.0
106.0	29.150024617080234	20.85990394656517	20.667093589939963	29.322977846414634	0.0
107.0	29.134309671193854	20.804730851285477	20.63692917600599	29.42403030151468	0.0
108.0	29.111771914916908	20.842007106630746	20.690482222819735	29.35573875563261	0.0
109.0	29.14607113060913	20.792682598408003	20.621414698745962	29.4398315722369	0.0
110.0	29.127233749380505	20.77821134932842	20.618007484847332	29.476547416443736	0.0
111.0	29.093547674596405	20.8155348332368	20.65660581172352	29.43431168044328	0.0
112.0	29.102965342895466	20.78849561749018	20.631163997631113	29.47737504198324	0.0
113.0	29.073625710836055	20.774192143922647	20.61767822226249	29.534496568519693	7.354459115201204E-6
114.0	29.0270670763981	20.785956014877577	20.680487813645087	29.506489095079242	0.0
115.0	29.158081264237662	20.659187815901884	20.660058545080282	29.522672374780168	0.0
116.0	29.25272826673227	20.59694213166634	20.64009630457187	29.510233297029526	0.0
117.0	29.1001585227865	20.755844953611415	20.54900247269985	29.59499405090223	0.0
118.0	28.910729293903557	20.877547287441313	20.451207128618893	29.760516290036232	0.0
119.0	28.88964797674835	20.817418125509512	20.462446381121374	29.830487516620764	0.0
120.0	29.083675452944053	20.81496683854106	20.51741924739484	29.583938461120045	0.0
121.0	29.538312028219533	20.476437343019718	20.121109037035847	29.864141591724902	0.0
122.0	29.49202232535412	20.34266264317874	19.116639045788734	31.048675985678404	0.0
123.0	26.162424439683825	22.0273833465687	19.097534507708435	32.71265770603903	0.0
124.0	22.352109272078508	22.861618741455707	19.530989277318724	35.25528270914705	0.0
