#Coverage	Number of genomic locations
0.0	2.8720377E7
1.0	1.0988791E7
2.0	9695844.0
3.0	8750953.0
4.0	8308395.0
5.0	7936128.0
6.0	7672650.0
7.0	7416435.0
8.0	7228338.0
9.0	7041158.0
10.0	6845301.0
11.0	6619505.0
12.0	6403975.0
13.0	6181854.0
14.0	5966322.0
15.0	5778993.0
16.0	5584778.0
17.0	5426702.0
18.0	5256897.0
19.0	5103577.0
20.0	4971829.0
21.0	4849963.0
22.0	4750311.0
23.0	4650952.0
24.0	4574962.0
25.0	4499797.0
26.0	4445887.0
27.0	4395416.0
28.0	4358901.0
29.0	4325781.0
30.0	4295273.0
31.0	4265258.0
32.0	4244333.0
33.0	4222555.0
34.0	4197493.0
35.0	4168764.0
36.0	4128882.0
37.0	4077547.0
38.0	4017771.0
39.0	3945298.0
40.0	3857121.0
41.0	3744076.0
42.0	3615877.0
43.0	3476030.0
44.0	3327322.0
45.0	3163491.0
46.0	2990647.0
47.0	2801527.0
48.0	2613005.0
49.0	2427035.0
50.0	2232893.0
51.0	2048025.0
52.0	1864118.0
53.0	1684790.0
54.0	1518151.0
55.0	1360046.0
56.0	1217044.0
57.0	1085053.0
58.0	962775.0
59.0	854285.0
60.0	759522.0
61.0	673130.0
62.0	599738.0
63.0	536812.0
64.0	478797.0
65.0	429170.0
66.0	386566.0
67.0	348448.0
68.0	315758.0
69.0	288751.0
70.0	263946.0
71.0	243287.0
72.0	225954.0
73.0	208628.0
74.0	194213.0
75.0	181577.0
76.0	171317.0
77.0	161598.0
78.0	151580.0
79.0	142912.0
80.0	134655.0
81.0	127560.0
82.0	121277.0
83.0	115166.0
84.0	109989.0
85.0	104422.0
86.0	99156.0
87.0	94160.0
88.0	90025.0
89.0	86552.0
90.0	82634.0
91.0	77702.0
92.0	74445.0
93.0	71108.0
94.0	67852.0
95.0	65278.0
96.0	61940.0
97.0	59438.0
98.0	56855.0
99.0	54873.0
100.0	52201.0
101.0	49598.0
102.0	47197.0
103.0	45286.0
104.0	43227.0
105.0	41939.0
106.0	40202.0
107.0	38472.0
108.0	36954.0
109.0	35152.0
110.0	34103.0
111.0	32690.0
112.0	31383.0
113.0	29729.0
114.0	28623.0
115.0	27864.0
116.0	27268.0
117.0	26042.0
118.0	25393.0
119.0	24933.0
120.0	23069.0
121.0	22696.0
122.0	21753.0
123.0	21100.0
124.0	20269.0
125.0	19627.0
126.0	18967.0
127.0	18509.0
128.0	17879.0
129.0	17324.0
130.0	16709.0
131.0	15935.0
132.0	15594.0
133.0	15130.0
134.0	14554.0
135.0	14430.0
136.0	13840.0
137.0	13447.0
138.0	13071.0
139.0	12910.0
140.0	12437.0
141.0	12294.0
142.0	11724.0
143.0	11306.0
144.0	11041.0
145.0	10894.0
146.0	10590.0
147.0	10438.0
148.0	10161.0
149.0	9747.0
150.0	9585.0
151.0	9167.0
152.0	8778.0
153.0	8735.0
154.0	8474.0
155.0	8442.0
156.0	8011.0
157.0	8009.0
158.0	7875.0
159.0	7475.0
160.0	7380.0
161.0	7019.0
162.0	7014.0
163.0	6947.0
164.0	6850.0
165.0	6389.0
166.0	6342.0
167.0	6299.0
168.0	6096.0
169.0	5998.0
170.0	5841.0
171.0	5669.0
172.0	5503.0
173.0	5454.0
174.0	5354.0
175.0	5372.0
176.0	5154.0
177.0	4991.0
178.0	4748.0
179.0	4704.0
180.0	4620.0
181.0	4413.0
182.0	4377.0
183.0	4375.0
184.0	4314.0
185.0	4235.0
186.0	4196.0
187.0	4096.0
188.0	3856.0
189.0	3950.0
190.0	4016.0
191.0	3735.0
192.0	3772.0
193.0	3627.0
194.0	3646.0
195.0	3657.0
196.0	3499.0
197.0	3373.0
198.0	3337.0
199.0	3284.0
200.0	3127.0
201.0	3174.0
202.0	3012.0
203.0	3102.0
204.0	3057.0
205.0	3024.0
206.0	3014.0
207.0	2896.0
208.0	2888.0
209.0	2748.0
210.0	2689.0
211.0	2644.0
212.0	2537.0
213.0	2625.0
214.0	2566.0
215.0	2572.0
216.0	2521.0
217.0	2491.0
218.0	2495.0
219.0	2477.0
220.0	2412.0
221.0	2384.0
222.0	2289.0
223.0	2245.0
224.0	2173.0
225.0	2136.0
226.0	2073.0
227.0	2033.0
228.0	2059.0
229.0	1966.0
230.0	1956.0
231.0	2008.0
232.0	1941.0
233.0	2040.0
234.0	1945.0
235.0	1910.0
236.0	1832.0
237.0	1840.0
238.0	1791.0
239.0	1818.0
240.0	1788.0
241.0	1724.0
242.0	1737.0
243.0	1809.0
244.0	1715.0
245.0	1591.0
246.0	1546.0
247.0	1581.0
248.0	1575.0
249.0	1565.0
250.0	1495.0
251.0	1541.0
252.0	1570.0
253.0	1508.0
254.0	1463.0
255.0	1467.0
256.0	1417.0
257.0	1379.0
258.0	1418.0
259.0	1427.0
260.0	1338.0
261.0	1391.0
262.0	1366.0
263.0	1447.0
264.0	1390.0
265.0	1328.0
266.0	1312.0
267.0	1324.0
268.0	1314.0
269.0	1299.0
270.0	1263.0
271.0	1225.0
272.0	1289.0
273.0	1290.0
274.0	1271.0
275.0	1249.0
276.0	1225.0
277.0	1264.0
278.0	1231.0
279.0	1236.0
280.0	1239.0
281.0	1238.0
282.0	1193.0
283.0	1187.0
284.0	1178.0
285.0	1208.0
286.0	1118.0
287.0	1166.0
288.0	1138.0
289.0	1074.0
290.0	1103.0
291.0	1053.0
292.0	1017.0
293.0	1051.0
294.0	1056.0
295.0	1033.0
296.0	991.0
297.0	998.0
298.0	1018.0
299.0	1021.0
300.0	993.0
301.0	1016.0
302.0	1009.0
303.0	964.0
304.0	968.0
305.0	1014.0
306.0	975.0
307.0	920.0
308.0	964.0
309.0	896.0
310.0	915.0
311.0	940.0
312.0	888.0
313.0	941.0
314.0	894.0
315.0	876.0
316.0	910.0
317.0	907.0
318.0	851.0
319.0	824.0
320.0	885.0
321.0	823.0
322.0	861.0
323.0	825.0
324.0	795.0
325.0	770.0
326.0	834.0
327.0	780.0
328.0	833.0
329.0	799.0
330.0	762.0
331.0	841.0
332.0	812.0
333.0	854.0
334.0	841.0
335.0	806.0
336.0	845.0
337.0	783.0
338.0	774.0
339.0	803.0
340.0	817.0
341.0	754.0
342.0	720.0
343.0	765.0
344.0	782.0
345.0	742.0
346.0	770.0
347.0	703.0
348.0	697.0
349.0	705.0
350.0	729.0
351.0	684.0
352.0	695.0
353.0	678.0
354.0	682.0
355.0	662.0
356.0	650.0
357.0	709.0
358.0	705.0
359.0	662.0
360.0	678.0
361.0	643.0
362.0	688.0
363.0	669.0
364.0	691.0
365.0	695.0
366.0	635.0
367.0	685.0
368.0	622.0
369.0	651.0
370.0	706.0
371.0	652.0
372.0	656.0
373.0	653.0
374.0	662.0
375.0	635.0
376.0	633.0
377.0	671.0
378.0	669.0
379.0	602.0
380.0	650.0
381.0	676.0
382.0	697.0
383.0	653.0
384.0	684.0
385.0	695.0
386.0	658.0
387.0	626.0
388.0	689.0
389.0	634.0
390.0	662.0
391.0	656.0
392.0	607.0
393.0	629.0
394.0	633.0
395.0	617.0
396.0	645.0
397.0	649.0
398.0	622.0
399.0	580.0
400.0	578.0
401.0	598.0
402.0	570.0
403.0	573.0
404.0	551.0
405.0	590.0
406.0	582.0
407.0	552.0
408.0	543.0
409.0	554.0
410.0	550.0
411.0	566.0
412.0	541.0
413.0	504.0
414.0	539.0
415.0	510.0
416.0	520.0
417.0	539.0
418.0	475.0
419.0	460.0
420.0	507.0
421.0	475.0
422.0	495.0
423.0	473.0
424.0	499.0
425.0	515.0
426.0	465.0
427.0	482.0
428.0	480.0
429.0	441.0
430.0	447.0
431.0	425.0
432.0	388.0
433.0	388.0
434.0	406.0
435.0	364.0
436.0	380.0
437.0	353.0
438.0	343.0
439.0	364.0
440.0	376.0
441.0	326.0
442.0	367.0
443.0	346.0
444.0	329.0
445.0	359.0
446.0	347.0
447.0	330.0
448.0	363.0
449.0	338.0
450.0	325.0
451.0	352.0
452.0	310.0
453.0	333.0
454.0	312.0
455.0	355.0
456.0	329.0
457.0	322.0
458.0	309.0
459.0	344.0
460.0	329.0
461.0	297.0
462.0	310.0
463.0	309.0
464.0	313.0
465.0	293.0
466.0	308.0
467.0	307.0
468.0	296.0
469.0	306.0
470.0	278.0
471.0	297.0
472.0	292.0
473.0	261.0
474.0	285.0
475.0	270.0
476.0	297.0
477.0	280.0
478.0	279.0
479.0	255.0
480.0	261.0
481.0	280.0
482.0	275.0
483.0	260.0
484.0	250.0
485.0	256.0
486.0	235.0
487.0	275.0
488.0	219.0
489.0	249.0
490.0	241.0
491.0	226.0
492.0	238.0
493.0	224.0
494.0	214.0
495.0	233.0
496.0	240.0
497.0	216.0
498.0	196.0
499.0	201.0
500.0	213.0
501.0	206.0
502.0	212.0
503.0	172.0
504.0	255.0
505.0	205.0
506.0	207.0
507.0	219.0
508.0	195.0
509.0	218.0
510.0	225.0
511.0	192.0
512.0	194.0
513.0	196.0
514.0	205.0
515.0	197.0
516.0	155.0
517.0	190.0
518.0	177.0
519.0	168.0
520.0	200.0
521.0	165.0
522.0	192.0
523.0	207.0
524.0	178.0
525.0	206.0
526.0	167.0
527.0	182.0
528.0	207.0
529.0	196.0
530.0	187.0
531.0	193.0
532.0	195.0
533.0	176.0
534.0	178.0
535.0	173.0
536.0	181.0
537.0	175.0
538.0	179.0
539.0	182.0
540.0	179.0
541.0	201.0
542.0	177.0
543.0	178.0
544.0	177.0
545.0	191.0
546.0	184.0
547.0	188.0
548.0	156.0
549.0	177.0
550.0	164.0
551.0	163.0
552.0	166.0
553.0	152.0
554.0	158.0
555.0	143.0
556.0	159.0
557.0	181.0
558.0	191.0
559.0	174.0
560.0	162.0
561.0	192.0
562.0	167.0
563.0	195.0
564.0	163.0
565.0	207.0
566.0	166.0
567.0	180.0
568.0	194.0
569.0	201.0
570.0	165.0
571.0	180.0
572.0	202.0
573.0	198.0
574.0	177.0
575.0	183.0
576.0	168.0
577.0	183.0
578.0	167.0
579.0	200.0
580.0	167.0
581.0	187.0
582.0	220.0
583.0	181.0
584.0	192.0
585.0	173.0
586.0	165.0
587.0	155.0
588.0	159.0
589.0	154.0
590.0	149.0
591.0	140.0
592.0	148.0
593.0	146.0
594.0	155.0
595.0	145.0
596.0	142.0
597.0	123.0
598.0	151.0
599.0	162.0
600.0	155.0
601.0	154.0
602.0	137.0
603.0	140.0
604.0	150.0
605.0	139.0
606.0	163.0
607.0	137.0
608.0	143.0
609.0	119.0
610.0	123.0
611.0	120.0
612.0	111.0
613.0	130.0
614.0	116.0
615.0	129.0
616.0	136.0
617.0	130.0
618.0	111.0
619.0	115.0
620.0	107.0
621.0	129.0
622.0	138.0
623.0	128.0
624.0	100.0
625.0	124.0
626.0	102.0
627.0	112.0
628.0	108.0
629.0	118.0
630.0	112.0
631.0	81.0
632.0	95.0
633.0	95.0
634.0	103.0
635.0	101.0
636.0	86.0
637.0	94.0
638.0	91.0
639.0	85.0
640.0	72.0
641.0	106.0
642.0	83.0
643.0	66.0
644.0	72.0
645.0	101.0
646.0	92.0
647.0	75.0
648.0	67.0
649.0	78.0
650.0	75.0
651.0	95.0
652.0	70.0
653.0	87.0
654.0	74.0
655.0	74.0
656.0	72.0
657.0	69.0
658.0	66.0
659.0	81.0
660.0	74.0
661.0	80.0
662.0	78.0
663.0	76.0
664.0	65.0
665.0	84.0
666.0	78.0
667.0	86.0
668.0	75.0
669.0	69.0
670.0	63.0
671.0	73.0
672.0	73.0
673.0	67.0
674.0	77.0
675.0	75.0
676.0	77.0
677.0	74.0
678.0	73.0
679.0	61.0
680.0	55.0
681.0	70.0
682.0	75.0
683.0	66.0
684.0	54.0
685.0	51.0
686.0	67.0
687.0	64.0
688.0	69.0
689.0	70.0
690.0	56.0
691.0	72.0
692.0	74.0
693.0	51.0
694.0	55.0
695.0	69.0
696.0	76.0
697.0	77.0
698.0	64.0
699.0	52.0
700.0	56.0
701.0	51.0
702.0	51.0
703.0	56.0
704.0	64.0
705.0	57.0
706.0	76.0
707.0	51.0
708.0	44.0
709.0	60.0
710.0	65.0
711.0	64.0
712.0	66.0
713.0	66.0
714.0	66.0
715.0	67.0
716.0	78.0
717.0	68.0
718.0	64.0
719.0	68.0
720.0	69.0
721.0	61.0
722.0	73.0
723.0	60.0
724.0	72.0
725.0	63.0
726.0	75.0
727.0	73.0
728.0	69.0
729.0	70.0
730.0	69.0
731.0	73.0
732.0	73.0
733.0	67.0
734.0	67.0
735.0	70.0
736.0	64.0
737.0	60.0
738.0	58.0
739.0	54.0
740.0	46.0
741.0	62.0
742.0	70.0
743.0	55.0
744.0	44.0
745.0	54.0
746.0	51.0
747.0	46.0
748.0	49.0
749.0	69.0
750.0	48.0
751.0	67.0
752.0	59.0
753.0	60.0
754.0	49.0
755.0	74.0
756.0	74.0
757.0	59.0
758.0	73.0
759.0	65.0
760.0	50.0
761.0	57.0
762.0	75.0
763.0	51.0
764.0	55.0
765.0	69.0
766.0	70.0
767.0	64.0
768.0	59.0
769.0	56.0
770.0	64.0
771.0	61.0
772.0	66.0
773.0	72.0
774.0	51.0
775.0	47.0
776.0	65.0
777.0	61.0
778.0	45.0
779.0	60.0
780.0	43.0
781.0	67.0
782.0	57.0
783.0	46.0
784.0	51.0
785.0	62.0
786.0	76.0
787.0	76.0
788.0	54.0
789.0	55.0
790.0	52.0
791.0	63.0
792.0	65.0
793.0	72.0
794.0	68.0
795.0	59.0
796.0	45.0
797.0	57.0
798.0	68.0
799.0	71.0
800.0	59.0
801.0	77.0
802.0	62.0
803.0	73.0
804.0	63.0
805.0	67.0
806.0	66.0
807.0	68.0
808.0	64.0
809.0	63.0
810.0	68.0
811.0	63.0
812.0	65.0
813.0	60.0
814.0	64.0
815.0	59.0
816.0	69.0
817.0	59.0
818.0	60.0
819.0	64.0
820.0	56.0
821.0	60.0
822.0	60.0
823.0	53.0
824.0	48.0
825.0	62.0
826.0	61.0
827.0	55.0
828.0	56.0
829.0	49.0
830.0	47.0
831.0	44.0
832.0	43.0
833.0	46.0
834.0	49.0
835.0	54.0
836.0	51.0
837.0	52.0
838.0	52.0
839.0	60.0
840.0	49.0
841.0	53.0
842.0	56.0
843.0	58.0
844.0	36.0
845.0	39.0
846.0	52.0
847.0	51.0
848.0	46.0
849.0	47.0
850.0	43.0
851.0	43.0
852.0	31.0
853.0	44.0
854.0	53.0
855.0	42.0
856.0	44.0
857.0	35.0
858.0	36.0
859.0	61.0
860.0	48.0
861.0	42.0
862.0	53.0
863.0	45.0
864.0	41.0
865.0	48.0
866.0	57.0
867.0	40.0
868.0	58.0
869.0	59.0
870.0	44.0
871.0	41.0
872.0	50.0
873.0	59.0
874.0	41.0
875.0	52.0
876.0	45.0
877.0	51.0
878.0	39.0
879.0	58.0
880.0	41.0
881.0	54.0
882.0	49.0
883.0	48.0
884.0	68.0
885.0	43.0
886.0	40.0
887.0	52.0
888.0	55.0
889.0	37.0
890.0	47.0
891.0	52.0
892.0	48.0
893.0	51.0
894.0	46.0
895.0	52.0
896.0	61.0
897.0	48.0
898.0	42.0
899.0	50.0
900.0	51.0
901.0	51.0
902.0	49.0
903.0	47.0
904.0	56.0
905.0	43.0
906.0	46.0
907.0	46.0
908.0	35.0
909.0	51.0
910.0	52.0
911.0	47.0
912.0	50.0
913.0	47.0
914.0	45.0
915.0	51.0
916.0	48.0
917.0	41.0
918.0	42.0
919.0	48.0
920.0	44.0
921.0	47.0
922.0	48.0
923.0	40.0
924.0	40.0
925.0	39.0
926.0	55.0
927.0	50.0
928.0	54.0
929.0	41.0
930.0	29.0
931.0	39.0
932.0	42.0
933.0	40.0
934.0	58.0
935.0	37.0
936.0	33.0
937.0	34.0
938.0	27.0
939.0	29.0
940.0	35.0
941.0	34.0
942.0	35.0
943.0	39.0
944.0	35.0
945.0	38.0
946.0	48.0
947.0	28.0
948.0	38.0
949.0	37.0
950.0	29.0
951.0	23.0
952.0	36.0
953.0	31.0
954.0	40.0
955.0	44.0
956.0	29.0
957.0	33.0
958.0	30.0
959.0	24.0
960.0	32.0
961.0	29.0
962.0	27.0
963.0	33.0
964.0	38.0
965.0	34.0
966.0	40.0
967.0	33.0
968.0	41.0
969.0	33.0
970.0	46.0
971.0	31.0
972.0	32.0
973.0	33.0
974.0	40.0
975.0	25.0
976.0	41.0
977.0	31.0
978.0	44.0
979.0	26.0
980.0	42.0
981.0	26.0
982.0	37.0
983.0	32.0
984.0	28.0
985.0	33.0
986.0	33.0
987.0	26.0
988.0	17.0
989.0	29.0
990.0	31.0
991.0	21.0
992.0	40.0
993.0	34.0
994.0	29.0
995.0	27.0
996.0	37.0
997.0	24.0
998.0	25.0
999.0	23.0
1000.0	33.0
1001.0	21.0
1002.0	28.0
1003.0	32.0
1004.0	25.0
1005.0	22.0
1006.0	31.0
1007.0	22.0
1008.0	28.0
1009.0	32.0
1010.0	29.0
1011.0	32.0
1012.0	31.0
1013.0	31.0
1014.0	27.0
1015.0	30.0
1016.0	26.0
1017.0	18.0
1018.0	14.0
1019.0	25.0
1020.0	13.0
1021.0	22.0
1022.0	28.0
1023.0	24.0
1024.0	22.0
1025.0	30.0
1026.0	28.0
1027.0	19.0
1028.0	17.0
1029.0	27.0
1030.0	25.0
1031.0	27.0
1032.0	27.0
1033.0	32.0
1034.0	22.0
1035.0	30.0
1036.0	37.0
1037.0	22.0
1038.0	29.0
1039.0	26.0
1040.0	37.0
1041.0	29.0
1042.0	34.0
1043.0	22.0
1044.0	20.0
1045.0	24.0
1046.0	31.0
1047.0	23.0
1048.0	30.0
1049.0	33.0
1050.0	27.0
1051.0	22.0
1052.0	26.0
1053.0	17.0
1054.0	32.0
1055.0	20.0
1056.0	16.0
1057.0	31.0
1058.0	21.0
1059.0	19.0
1060.0	18.0
1061.0	15.0
1062.0	20.0
1063.0	21.0
1064.0	19.0
1065.0	17.0
1066.0	21.0
1067.0	24.0
1068.0	17.0
1069.0	19.0
1070.0	25.0
1071.0	22.0
1072.0	21.0
1073.0	27.0
1074.0	20.0
1075.0	29.0
1076.0	19.0
1077.0	30.0
1078.0	21.0
1079.0	21.0
1080.0	18.0
1081.0	21.0
1082.0	19.0
1083.0	28.0
1084.0	26.0
1085.0	22.0
1086.0	31.0
1087.0	26.0
1088.0	27.0
1089.0	24.0
1090.0	24.0
1091.0	19.0
1092.0	39.0
1093.0	29.0
1094.0	29.0
1095.0	21.0
1096.0	26.0
1097.0	17.0
1098.0	30.0
1099.0	23.0
1100.0	31.0
1101.0	17.0
1102.0	13.0
1103.0	28.0
1104.0	24.0
1105.0	21.0
1106.0	24.0
1107.0	15.0
1108.0	28.0
1109.0	24.0
1110.0	30.0
1111.0	27.0
1112.0	30.0
1113.0	30.0
1114.0	27.0
1115.0	29.0
1116.0	23.0
1117.0	28.0
1118.0	24.0
1119.0	25.0
1120.0	30.0
1121.0	28.0
1122.0	26.0
1123.0	32.0
1124.0	22.0
1125.0	18.0
1126.0	22.0
1127.0	20.0
1128.0	17.0
1129.0	23.0
1130.0	22.0
1131.0	23.0
1132.0	29.0
1133.0	22.0
1134.0	27.0
1135.0	24.0
1136.0	17.0
1137.0	26.0
1138.0	33.0
1139.0	43.0
1140.0	36.0
1141.0	38.0
1142.0	44.0
1143.0	40.0
1144.0	32.0
1145.0	36.0
1146.0	31.0
1147.0	31.0
1148.0	36.0
1149.0	24.0
1150.0	39.0
1151.0	34.0
1152.0	36.0
1153.0	26.0
1154.0	27.0
1155.0	27.0
1156.0	27.0
1157.0	41.0
1158.0	28.0
1159.0	37.0
1160.0	27.0
1161.0	23.0
1162.0	37.0
1163.0	17.0
1164.0	24.0
1165.0	28.0
1166.0	29.0
1167.0	16.0
1168.0	30.0
1169.0	32.0
1170.0	36.0
1171.0	35.0
1172.0	31.0
1173.0	33.0
1174.0	29.0
1175.0	23.0
1176.0	32.0
1177.0	36.0
1178.0	34.0
1179.0	27.0
1180.0	34.0
1181.0	44.0
1182.0	32.0
1183.0	37.0
1184.0	40.0
1185.0	39.0
1186.0	33.0
1187.0	39.0
1188.0	34.0
1189.0	47.0
1190.0	21.0
1191.0	35.0
1192.0	31.0
1193.0	25.0
1194.0	30.0
1195.0	33.0
1196.0	27.0
1197.0	30.0
1198.0	30.0
1199.0	28.0
1200.0	25.0
1201.0	23.0
1202.0	25.0
1203.0	27.0
1204.0	29.0
1205.0	27.0
1206.0	32.0
1207.0	25.0
1208.0	26.0
1209.0	35.0
1210.0	29.0
1211.0	34.0
1212.0	31.0
1213.0	27.0
1214.0	22.0
1215.0	26.0
1216.0	21.0
1217.0	27.0
1218.0	30.0
1219.0	31.0
1220.0	31.0
1221.0	24.0
1222.0	23.0
1223.0	31.0
1224.0	29.0
1225.0	36.0
1226.0	32.0
1227.0	35.0
1228.0	24.0
1229.0	30.0
1230.0	29.0
1231.0	31.0
1232.0	31.0
1233.0	32.0
1234.0	35.0
1235.0	34.0
1236.0	27.0
1237.0	38.0
1238.0	30.0
1239.0	33.0
1240.0	29.0
1241.0	33.0
1242.0	25.0
1243.0	26.0
1244.0	36.0
1245.0	27.0
1246.0	27.0
1247.0	24.0
1248.0	19.0
1249.0	28.0
1250.0	21.0
1251.0	23.0
1252.0	25.0
1253.0	30.0
1254.0	22.0
1255.0	22.0
1256.0	26.0
1257.0	24.0
1258.0	24.0
1259.0	27.0
1260.0	21.0
1261.0	19.0
1262.0	25.0
1263.0	30.0
1264.0	26.0
1265.0	24.0
1266.0	29.0
1267.0	21.0
1268.0	23.0
1269.0	23.0
1270.0	23.0
1271.0	29.0
1272.0	18.0
1273.0	27.0
1274.0	31.0
1275.0	20.0
1276.0	32.0
1277.0	25.0
1278.0	23.0
1279.0	19.0
1280.0	24.0
1281.0	20.0
1282.0	13.0
1283.0	16.0
1284.0	17.0
1285.0	23.0
1286.0	29.0
1287.0	33.0
1288.0	19.0
1289.0	26.0
1290.0	16.0
1291.0	24.0
1292.0	40.0
1293.0	22.0
1294.0	21.0
1295.0	25.0
1296.0	24.0
1297.0	15.0
1298.0	24.0
1299.0	16.0
1300.0	18.0
1301.0	15.0
1302.0	24.0
1303.0	18.0
1304.0	28.0
1305.0	20.0
1306.0	24.0
1307.0	22.0
1308.0	14.0
1309.0	18.0
1310.0	20.0
1311.0	24.0
1312.0	26.0
1313.0	20.0
1314.0	33.0
1315.0	28.0
1316.0	16.0
1317.0	25.0
1318.0	18.0
1319.0	21.0
1320.0	28.0
1321.0	16.0
1322.0	28.0
1323.0	21.0
1324.0	18.0
1325.0	27.0
1326.0	20.0
1327.0	25.0
1328.0	27.0
1329.0	29.0
1330.0	29.0
1331.0	26.0
1332.0	21.0
1333.0	30.0
1334.0	22.0
1335.0	28.0
1336.0	30.0
1337.0	25.0
1338.0	27.0
1339.0	26.0
1340.0	30.0
1341.0	36.0
1342.0	33.0
1343.0	27.0
1344.0	25.0
1345.0	29.0
1346.0	30.0
1347.0	30.0
1348.0	23.0
1349.0	23.0
1350.0	28.0
1351.0	38.0
1352.0	32.0
1353.0	29.0
1354.0	22.0
1355.0	20.0
1356.0	37.0
1357.0	24.0
1358.0	27.0
1359.0	23.0
1360.0	24.0
1361.0	22.0
1362.0	14.0
1363.0	26.0
1364.0	25.0
1365.0	26.0
1366.0	13.0
1367.0	34.0
1368.0	25.0
1369.0	32.0
1370.0	30.0
1371.0	25.0
1372.0	35.0
1373.0	27.0
1374.0	33.0
1375.0	22.0
1376.0	26.0
1377.0	30.0
1378.0	25.0
1379.0	27.0
1380.0	22.0
1381.0	35.0
1382.0	27.0
1383.0	18.0
1384.0	32.0
1385.0	25.0
1386.0	18.0
1387.0	16.0
1388.0	14.0
1389.0	14.0
1390.0	18.0
1391.0	23.0
1392.0	20.0
1393.0	14.0
1394.0	22.0
1395.0	25.0
1396.0	21.0
1397.0	22.0
1398.0	26.0
1399.0	23.0
1400.0	21.0
1401.0	13.0
1402.0	23.0
1403.0	30.0
1404.0	31.0
1405.0	20.0
1406.0	23.0
1407.0	23.0
1408.0	19.0
1409.0	22.0
1410.0	23.0
1411.0	11.0
1412.0	20.0
1413.0	20.0
1414.0	19.0
1415.0	24.0
1416.0	17.0
1417.0	20.0
1418.0	26.0
1419.0	13.0
1420.0	18.0
1421.0	22.0
1422.0	26.0
1423.0	19.0
1424.0	33.0
1425.0	17.0
1426.0	22.0
1427.0	24.0
1428.0	21.0
1429.0	27.0
1430.0	23.0
1431.0	36.0
1432.0	21.0
1433.0	22.0
1434.0	34.0
1435.0	23.0
1436.0	27.0
1437.0	25.0
1438.0	38.0
1439.0	27.0
1440.0	30.0
1441.0	24.0
1442.0	28.0
1443.0	32.0
1444.0	27.0
1445.0	22.0
1446.0	25.0
1447.0	22.0
1448.0	23.0
1449.0	27.0
1450.0	20.0
1451.0	33.0
1452.0	24.0
1453.0	24.0
1454.0	25.0
1455.0	25.0
1456.0	28.0
1457.0	21.0
1458.0	19.0
1459.0	24.0
1460.0	30.0
1461.0	27.0
1462.0	30.0
1463.0	34.0
1464.0	23.0
1465.0	30.0
1466.0	16.0
1467.0	25.0
1468.0	23.0
1469.0	10.0
1470.0	16.0
1471.0	12.0
1472.0	19.0
1473.0	23.0
1474.0	27.0
1475.0	18.0
1476.0	12.0
1477.0	17.0
1478.0	16.0
1479.0	17.0
1480.0	11.0
1481.0	22.0
1482.0	11.0
1483.0	19.0
1484.0	18.0
1485.0	22.0
1486.0	19.0
1487.0	21.0
1488.0	17.0
1489.0	20.0
1490.0	21.0
1491.0	17.0
1492.0	18.0
1493.0	16.0
1494.0	26.0
1495.0	19.0
1496.0	10.0
1497.0	17.0
1498.0	25.0
1499.0	27.0
1500.0	22.0
1501.0	25.0
1502.0	16.0
1503.0	20.0
1504.0	22.0
1505.0	19.0
1506.0	13.0
1507.0	18.0
1508.0	22.0
1509.0	16.0
1510.0	20.0
1511.0	11.0
1512.0	14.0
1513.0	18.0
1514.0	15.0
1515.0	22.0
1516.0	14.0
1517.0	8.0
1518.0	19.0
1519.0	14.0
1520.0	14.0
1521.0	15.0
1522.0	24.0
1523.0	17.0
1524.0	18.0
1525.0	11.0
1526.0	17.0
1527.0	14.0
1528.0	14.0
1529.0	15.0
1530.0	12.0
1531.0	11.0
1532.0	16.0
1533.0	10.0
1534.0	14.0
1535.0	19.0
1536.0	7.0
1537.0	13.0
1538.0	10.0
1539.0	12.0
1540.0	15.0
1541.0	7.0
1542.0	11.0
1543.0	12.0
1544.0	9.0
1545.0	7.0
1546.0	22.0
1547.0	13.0
1548.0	9.0
1549.0	12.0
1550.0	14.0
1551.0	9.0
1552.0	15.0
1553.0	19.0
1554.0	15.0
1555.0	12.0
1556.0	14.0
1557.0	17.0
1558.0	17.0
1559.0	13.0
1560.0	12.0
1561.0	12.0
1562.0	16.0
1563.0	16.0
1564.0	9.0
1565.0	14.0
1566.0	15.0
1567.0	15.0
1568.0	9.0
1569.0	21.0
1570.0	14.0
1571.0	18.0
1572.0	12.0
1573.0	10.0
1574.0	18.0
1575.0	8.0
1576.0	11.0
1577.0	18.0
1578.0	11.0
1579.0	17.0
1580.0	9.0
1581.0	17.0
1582.0	13.0
1583.0	7.0
1584.0	10.0
1585.0	11.0
1586.0	19.0
1587.0	15.0
1588.0	18.0
1589.0	11.0
1590.0	13.0
1591.0	18.0
1592.0	8.0
1593.0	10.0
1594.0	6.0
1595.0	9.0
1596.0	10.0
1597.0	16.0
1598.0	10.0
1599.0	13.0
1600.0	18.0
1601.0	13.0
1602.0	12.0
1603.0	14.0
1604.0	10.0
1605.0	10.0
1606.0	12.0
1607.0	19.0
1608.0	11.0
1609.0	21.0
1610.0	10.0
1611.0	10.0
1612.0	10.0
1613.0	13.0
1614.0	14.0
1615.0	17.0
1616.0	14.0
1617.0	16.0
1618.0	11.0
1619.0	12.0
1620.0	7.0
1621.0	20.0
1622.0	17.0
1623.0	20.0
1624.0	11.0
1625.0	14.0
1626.0	12.0
1627.0	19.0
1628.0	13.0
1629.0	14.0
1630.0	16.0
1631.0	15.0
1632.0	18.0
1633.0	17.0
1634.0	17.0
1635.0	16.0
1636.0	13.0
1637.0	13.0
1638.0	19.0
1639.0	9.0
1640.0	20.0
1641.0	14.0
1642.0	11.0
1643.0	11.0
1644.0	18.0
1645.0	10.0
1646.0	16.0
1647.0	15.0
1648.0	9.0
1649.0	21.0
1650.0	13.0
1651.0	11.0
1652.0	6.0
1653.0	12.0
1654.0	9.0
1655.0	19.0
1656.0	9.0
1657.0	12.0
1658.0	11.0
1659.0	9.0
1660.0	14.0
1661.0	13.0
1662.0	12.0
1663.0	15.0
1664.0	10.0
1665.0	17.0
1666.0	14.0
1667.0	12.0
1668.0	15.0
1669.0	13.0
1670.0	10.0
1671.0	18.0
1672.0	14.0
1673.0	14.0
1674.0	11.0
1675.0	15.0
1676.0	22.0
1677.0	17.0
1678.0	15.0
1679.0	12.0
1680.0	6.0
1681.0	13.0
1682.0	14.0
1683.0	10.0
1684.0	24.0
1685.0	12.0
1686.0	13.0
1687.0	13.0
1688.0	14.0
1689.0	15.0
1690.0	21.0
1691.0	22.0
1692.0	13.0
1693.0	18.0
1694.0	13.0
1695.0	11.0
1696.0	18.0
1697.0	20.0
1698.0	11.0
1699.0	18.0
1700.0	17.0
1701.0	10.0
1702.0	14.0
1703.0	20.0
1704.0	16.0
1705.0	17.0
1706.0	9.0
1707.0	22.0
1708.0	18.0
1709.0	16.0
1710.0	13.0
1711.0	12.0
1712.0	9.0
1713.0	16.0
1714.0	11.0
1715.0	16.0
1716.0	13.0
1717.0	14.0
1718.0	17.0
1719.0	14.0
1720.0	11.0
1721.0	15.0
1722.0	12.0
1723.0	10.0
1724.0	15.0
1725.0	24.0
1726.0	12.0
1727.0	15.0
1728.0	9.0
1729.0	13.0
1730.0	13.0
1731.0	12.0
1732.0	19.0
1733.0	15.0
1734.0	20.0
1735.0	7.0
1736.0	15.0
1737.0	12.0
1738.0	11.0
1739.0	16.0
1740.0	13.0
1741.0	11.0
1742.0	13.0
1743.0	19.0
1744.0	18.0
1745.0	12.0
1746.0	12.0
1747.0	13.0
1748.0	17.0
1749.0	17.0
1750.0	20.0
1751.0	9.0
1752.0	18.0
1753.0	14.0
1754.0	15.0
1755.0	9.0
1756.0	12.0
1757.0	9.0
1758.0	16.0
1759.0	16.0
1760.0	6.0
1761.0	10.0
1762.0	7.0
1763.0	8.0
1764.0	12.0
1765.0	12.0
1766.0	8.0
1767.0	11.0
1768.0	12.0
1769.0	12.0
1770.0	21.0
1771.0	13.0
1772.0	10.0
1773.0	17.0
1774.0	12.0
1775.0	12.0
1776.0	10.0
1777.0	15.0
1778.0	18.0
1779.0	13.0
1780.0	6.0
1781.0	21.0
1782.0	12.0
1783.0	12.0
1784.0	10.0
1785.0	12.0
1786.0	13.0
1787.0	16.0
1788.0	17.0
1789.0	17.0
1790.0	12.0
1791.0	11.0
1792.0	16.0
1793.0	13.0
1794.0	17.0
1795.0	14.0
1796.0	12.0
1797.0	11.0
1798.0	17.0
1799.0	14.0
1800.0	21.0
1801.0	16.0
1802.0	16.0
1803.0	16.0
1804.0	15.0
1805.0	17.0
1806.0	13.0
1807.0	16.0
1808.0	18.0
1809.0	15.0
1810.0	12.0
1811.0	21.0
1812.0	14.0
1813.0	19.0
1814.0	11.0
1815.0	13.0
1816.0	14.0
1817.0	19.0
1818.0	26.0
1819.0	10.0
1820.0	18.0
1821.0	12.0
1822.0	27.0
1823.0	17.0
1824.0	20.0
1825.0	19.0
1826.0	20.0
1827.0	14.0
1828.0	19.0
1829.0	24.0
1830.0	28.0
1831.0	17.0
1832.0	24.0
1833.0	22.0
1834.0	18.0
1835.0	17.0
1836.0	22.0
1837.0	9.0
1838.0	18.0
1839.0	17.0
1840.0	21.0
1841.0	18.0
1842.0	23.0
1843.0	24.0
1844.0	17.0
1845.0	14.0
1846.0	14.0
1847.0	31.0
1848.0	24.0
1849.0	19.0
1850.0	19.0
1851.0	16.0
1852.0	25.0
1853.0	17.0
1854.0	19.0
1855.0	11.0
1856.0	21.0
1857.0	19.0
1858.0	14.0
1859.0	25.0
1860.0	21.0
1861.0	23.0
1862.0	14.0
1863.0	22.0
1864.0	19.0
1865.0	19.0
1866.0	13.0
1867.0	17.0
1868.0	13.0
1869.0	10.0
1870.0	17.0
1871.0	10.0
1872.0	16.0
1873.0	21.0
1874.0	21.0
1875.0	23.0
1876.0	27.0
1877.0	31.0
1878.0	8.0
1879.0	21.0
1880.0	16.0
1881.0	18.0
1882.0	18.0
1883.0	21.0
1884.0	20.0
1885.0	15.0
1886.0	18.0
1887.0	20.0
1888.0	15.0
1889.0	25.0
1890.0	15.0
1891.0	14.0
1892.0	24.0
1893.0	23.0
1894.0	14.0
1895.0	16.0
1896.0	24.0
1897.0	18.0
1898.0	14.0
1899.0	22.0
1900.0	14.0
1901.0	20.0
1902.0	14.0
1903.0	16.0
1904.0	12.0
1905.0	25.0
1906.0	24.0
1907.0	20.0
1908.0	16.0
1909.0	22.0
1910.0	18.0
1911.0	19.0
1912.0	18.0
1913.0	16.0
1914.0	26.0
1915.0	15.0
1916.0	21.0
1917.0	19.0
1918.0	24.0
1919.0	24.0
1920.0	29.0
1921.0	26.0
1922.0	24.0
1923.0	13.0
1924.0	18.0
1925.0	17.0
1926.0	17.0
1927.0	23.0
1928.0	26.0
1929.0	11.0
1930.0	21.0
1931.0	25.0
1932.0	18.0
1933.0	29.0
1934.0	15.0
1935.0	18.0
1936.0	16.0
1937.0	22.0
1938.0	15.0
1939.0	23.0
1940.0	18.0
1941.0	27.0
1942.0	27.0
1943.0	21.0
1944.0	18.0
1945.0	27.0
1946.0	18.0
1947.0	15.0
1948.0	22.0
1949.0	22.0
1950.0	24.0
1951.0	28.0
1952.0	23.0
1953.0	12.0
1954.0	24.0
1955.0	22.0
1956.0	19.0
1957.0	14.0
1958.0	23.0
1959.0	12.0
1960.0	29.0
1961.0	14.0
1962.0	19.0
1963.0	20.0
1964.0	18.0
1965.0	23.0
1966.0	23.0
1967.0	20.0
1968.0	18.0
1969.0	20.0
1970.0	22.0
1971.0	12.0
1972.0	12.0
1973.0	15.0
1974.0	19.0
1975.0	12.0
1976.0	20.0
1977.0	14.0
1978.0	17.0
1979.0	14.0
1980.0	20.0
1981.0	9.0
1982.0	19.0
1983.0	17.0
1984.0	19.0
1985.0	15.0
1986.0	16.0
1987.0	14.0
1988.0	16.0
1989.0	16.0
1990.0	18.0
1991.0	15.0
1992.0	12.0
1993.0	22.0
1994.0	20.0
1995.0	14.0
1996.0	18.0
1997.0	12.0
1998.0	9.0
1999.0	14.0
2000.0	12.0
2001.0	12.0
2002.0	18.0
2003.0	9.0
2004.0	16.0
2005.0	7.0
2006.0	12.0
2007.0	18.0
2008.0	14.0
2009.0	12.0
2010.0	14.0
2011.0	14.0
2012.0	14.0
2013.0	13.0
2014.0	16.0
2015.0	17.0
2016.0	12.0
2017.0	15.0
2018.0	12.0
2019.0	13.0
2020.0	19.0
2021.0	16.0
2022.0	16.0
2023.0	14.0
2024.0	14.0
2025.0	10.0
2026.0	15.0
2027.0	13.0
2028.0	11.0
2029.0	19.0
2030.0	13.0
2031.0	15.0
2032.0	15.0
2033.0	13.0
2034.0	8.0
2035.0	9.0
2036.0	6.0
2037.0	11.0
2038.0	15.0
2039.0	13.0
2040.0	11.0
2041.0	7.0
2042.0	10.0
2043.0	11.0
2044.0	16.0
2045.0	6.0
2046.0	5.0
2047.0	15.0
2048.0	15.0
2049.0	10.0
2050.0	10.0
2051.0	14.0
2052.0	16.0
2053.0	17.0
2054.0	18.0
2055.0	18.0
2056.0	16.0
2057.0	15.0
2058.0	17.0
2059.0	25.0
2060.0	19.0
2061.0	10.0
2062.0	10.0
2063.0	12.0
2064.0	21.0
2065.0	18.0
2066.0	16.0
2067.0	15.0
2068.0	24.0
2069.0	14.0
2070.0	5.0
2071.0	19.0
2072.0	18.0
2073.0	17.0
2074.0	8.0
2075.0	16.0
2076.0	14.0
2077.0	13.0
2078.0	14.0
2079.0	12.0
2080.0	13.0
2081.0	13.0
2082.0	18.0
2083.0	9.0
2084.0	10.0
2085.0	14.0
2086.0	11.0
2087.0	10.0
2088.0	12.0
2089.0	12.0
2090.0	8.0
2091.0	8.0
2092.0	20.0
2093.0	10.0
2094.0	9.0
2095.0	9.0
2096.0	8.0
2097.0	9.0
2098.0	9.0
2099.0	10.0
2100.0	11.0
2101.0	9.0
2102.0	12.0
2103.0	13.0
2104.0	13.0
2105.0	12.0
2106.0	6.0
2107.0	5.0
2108.0	12.0
2109.0	10.0
2110.0	14.0
2111.0	17.0
2112.0	18.0
2113.0	14.0
2114.0	11.0
2115.0	12.0
2116.0	5.0
2117.0	17.0
2118.0	5.0
2119.0	10.0
2120.0	12.0
2121.0	15.0
2122.0	16.0
2123.0	8.0
2124.0	6.0
2125.0	13.0
2126.0	18.0
2127.0	9.0
2128.0	10.0
2129.0	5.0
2130.0	13.0
2131.0	12.0
2132.0	18.0
2133.0	10.0
2134.0	12.0
2135.0	16.0
2136.0	10.0
2137.0	18.0
2138.0	8.0
2139.0	8.0
2140.0	18.0
2141.0	13.0
2142.0	10.0
2143.0	9.0
2144.0	15.0
2145.0	8.0
2146.0	8.0
2147.0	8.0
2148.0	14.0
2149.0	5.0
2150.0	10.0
2151.0	16.0
2152.0	13.0
2153.0	7.0
2154.0	8.0
2155.0	4.0
2156.0	9.0
2157.0	5.0
2158.0	9.0
2159.0	15.0
2160.0	13.0
2161.0	7.0
2162.0	8.0
2163.0	8.0
2164.0	4.0
2165.0	15.0
2166.0	9.0
2167.0	11.0
2168.0	5.0
2169.0	3.0
2170.0	9.0
2171.0	6.0
2172.0	4.0
2173.0	10.0
2174.0	6.0
2175.0	5.0
2176.0	5.0
2177.0	8.0
2178.0	9.0
2179.0	1.0
2180.0	5.0
2181.0	4.0
2182.0	2.0
2183.0	9.0
2184.0	8.0
2185.0	7.0
2186.0	8.0
2187.0	2.0
2188.0	10.0
2189.0	12.0
2190.0	12.0
2191.0	5.0
2192.0	9.0
2193.0	8.0
2194.0	7.0
2195.0	3.0
2196.0	12.0
2197.0	3.0
2198.0	10.0
2199.0	6.0
2200.0	6.0
2201.0	11.0
2202.0	10.0
2203.0	5.0
2204.0	6.0
2205.0	8.0
2206.0	10.0
2207.0	9.0
2208.0	3.0
2209.0	12.0
2210.0	7.0
2211.0	4.0
2212.0	4.0
2213.0	5.0
2214.0	9.0
2215.0	7.0
2216.0	7.0
2217.0	6.0
2218.0	1.0
2219.0	5.0
2220.0	9.0
2221.0	8.0
2222.0	10.0
2223.0	10.0
2224.0	4.0
2225.0	6.0
2226.0	7.0
2227.0	5.0
2228.0	12.0
2229.0	5.0
2230.0	2.0
2231.0	10.0
2232.0	7.0
2233.0	5.0
2234.0	4.0
2235.0	4.0
2236.0	6.0
2237.0	7.0
2238.0	7.0
2239.0	11.0
2240.0	11.0
2241.0	5.0
2242.0	7.0
2243.0	6.0
2244.0	7.0
2245.0	10.0
2246.0	4.0
2247.0	4.0
2248.0	10.0
2249.0	5.0
2250.0	3.0
2251.0	4.0
2252.0	8.0
2253.0	12.0
2254.0	5.0
2255.0	2.0
2256.0	5.0
2257.0	6.0
2258.0	7.0
2259.0	11.0
2260.0	7.0
2261.0	8.0
2262.0	6.0
2263.0	8.0
2264.0	6.0
2265.0	6.0
2266.0	4.0
2267.0	9.0
2268.0	3.0
2269.0	6.0
2270.0	11.0
2271.0	6.0
2272.0	7.0
2273.0	8.0
2274.0	7.0
2275.0	6.0
2276.0	8.0
2277.0	6.0
2278.0	4.0
2279.0	6.0
2280.0	13.0
2281.0	2.0
2282.0	5.0
2283.0	9.0
2284.0	4.0
2285.0	7.0
2286.0	6.0
2287.0	7.0
2288.0	2.0
2289.0	1.0
2290.0	5.0
2291.0	8.0
2292.0	8.0
2293.0	6.0
2294.0	7.0
2295.0	12.0
2296.0	7.0
2297.0	8.0
2298.0	6.0
2299.0	8.0
2300.0	6.0
2301.0	8.0
2302.0	9.0
2303.0	2.0
2304.0	5.0
2305.0	3.0
2306.0	1.0
2307.0	9.0
2308.0	4.0
2309.0	6.0
2310.0	9.0
2311.0	6.0
2312.0	9.0
2313.0	7.0
2314.0	2.0
2315.0	8.0
2316.0	5.0
2318.0	6.0
2319.0	7.0
2320.0	5.0
2321.0	4.0
2322.0	1.0
2323.0	7.0
2324.0	8.0
2325.0	7.0
2326.0	6.0
2327.0	11.0
2328.0	4.0
2329.0	7.0
2330.0	8.0
2331.0	8.0
2332.0	8.0
2333.0	12.0
2334.0	6.0
2335.0	10.0
2336.0	8.0
2337.0	13.0
2338.0	8.0
2339.0	8.0
2340.0	6.0
2341.0	11.0
2342.0	6.0
2343.0	6.0
2344.0	4.0
2345.0	6.0
2346.0	6.0
2347.0	8.0
2348.0	6.0
2349.0	10.0
2350.0	10.0
2351.0	3.0
2352.0	7.0
2353.0	14.0
2354.0	7.0
2355.0	15.0
2356.0	7.0
2357.0	10.0
2358.0	16.0
2359.0	5.0
2360.0	11.0
2361.0	6.0
2362.0	8.0
2363.0	13.0
2364.0	12.0
2365.0	16.0
2366.0	7.0
2367.0	7.0
2368.0	6.0
2369.0	15.0
2370.0	10.0
2371.0	9.0
2372.0	9.0
2373.0	13.0
2374.0	5.0
2375.0	10.0
2376.0	13.0
2377.0	15.0
2378.0	8.0
2379.0	13.0
2380.0	10.0
2381.0	17.0
2382.0	14.0
2383.0	12.0
2384.0	14.0
2385.0	10.0
2386.0	10.0
2387.0	11.0
2388.0	13.0
2389.0	14.0
2390.0	17.0
2391.0	17.0
2392.0	11.0
2393.0	8.0
2394.0	8.0
2395.0	11.0
2396.0	17.0
2397.0	13.0
2398.0	11.0
2399.0	21.0
2400.0	14.0
2401.0	11.0
2402.0	9.0
2403.0	7.0
2404.0	9.0
2405.0	17.0
2406.0	15.0
2407.0	14.0
2408.0	9.0
2409.0	14.0
2410.0	13.0
2411.0	11.0
2412.0	11.0
2413.0	15.0
2414.0	10.0
2415.0	10.0
2416.0	14.0
2417.0	14.0
2418.0	14.0
2419.0	16.0
2420.0	17.0
2421.0	22.0
2422.0	18.0
2423.0	10.0
2424.0	13.0
2425.0	17.0
2426.0	12.0
2427.0	24.0
2428.0	14.0
2429.0	19.0
2430.0	16.0
2431.0	21.0
2432.0	11.0
2433.0	21.0
2434.0	13.0
2435.0	9.0
2436.0	11.0
2437.0	18.0
2438.0	8.0
2439.0	14.0
2440.0	15.0
2441.0	8.0
2442.0	16.0
2443.0	17.0
2444.0	13.0
2445.0	11.0
2446.0	10.0
2447.0	11.0
2448.0	9.0
2449.0	11.0
2450.0	11.0
2451.0	9.0
2452.0	17.0
2453.0	13.0
2454.0	9.0
2455.0	9.0
2456.0	15.0
2457.0	9.0
2458.0	13.0
2459.0	14.0
2460.0	8.0
2461.0	12.0
2462.0	12.0
2463.0	13.0
2464.0	7.0
2465.0	11.0
2466.0	6.0
2467.0	13.0
2468.0	10.0
2469.0	14.0
2470.0	8.0
2471.0	10.0
2472.0	14.0
2473.0	9.0
2474.0	14.0
2475.0	11.0
2476.0	7.0
2477.0	13.0
2478.0	6.0
2479.0	11.0
2480.0	12.0
2481.0	7.0
2482.0	9.0
2483.0	8.0
2484.0	11.0
2485.0	9.0
2486.0	10.0
2487.0	12.0
2488.0	15.0
2489.0	4.0
2490.0	12.0
2491.0	8.0
2492.0	7.0
2493.0	8.0
2494.0	11.0
2495.0	4.0
2496.0	8.0
2497.0	4.0
2498.0	11.0
2499.0	6.0
2500.0	11.0
2501.0	10.0
2502.0	15.0
2503.0	10.0
2504.0	10.0
2505.0	7.0
2506.0	7.0
2507.0	6.0
2508.0	9.0
2509.0	13.0
2510.0	7.0
2511.0	10.0
2512.0	6.0
2513.0	14.0
2514.0	12.0
2515.0	15.0
2516.0	8.0
2517.0	9.0
2518.0	7.0
2519.0	10.0
2520.0	4.0
2521.0	10.0
2522.0	6.0
2523.0	8.0
2524.0	9.0
2525.0	14.0
2526.0	8.0
2527.0	10.0
2528.0	6.0
2529.0	6.0
2530.0	7.0
2531.0	7.0
2532.0	7.0
2533.0	2.0
2534.0	12.0
2535.0	4.0
2536.0	7.0
2537.0	5.0
2538.0	4.0
2539.0	7.0
2540.0	3.0
2541.0	8.0
2542.0	9.0
2543.0	9.0
2544.0	4.0
2545.0	3.0
2546.0	9.0
2547.0	4.0
2548.0	2.0
2549.0	6.0
2550.0	5.0
2551.0	4.0
2552.0	6.0
2553.0	6.0
2554.0	7.0
2555.0	10.0
2556.0	4.0
2557.0	10.0
2558.0	12.0
2559.0	7.0
2560.0	11.0
2561.0	7.0
2562.0	7.0
2563.0	6.0
2564.0	2.0
2565.0	9.0
2566.0	6.0
2567.0	5.0
2568.0	3.0
2569.0	5.0
2570.0	2.0
2571.0	6.0
2572.0	6.0
2573.0	4.0
2574.0	5.0
2575.0	6.0
2576.0	4.0
2577.0	10.0
2578.0	9.0
2579.0	3.0
2580.0	6.0
2581.0	4.0
2582.0	9.0
2583.0	4.0
2584.0	7.0
2585.0	9.0
2586.0	1.0
2587.0	6.0
2588.0	4.0
2589.0	5.0
2590.0	5.0
2591.0	6.0
2592.0	10.0
2593.0	3.0
2594.0	11.0
2595.0	6.0
2596.0	5.0
2597.0	5.0
2598.0	3.0
2599.0	7.0
2600.0	10.0
2601.0	4.0
2602.0	9.0
2603.0	2.0
2604.0	3.0
2605.0	6.0
2606.0	2.0
2607.0	9.0
2608.0	5.0
2609.0	8.0
2610.0	6.0
2611.0	7.0
2612.0	5.0
2613.0	6.0
2614.0	7.0
2615.0	3.0
2616.0	9.0
2617.0	4.0
2618.0	5.0
2619.0	7.0
2620.0	13.0
2621.0	6.0
2622.0	12.0
2623.0	4.0
2624.0	4.0
2625.0	2.0
2626.0	7.0
2627.0	5.0
2628.0	6.0
2629.0	4.0
2630.0	10.0
2631.0	6.0
2632.0	7.0
2633.0	5.0
2634.0	3.0
2635.0	5.0
2636.0	9.0
2637.0	10.0
2638.0	5.0
2639.0	13.0
2640.0	5.0
2641.0	11.0
2642.0	3.0
2643.0	6.0
2644.0	11.0
2645.0	3.0
2646.0	2.0
2647.0	12.0
2648.0	4.0
2649.0	9.0
2650.0	6.0
2651.0	3.0
2652.0	10.0
2653.0	3.0
2654.0	5.0
2655.0	8.0
2656.0	10.0
2657.0	1.0
2658.0	6.0
2659.0	5.0
2660.0	7.0
2661.0	5.0
2662.0	3.0
2663.0	2.0
2664.0	7.0
2665.0	3.0
2666.0	5.0
2667.0	5.0
2668.0	6.0
2669.0	4.0
2670.0	3.0
2671.0	4.0
2672.0	9.0
2673.0	4.0
2674.0	5.0
2675.0	4.0
2676.0	6.0
2677.0	3.0
2678.0	5.0
2679.0	3.0
2680.0	6.0
2681.0	5.0
2682.0	4.0
2683.0	2.0
2684.0	4.0
2685.0	4.0
2686.0	2.0
2687.0	4.0
2688.0	3.0
2689.0	6.0
2690.0	7.0
2691.0	5.0
2692.0	9.0
2693.0	7.0
2694.0	6.0
2695.0	4.0
2696.0	6.0
2697.0	1.0
2698.0	3.0
2699.0	1.0
2700.0	7.0
2701.0	5.0
2702.0	2.0
2703.0	6.0
2704.0	5.0
2705.0	5.0
2706.0	7.0
2707.0	3.0
2708.0	5.0
2709.0	5.0
2710.0	6.0
2711.0	6.0
2712.0	6.0
2713.0	3.0
2714.0	3.0
2715.0	2.0
2716.0	5.0
2717.0	3.0
2718.0	3.0
2719.0	1.0
2720.0	4.0
2721.0	4.0
2722.0	2.0
2723.0	4.0
2724.0	1.0
2726.0	6.0
2727.0	7.0
2728.0	1.0
2729.0	3.0
2730.0	3.0
2731.0	4.0
2732.0	2.0
2733.0	5.0
2734.0	2.0
2735.0	3.0
2736.0	5.0
2737.0	4.0
2738.0	6.0
2739.0	2.0
2740.0	5.0
2741.0	2.0
2742.0	3.0
2743.0	6.0
2744.0	3.0
2745.0	1.0
2746.0	1.0
2747.0	1.0
2748.0	4.0
2749.0	3.0
2750.0	5.0
2751.0	10.0
2752.0	7.0
2753.0	4.0
2754.0	5.0
2755.0	3.0
2756.0	3.0
2757.0	7.0
2758.0	2.0
2759.0	5.0
2760.0	4.0
2761.0	7.0
2762.0	7.0
2763.0	1.0
2764.0	4.0
2765.0	4.0
2766.0	4.0
2767.0	3.0
2768.0	3.0
2769.0	2.0
2770.0	6.0
2771.0	4.0
2772.0	2.0
2773.0	3.0
2774.0	3.0
2775.0	6.0
2776.0	3.0
2777.0	6.0
2778.0	2.0
2779.0	3.0
2780.0	3.0
2781.0	1.0
2782.0	2.0
2783.0	2.0
2785.0	1.0
2786.0	5.0
2787.0	2.0
2788.0	4.0
2789.0	11.0
2790.0	2.0
2791.0	1.0
2792.0	2.0
2793.0	1.0
2794.0	2.0
2795.0	6.0
2796.0	1.0
2797.0	4.0
2798.0	5.0
2799.0	1.0
2800.0	8.0
2801.0	2.0
2802.0	3.0
2803.0	4.0
2804.0	7.0
2805.0	4.0
2806.0	2.0
2807.0	1.0
2808.0	4.0
2809.0	6.0
2810.0	1.0
2811.0	4.0
2812.0	5.0
2813.0	2.0
2814.0	3.0
2815.0	1.0
2816.0	3.0
2817.0	6.0
2818.0	2.0
2819.0	4.0
2820.0	3.0
2821.0	3.0
2822.0	1.0
2823.0	3.0
2824.0	2.0
2825.0	5.0
2826.0	5.0
2827.0	2.0
2828.0	7.0
2829.0	3.0
2830.0	2.0
2831.0	3.0
2832.0	3.0
2833.0	1.0
2834.0	1.0
2835.0	2.0
2836.0	4.0
2837.0	3.0
2838.0	1.0
2839.0	7.0
2840.0	1.0
2841.0	2.0
2842.0	2.0
2843.0	4.0
2844.0	2.0
2846.0	1.0
2847.0	4.0
2848.0	5.0
2849.0	2.0
2850.0	3.0
2851.0	1.0
2852.0	2.0
2853.0	2.0
2854.0	1.0
2855.0	4.0
2856.0	3.0
2857.0	2.0
2858.0	4.0
2859.0	3.0
2860.0	4.0
2861.0	3.0
2862.0	2.0
2863.0	1.0
2864.0	4.0
2866.0	2.0
2867.0	1.0
2868.0	3.0
2869.0	1.0
2870.0	2.0
2871.0	1.0
2872.0	1.0
2873.0	2.0
2874.0	3.0
2875.0	4.0
2876.0	1.0
2877.0	2.0
2879.0	3.0
2880.0	1.0
2881.0	1.0
2882.0	3.0
2884.0	1.0
2885.0	1.0
2886.0	1.0
2887.0	1.0
2888.0	3.0
2889.0	2.0
2890.0	1.0
2891.0	2.0
2892.0	4.0
2893.0	3.0
2894.0	2.0
2895.0	1.0
2896.0	2.0
2897.0	2.0
2898.0	1.0
2899.0	2.0
2900.0	3.0
2901.0	3.0
2902.0	1.0
2903.0	4.0
2904.0	3.0
2905.0	3.0
2906.0	4.0
2907.0	2.0
2908.0	2.0
2909.0	2.0
2910.0	1.0
2913.0	4.0
2915.0	1.0
2916.0	2.0
2917.0	3.0
2918.0	5.0
2919.0	3.0
2920.0	5.0
2923.0	1.0
2924.0	6.0
2925.0	1.0
2926.0	1.0
2927.0	5.0
2928.0	3.0
2929.0	1.0
2930.0	1.0
2931.0	4.0
2933.0	1.0
2934.0	3.0
2935.0	3.0
2936.0	2.0
2937.0	3.0
2938.0	1.0
2939.0	2.0
2940.0	3.0
2942.0	4.0
2943.0	3.0
2944.0	4.0
2945.0	2.0
2946.0	3.0
2947.0	3.0
2948.0	1.0
2949.0	2.0
2950.0	6.0
2951.0	4.0
2952.0	1.0
2953.0	2.0
2954.0	2.0
2955.0	1.0
2957.0	2.0
2958.0	3.0
2959.0	2.0
2960.0	1.0
2961.0	2.0
2962.0	1.0
2963.0	6.0
2964.0	3.0
2965.0	4.0
2966.0	1.0
2968.0	2.0
2969.0	4.0
2970.0	2.0
2971.0	2.0
2972.0	1.0
2973.0	2.0
2974.0	3.0
2976.0	3.0
2977.0	5.0
2978.0	3.0
2979.0	1.0
2981.0	3.0
2982.0	1.0
2983.0	1.0
2984.0	1.0
2985.0	3.0
2986.0	1.0
2988.0	2.0
2990.0	4.0
2991.0	1.0
2992.0	1.0
2993.0	2.0
2995.0	2.0
2997.0	1.0
3001.0	3.0
3004.0	2.0
3005.0	2.0
3007.0	2.0
3010.0	4.0
3011.0	4.0
3013.0	1.0
3014.0	2.0
3015.0	3.0
3016.0	3.0
3017.0	2.0
3018.0	6.0
3019.0	2.0
3020.0	2.0
3021.0	2.0
3022.0	1.0
3023.0	4.0
3024.0	3.0
3025.0	4.0
3026.0	4.0
3029.0	1.0
3030.0	5.0
3031.0	3.0
3032.0	3.0
3033.0	5.0
3034.0	2.0
3035.0	4.0
3036.0	3.0
3037.0	3.0
3038.0	3.0
3039.0	3.0
3040.0	4.0
3042.0	3.0
3043.0	6.0
3044.0	2.0
3045.0	3.0
3046.0	4.0
3047.0	3.0
3048.0	2.0
3049.0	2.0
3050.0	2.0
3051.0	4.0
3052.0	2.0
3053.0	2.0
3054.0	1.0
3055.0	2.0
3056.0	2.0
3057.0	3.0
3058.0	1.0
3059.0	4.0
3060.0	4.0
3061.0	6.0
3062.0	1.0
3063.0	7.0
3064.0	2.0
3065.0	2.0
3066.0	3.0
3067.0	3.0
3068.0	1.0
3069.0	5.0
3070.0	4.0
3071.0	3.0
3072.0	5.0
3073.0	3.0
3074.0	1.0
3075.0	1.0
3076.0	4.0
3077.0	3.0
3078.0	5.0
3079.0	4.0
3080.0	2.0
3081.0	6.0
3082.0	6.0
3084.0	1.0
3085.0	3.0
3086.0	2.0
3087.0	3.0
3088.0	3.0
3089.0	1.0
3090.0	3.0
3091.0	4.0
3092.0	3.0
3093.0	3.0
3094.0	1.0
3095.0	4.0
3096.0	3.0
3097.0	4.0
3098.0	3.0
3099.0	2.0
3101.0	1.0
3102.0	1.0
3103.0	1.0
3105.0	4.0
3106.0	1.0
3107.0	2.0
3108.0	5.0
3109.0	2.0
3110.0	1.0
3111.0	3.0
3112.0	2.0
3113.0	1.0
3114.0	3.0
3115.0	1.0
3116.0	2.0
3117.0	3.0
3118.0	1.0
3119.0	2.0
3120.0	2.0
3121.0	5.0
3122.0	1.0
3123.0	1.0
3124.0	1.0
3125.0	1.0
3126.0	2.0
3127.0	1.0
3128.0	2.0
3129.0	2.0
3131.0	6.0
3132.0	2.0
3133.0	2.0
3134.0	3.0
3136.0	1.0
3137.0	2.0
3138.0	2.0
3139.0	1.0
3140.0	1.0
3141.0	1.0
3142.0	3.0
3143.0	3.0
3144.0	1.0
3145.0	3.0
3147.0	1.0
3148.0	3.0
3149.0	5.0
3150.0	2.0
3151.0	2.0
3152.0	4.0
3153.0	2.0
3154.0	1.0
3155.0	5.0
3156.0	4.0
3157.0	2.0
3159.0	2.0
3160.0	5.0
3161.0	2.0
3162.0	3.0
3163.0	1.0
3164.0	3.0
3166.0	1.0
3168.0	2.0
3169.0	1.0
3170.0	2.0
3172.0	1.0
3173.0	1.0
3174.0	2.0
3176.0	2.0
3177.0	1.0
3180.0	3.0
3181.0	3.0
3182.0	1.0
3183.0	1.0
3184.0	1.0
3185.0	1.0
3186.0	1.0
3187.0	6.0
3188.0	3.0
3190.0	3.0
3192.0	2.0
3193.0	4.0
3194.0	2.0
3195.0	2.0
3196.0	2.0
3197.0	5.0
3198.0	1.0
3199.0	1.0
3201.0	2.0
3202.0	3.0
3203.0	2.0
3204.0	1.0
3205.0	2.0
3207.0	2.0
3208.0	2.0
3209.0	2.0
3210.0	1.0
3211.0	3.0
3212.0	3.0
3213.0	1.0
3214.0	1.0
3215.0	5.0
3216.0	3.0
3217.0	1.0
3218.0	1.0
3220.0	5.0
3221.0	4.0
3222.0	2.0
3223.0	2.0
3224.0	1.0
3225.0	3.0
3226.0	1.0
3227.0	2.0
3229.0	1.0
3230.0	1.0
3231.0	2.0
3232.0	2.0
3233.0	2.0
3234.0	1.0
3235.0	5.0
3236.0	5.0
3237.0	1.0
3238.0	2.0
3239.0	4.0
3242.0	1.0
3243.0	3.0
3244.0	1.0
3245.0	2.0
3246.0	3.0
3247.0	3.0
3249.0	4.0
3250.0	1.0
3251.0	3.0
3252.0	1.0
3253.0	2.0
3254.0	1.0
3255.0	1.0
3256.0	2.0
3257.0	1.0
3258.0	3.0
3260.0	2.0
3261.0	1.0
3264.0	4.0
3265.0	1.0
3266.0	1.0
3267.0	1.0
3268.0	2.0
3269.0	2.0
3271.0	2.0
3272.0	3.0
3274.0	3.0
3276.0	2.0
3277.0	4.0
3278.0	3.0
3279.0	2.0
3280.0	4.0
3281.0	3.0
3282.0	2.0
3284.0	1.0
3285.0	3.0
3286.0	3.0
3287.0	1.0
3288.0	2.0
3289.0	1.0
3290.0	4.0
3292.0	1.0
3293.0	1.0
3295.0	1.0
3296.0	2.0
3297.0	2.0
3298.0	1.0
3299.0	2.0
3300.0	1.0
3302.0	3.0
3304.0	2.0
3305.0	1.0
3306.0	1.0
3309.0	2.0
3310.0	2.0
3311.0	1.0
3312.0	1.0
3313.0	2.0
3314.0	2.0
3315.0	1.0
3316.0	5.0
3318.0	3.0
3319.0	2.0
3320.0	1.0
3322.0	3.0
3323.0	2.0
3324.0	2.0
3325.0	4.0
3326.0	1.0
3327.0	1.0
3328.0	1.0
3329.0	3.0
3330.0	2.0
3331.0	1.0
3332.0	1.0
3333.0	1.0
3334.0	6.0
3335.0	3.0
3336.0	2.0
3337.0	1.0
3338.0	1.0
3339.0	3.0
3340.0	2.0
3341.0	1.0
3342.0	7.0
3343.0	5.0
3344.0	1.0
3345.0	5.0
3346.0	3.0
3347.0	2.0
3348.0	1.0
3350.0	3.0
3351.0	2.0
3352.0	1.0
3353.0	1.0
3354.0	2.0
3355.0	2.0
3356.0	3.0
3357.0	3.0
3358.0	1.0
3359.0	1.0
3360.0	3.0
3361.0	1.0
3362.0	2.0
3363.0	3.0
3364.0	3.0
3365.0	3.0
3366.0	2.0
3367.0	3.0
3368.0	1.0
3369.0	4.0
3371.0	1.0
3373.0	3.0
3374.0	1.0
3375.0	2.0
3376.0	2.0
3377.0	1.0
3378.0	3.0
3380.0	2.0
3381.0	1.0
3382.0	1.0
3383.0	5.0
3384.0	3.0
3385.0	4.0
3386.0	3.0
3387.0	1.0
3388.0	2.0
3389.0	2.0
3390.0	3.0
3391.0	3.0
3392.0	1.0
3393.0	2.0
3396.0	4.0
3397.0	1.0
3398.0	1.0
3399.0	1.0
3401.0	2.0
3402.0	2.0
3403.0	3.0
3405.0	4.0
3406.0	2.0
3408.0	4.0
3409.0	7.0
3410.0	1.0
3411.0	6.0
3412.0	2.0
3413.0	2.0
3414.0	3.0
3415.0	2.0
3416.0	1.0
3417.0	2.0
3418.0	1.0
3419.0	3.0
3420.0	4.0
3421.0	1.0
3422.0	2.0
3423.0	3.0
3424.0	4.0
3425.0	2.0
3426.0	1.0
3428.0	2.0
3429.0	3.0
3430.0	2.0
3431.0	2.0
3432.0	4.0
3433.0	2.0
3434.0	3.0
3435.0	1.0
3436.0	4.0
3437.0	1.0
3439.0	1.0
3440.0	1.0
3441.0	1.0
3442.0	1.0
3443.0	2.0
3444.0	2.0
3445.0	2.0
3446.0	1.0
3447.0	2.0
3448.0	2.0
3449.0	1.0
3450.0	2.0
3451.0	3.0
3453.0	2.0
3454.0	2.0
3456.0	2.0
3457.0	2.0
3458.0	2.0
3459.0	3.0
3461.0	1.0
3462.0	1.0
3463.0	1.0
3464.0	4.0
3465.0	2.0
3467.0	3.0
3468.0	3.0
3469.0	1.0
3470.0	2.0
3471.0	2.0
3472.0	6.0
3473.0	3.0
3474.0	3.0
3475.0	1.0
3478.0	1.0
3479.0	2.0
3480.0	3.0
3481.0	1.0
3482.0	2.0
3483.0	2.0
3484.0	1.0
3485.0	1.0
3486.0	1.0
3487.0	1.0
3488.0	3.0
3489.0	1.0
3490.0	1.0
3491.0	3.0
3492.0	3.0
3493.0	3.0
3494.0	4.0
3495.0	2.0
3497.0	3.0
3498.0	2.0
3500.0	2.0
3501.0	2.0
3503.0	1.0
3504.0	1.0
3505.0	1.0
3507.0	1.0
3508.0	1.0
3510.0	2.0
3512.0	3.0
3513.0	1.0
3514.0	2.0
3515.0	2.0
3516.0	2.0
3517.0	2.0
3518.0	2.0
3519.0	1.0
3520.0	1.0
3521.0	1.0
3522.0	2.0
3523.0	2.0
3524.0	2.0
3525.0	2.0
3526.0	1.0
3527.0	3.0
3528.0	5.0
3529.0	7.0
3530.0	1.0
3531.0	6.0
3534.0	1.0
3535.0	2.0
3536.0	2.0
3537.0	1.0
3538.0	3.0
3539.0	4.0
3540.0	1.0
3541.0	4.0
3542.0	6.0
3543.0	2.0
3544.0	3.0
3545.0	1.0
3546.0	1.0
3547.0	3.0
3548.0	2.0
3550.0	2.0
3551.0	1.0
3552.0	1.0
3553.0	2.0
3554.0	2.0
3555.0	1.0
3556.0	1.0
3557.0	2.0
3559.0	7.0
3560.0	3.0
3562.0	1.0
3563.0	7.0
3564.0	2.0
3565.0	1.0
3566.0	2.0
3567.0	2.0
3568.0	1.0
3569.0	3.0
3570.0	3.0
3572.0	4.0
3573.0	2.0
3575.0	1.0
3577.0	1.0
3578.0	2.0
3579.0	3.0
3580.0	4.0
3581.0	4.0
3582.0	1.0
3583.0	1.0
3584.0	1.0
3585.0	2.0
3586.0	2.0
3587.0	2.0
3588.0	4.0
3589.0	1.0
3590.0	3.0
3591.0	3.0
3592.0	2.0
3593.0	1.0
3594.0	2.0
3595.0	1.0
3596.0	6.0
3597.0	2.0
3598.0	1.0
3599.0	1.0
3600.0	2.0
3602.0	1.0
3603.0	3.0
3604.0	2.0
3606.0	2.0
3607.0	2.0
3608.0	2.0
3609.0	3.0
3610.0	1.0
3611.0	2.0
3612.0	1.0
3613.0	5.0
3615.0	4.0
3618.0	1.0
3619.0	1.0
3620.0	3.0
3621.0	2.0
3622.0	3.0
3623.0	1.0
3625.0	2.0
3626.0	1.0
3627.0	2.0
3628.0	1.0
3629.0	2.0
3630.0	1.0
3631.0	1.0
3632.0	1.0
3633.0	2.0
3634.0	2.0
3635.0	1.0
3636.0	2.0
3637.0	2.0
3638.0	3.0
3639.0	2.0
3640.0	3.0
3641.0	1.0
3642.0	1.0
3643.0	1.0
3644.0	2.0
3645.0	1.0
3646.0	5.0
3647.0	1.0
3648.0	1.0
3649.0	1.0
3650.0	1.0
3652.0	3.0
3653.0	5.0
3654.0	2.0
3655.0	2.0
3656.0	1.0
3657.0	1.0
3658.0	3.0
3659.0	3.0
3660.0	2.0
3661.0	3.0
3662.0	1.0
3663.0	3.0
3664.0	3.0
3665.0	2.0
3666.0	6.0
3667.0	2.0
3668.0	2.0
3669.0	4.0
3671.0	8.0
3672.0	3.0
3673.0	1.0
3674.0	4.0
3675.0	2.0
3676.0	1.0
3677.0	1.0
3678.0	3.0
3679.0	2.0
3681.0	3.0
3682.0	4.0
3683.0	1.0
3684.0	1.0
3686.0	2.0
3687.0	1.0
3688.0	1.0
3690.0	2.0
3692.0	1.0
3693.0	2.0
3694.0	2.0
3696.0	2.0
3697.0	1.0
3698.0	2.0
3699.0	2.0
3700.0	1.0
3701.0	1.0
3702.0	2.0
3703.0	2.0
3704.0	1.0
3706.0	3.0
3707.0	3.0
3708.0	1.0
3710.0	1.0
3711.0	3.0
3712.0	2.0
3713.0	1.0
3714.0	1.0
3715.0	1.0
3716.0	2.0
3717.0	2.0
3718.0	1.0
3719.0	2.0
3721.0	3.0
3722.0	3.0
3723.0	1.0
3724.0	1.0
3725.0	2.0
3726.0	1.0
3727.0	2.0
3729.0	2.0
3732.0	3.0
3733.0	2.0
3734.0	1.0
3735.0	3.0
3736.0	3.0
3737.0	3.0
3738.0	2.0
3739.0	4.0
3740.0	1.0
3741.0	1.0
3742.0	2.0
3743.0	3.0
3744.0	1.0
3745.0	3.0
3746.0	2.0
3747.0	3.0
3748.0	1.0
3749.0	3.0
3750.0	3.0
3751.0	1.0
3752.0	1.0
3753.0	3.0
3754.0	1.0
3755.0	3.0
3756.0	1.0
3757.0	1.0
3759.0	1.0
3760.0	1.0
3761.0	3.0
3762.0	1.0
3763.0	1.0
3764.0	2.0
3766.0	3.0
3767.0	3.0
3768.0	1.0
3770.0	3.0
3771.0	2.0
3772.0	1.0
3773.0	2.0
3774.0	2.0
3775.0	4.0
3776.0	1.0
3777.0	2.0
3778.0	3.0
3779.0	3.0
3780.0	1.0
3781.0	1.0
3782.0	1.0
3783.0	2.0
3784.0	1.0
3785.0	1.0
3786.0	1.0
3788.0	4.0
3789.0	1.0
3790.0	2.0
3791.0	4.0
3792.0	1.0
3793.0	2.0
3794.0	3.0
3795.0	2.0
3796.0	3.0
3798.0	1.0
3800.0	3.0
3801.0	2.0
3802.0	2.0
3804.0	3.0
3805.0	1.0
3806.0	2.0
3807.0	2.0
3808.0	3.0
3809.0	1.0
3810.0	1.0
3811.0	4.0
3812.0	1.0
3814.0	2.0
3815.0	1.0
3816.0	1.0
3817.0	2.0
3818.0	1.0
3819.0	1.0
3821.0	2.0
3823.0	2.0
3824.0	1.0
3825.0	4.0
3827.0	1.0
3828.0	1.0
3829.0	2.0
3830.0	1.0
3833.0	4.0
3834.0	2.0
3835.0	1.0
3837.0	2.0
3838.0	2.0
3840.0	2.0
3842.0	2.0
3844.0	1.0
3845.0	2.0
3848.0	4.0
3850.0	2.0
3852.0	3.0
3853.0	2.0
3854.0	4.0
3855.0	1.0
3856.0	1.0
3857.0	1.0
3858.0	4.0
3860.0	3.0
3861.0	1.0
3862.0	3.0
3863.0	1.0
3864.0	2.0
3865.0	1.0
3866.0	5.0
3868.0	3.0
3869.0	1.0
3870.0	1.0
3872.0	1.0
3874.0	4.0
3875.0	2.0
3876.0	1.0
3877.0	1.0
3878.0	3.0
3880.0	1.0
3881.0	1.0
3882.0	1.0
3883.0	2.0
3884.0	3.0
3885.0	4.0
3886.0	1.0
3887.0	1.0
3888.0	1.0
3889.0	1.0
3890.0	3.0
3891.0	1.0
3892.0	2.0
3894.0	2.0
3895.0	2.0
3896.0	2.0
3898.0	1.0
3899.0	2.0
3901.0	4.0
3902.0	1.0
3904.0	2.0
3905.0	2.0
3906.0	1.0
3907.0	1.0
3908.0	1.0
3909.0	2.0
3910.0	1.0
3911.0	1.0
3913.0	2.0
3914.0	2.0
3916.0	1.0
3917.0	1.0
3918.0	2.0
3919.0	4.0
3920.0	3.0
3921.0	1.0
3922.0	2.0
3924.0	1.0
3925.0	3.0
3926.0	3.0
3927.0	2.0
3929.0	1.0
3930.0	1.0
3931.0	3.0
3932.0	1.0
3934.0	1.0
3935.0	1.0
3937.0	2.0
3939.0	1.0
3940.0	1.0
3941.0	3.0
3942.0	1.0
3944.0	2.0
3946.0	2.0
3947.0	1.0
3948.0	1.0
3950.0	2.0
3951.0	4.0
3954.0	2.0
3956.0	1.0
3957.0	1.0
3960.0	2.0
3961.0	2.0
3962.0	3.0
3965.0	1.0
3966.0	1.0
3967.0	1.0
3969.0	1.0
3970.0	2.0
3971.0	2.0
3972.0	1.0
3974.0	1.0
3978.0	2.0
3979.0	1.0
3980.0	1.0
3981.0	1.0
3982.0	1.0
3984.0	1.0
3985.0	1.0
3986.0	2.0
3988.0	1.0
3989.0	3.0
3990.0	2.0
3991.0	1.0
3992.0	1.0
3996.0	1.0
3999.0	2.0
4000.0	1.0
4002.0	2.0
4003.0	3.0
4004.0	3.0
4005.0	3.0
4007.0	2.0
4011.0	3.0
4012.0	1.0
4013.0	1.0
4014.0	1.0
4016.0	4.0
4018.0	2.0
4019.0	3.0
4020.0	1.0
4022.0	1.0
4023.0	1.0
4024.0	2.0
4025.0	1.0
4027.0	3.0
4031.0	1.0
4032.0	1.0
4036.0	1.0
4037.0	1.0
4038.0	1.0
4039.0	2.0
4041.0	1.0
4042.0	1.0
4043.0	1.0
4044.0	1.0
4045.0	1.0
4046.0	2.0
4047.0	1.0
4048.0	3.0
4049.0	1.0
4051.0	1.0
4052.0	1.0
4053.0	2.0
4054.0	1.0
4055.0	1.0
4058.0	1.0
4059.0	1.0
4060.0	1.0
4064.0	1.0
4065.0	1.0
4066.0	1.0
4067.0	1.0
4070.0	2.0
4073.0	3.0
4075.0	2.0
4076.0	1.0
4080.0	1.0
4081.0	1.0
4082.0	1.0
4083.0	3.0
4084.0	1.0
4086.0	2.0
4087.0	1.0
4088.0	2.0
4089.0	1.0
4090.0	1.0
4091.0	1.0
4092.0	1.0
4093.0	1.0
4096.0	2.0
4097.0	1.0
4099.0	1.0
4101.0	2.0
4102.0	1.0
4103.0	1.0
4106.0	1.0
4107.0	1.0
4108.0	3.0
4110.0	1.0
4111.0	1.0
4112.0	2.0
4113.0	1.0
4115.0	1.0
4116.0	4.0
4117.0	3.0
4118.0	1.0
4127.0	4.0
4128.0	2.0
4129.0	1.0
4131.0	1.0
4133.0	1.0
4134.0	1.0
4136.0	1.0
4138.0	1.0
4139.0	2.0
4140.0	1.0
4141.0	1.0
4142.0	1.0
4144.0	1.0
4145.0	1.0
4146.0	3.0
4147.0	2.0
4148.0	1.0
4150.0	1.0
4152.0	1.0
4154.0	2.0
4158.0	2.0
4159.0	2.0
4162.0	2.0
4164.0	1.0
4169.0	1.0
4170.0	2.0
4172.0	1.0
4173.0	1.0
4176.0	1.0
4177.0	1.0
4179.0	1.0
4182.0	1.0
4188.0	1.0
4189.0	2.0
4195.0	1.0
4197.0	1.0
4201.0	1.0
4202.0	1.0
4203.0	2.0
4204.0	1.0
4205.0	1.0
4207.0	1.0
4208.0	1.0
4210.0	2.0
4214.0	1.0
4216.0	1.0
4217.0	2.0
4219.0	2.0
4220.0	1.0
4221.0	1.0
4223.0	1.0
4233.0	1.0
4235.0	2.0
4237.0	1.0
4241.0	2.0
4243.0	2.0
4245.0	2.0
4250.0	1.0
4252.0	2.0
4253.0	1.0
4256.0	1.0
4257.0	1.0
4261.0	1.0
4263.0	1.0
4265.0	2.0
4268.0	1.0
4272.0	1.0
4276.0	1.0
4277.0	1.0
4279.0	2.0
4280.0	2.0
4281.0	1.0
4283.0	1.0
4284.0	1.0
4287.0	2.0
4289.0	2.0
4292.0	1.0
4293.0	1.0
4294.0	1.0
4296.0	2.0
4300.0	1.0
4301.0	1.0
4306.0	2.0
4307.0	1.0
4308.0	1.0
4309.0	1.0
4310.0	1.0
4311.0	1.0
4312.0	1.0
4315.0	3.0
4316.0	2.0
4320.0	1.0
4321.0	1.0
4322.0	2.0
4323.0	1.0
4329.0	2.0
4332.0	1.0
4337.0	1.0
4338.0	1.0
4343.0	1.0
4346.0	3.0
4348.0	1.0
4350.0	1.0
4351.0	1.0
4354.0	1.0
4355.0	2.0
4356.0	1.0
4361.0	2.0
4364.0	1.0
4367.0	1.0
4368.0	1.0
4375.0	1.0
4380.0	1.0
4385.0	2.0
4387.0	1.0
4388.0	1.0
4390.0	1.0
4391.0	1.0
4393.0	2.0
4394.0	1.0
4395.0	1.0
4399.0	1.0
4405.0	2.0
4406.0	1.0
4411.0	1.0
4416.0	1.0
4417.0	1.0
4420.0	1.0
4422.0	2.0
4425.0	2.0
4427.0	3.0
4429.0	1.0
4430.0	1.0
4432.0	1.0
4433.0	2.0
4438.0	1.0
4443.0	1.0
4446.0	1.0
4450.0	1.0
4453.0	1.0
4454.0	1.0
4456.0	1.0
4457.0	2.0
4465.0	2.0
4471.0	1.0
4475.0	1.0
4478.0	1.0
4480.0	2.0
4488.0	2.0
4491.0	1.0
4493.0	1.0
4495.0	1.0
4496.0	1.0
4501.0	1.0
4502.0	1.0
4503.0	1.0
4507.0	1.0
4511.0	1.0
4517.0	1.0
4518.0	1.0
4519.0	1.0
4520.0	1.0
4522.0	1.0
4524.0	1.0
4525.0	1.0
4530.0	1.0
4533.0	1.0
4534.0	1.0
4535.0	1.0
4538.0	1.0
4539.0	1.0
4543.0	1.0
4546.0	2.0
4549.0	1.0
4550.0	1.0
4556.0	1.0
4561.0	2.0
4563.0	1.0
4566.0	1.0
4568.0	1.0
4571.0	1.0
4572.0	1.0
4578.0	1.0
4580.0	1.0
4582.0	1.0
4584.0	1.0
4592.0	1.0
4596.0	1.0
4597.0	1.0
4598.0	2.0
4599.0	1.0
4601.0	1.0
4602.0	2.0
4604.0	1.0
4606.0	1.0
4611.0	1.0
4612.0	2.0
4614.0	1.0
4616.0	1.0
4618.0	1.0
4623.0	2.0
4626.0	1.0
4629.0	1.0
4634.0	1.0
4637.0	1.0
4639.0	1.0
4640.0	1.0
4641.0	1.0
4643.0	1.0
4644.0	1.0
4645.0	1.0
4646.0	1.0
4648.0	1.0
4649.0	1.0
4651.0	2.0
4661.0	1.0
4662.0	2.0
4663.0	1.0
4665.0	1.0
4669.0	1.0
4672.0	1.0
4673.0	1.0
4675.0	1.0
4677.0	1.0
4678.0	2.0
4681.0	1.0
4682.0	1.0
4686.0	3.0
4688.0	2.0
4690.0	1.0
4691.0	3.0
4693.0	1.0
4697.0	1.0
4704.0	1.0
4707.0	1.0
4709.0	1.0
4711.0	1.0
4713.0	1.0
4714.0	1.0
4716.0	1.0
4717.0	1.0
4724.0	1.0
4725.0	1.0
4728.0	1.0
4730.0	1.0
4733.0	1.0
4734.0	2.0
4744.0	1.0
4745.0	1.0
4746.0	1.0
4747.0	1.0
4748.0	1.0
4750.0	1.0
4752.0	1.0
4755.0	1.0
4761.0	1.0
4767.0	1.0
4769.0	3.0
4773.0	1.0
4774.0	1.0
4776.0	2.0
4778.0	1.0
4779.0	1.0
4781.0	1.0
4782.0	2.0
4783.0	1.0
4785.0	1.0
4788.0	2.0
4789.0	1.0
4792.0	1.0
4795.0	1.0
4797.0	3.0
4798.0	1.0
4804.0	1.0
4806.0	1.0
4808.0	1.0
4809.0	3.0
4814.0	1.0
4818.0	1.0
4822.0	1.0
4823.0	2.0
4825.0	2.0
4826.0	1.0
4828.0	1.0
4829.0	1.0
4839.0	2.0
4840.0	2.0
4842.0	1.0
4845.0	1.0
4847.0	2.0
4848.0	1.0
4850.0	1.0
4854.0	1.0
4856.0	1.0
4859.0	1.0
4866.0	2.0
4869.0	1.0
4871.0	1.0
4876.0	1.0
4877.0	2.0
4878.0	1.0
4879.0	1.0
4884.0	1.0
4887.0	1.0
4889.0	4.0
4890.0	1.0
4891.0	1.0
4902.0	2.0
4903.0	1.0
4905.0	1.0
4913.0	2.0
4916.0	1.0
4917.0	1.0
4918.0	2.0
4919.0	2.0
4922.0	2.0
4927.0	2.0
4928.0	3.0
4929.0	1.0
4931.0	1.0
4934.0	1.0
4935.0	1.0
4943.0	2.0
4946.0	1.0
4947.0	1.0
4948.0	2.0
4949.0	1.0
4953.0	2.0
4954.0	1.0
4955.0	1.0
4956.0	1.0
4957.0	1.0
4958.0	1.0
4959.0	2.0
4960.0	2.0
4963.0	2.0
4965.0	2.0
4966.0	2.0
4967.0	1.0
4969.0	2.0
4974.0	2.0
4975.0	2.0
4976.0	1.0
4977.0	1.0
4978.0	1.0
4980.0	1.0
4981.0	1.0
4982.0	1.0
4988.0	2.0
4992.0	1.0
4993.0	1.0
4994.0	1.0
4996.0	1.0
4997.0	2.0
4998.0	1.0
5000.0	1.0
5003.0	1.0
5004.0	1.0
5005.0	1.0
5007.0	1.0
5010.0	1.0
5013.0	1.0
5019.0	2.0
5022.0	1.0
5023.0	1.0
5025.0	1.0
5030.0	1.0
5031.0	1.0
5032.0	1.0
5036.0	1.0
5037.0	2.0
5039.0	1.0
5040.0	1.0
5041.0	1.0
5046.0	1.0
5050.0	1.0
5054.0	2.0
5055.0	1.0
5057.0	1.0
5060.0	1.0
5063.0	1.0
5064.0	1.0
5065.0	1.0
5066.0	1.0
5067.0	1.0
5068.0	3.0
5069.0	1.0
5070.0	1.0
5071.0	1.0
5075.0	1.0
5078.0	1.0
5080.0	1.0
5082.0	1.0
5083.0	1.0
5085.0	1.0
5087.0	1.0
5088.0	1.0
5089.0	2.0
5091.0	1.0
5093.0	2.0
5095.0	1.0
5096.0	1.0
5097.0	1.0
5100.0	2.0
5103.0	2.0
5104.0	2.0
5108.0	1.0
5113.0	3.0
5115.0	2.0
5116.0	1.0
5117.0	1.0
5119.0	1.0
5122.0	2.0
5125.0	1.0
5128.0	2.0
5130.0	1.0
5132.0	1.0
5133.0	2.0
5137.0	2.0
5139.0	1.0
5140.0	1.0
5143.0	1.0
5144.0	3.0
5146.0	1.0
5150.0	1.0
5151.0	2.0
5154.0	1.0
5155.0	1.0
5157.0	2.0
5158.0	3.0
5159.0	2.0
5161.0	2.0
5162.0	2.0
5165.0	1.0
5167.0	1.0
5168.0	1.0
5169.0	1.0
5170.0	1.0
5171.0	2.0
5172.0	1.0
5175.0	1.0
5177.0	1.0
5178.0	1.0
5180.0	1.0
5181.0	1.0
5182.0	2.0
5186.0	1.0
5187.0	1.0
5188.0	1.0
5191.0	1.0
5193.0	1.0
5194.0	1.0
5195.0	1.0
5196.0	1.0
5197.0	2.0
5199.0	3.0
5201.0	1.0
5205.0	1.0
5206.0	2.0
5220.0	1.0
5221.0	1.0
5222.0	1.0
5224.0	4.0
5225.0	2.0
5233.0	2.0
5236.0	1.0
5241.0	1.0
5247.0	3.0
5248.0	1.0
5250.0	2.0
5251.0	2.0
5252.0	1.0
5253.0	2.0
5255.0	1.0
5259.0	2.0
5260.0	2.0
5267.0	1.0
5269.0	2.0
5272.0	1.0
5277.0	1.0
5280.0	1.0
5281.0	1.0
5282.0	1.0
5284.0	1.0
5288.0	2.0
5293.0	1.0
5296.0	1.0
5297.0	1.0
5298.0	2.0
5299.0	1.0
5304.0	1.0
5311.0	1.0
5312.0	2.0
5313.0	1.0
5317.0	1.0
5318.0	1.0
5319.0	1.0
5321.0	1.0
5322.0	1.0
5324.0	1.0
5326.0	1.0
5327.0	2.0
5331.0	1.0
5334.0	1.0
5335.0	1.0
5337.0	3.0
5338.0	1.0
5339.0	3.0
5342.0	1.0
5346.0	1.0
5348.0	2.0
5349.0	1.0
5351.0	2.0
5352.0	1.0
5353.0	1.0
5356.0	1.0
5357.0	1.0
5369.0	2.0
5371.0	1.0
5373.0	1.0
5374.0	1.0
5377.0	1.0
5380.0	1.0
5382.0	1.0
5383.0	1.0
5385.0	1.0
5388.0	1.0
5392.0	1.0
5398.0	1.0
5400.0	1.0
5401.0	1.0
5402.0	1.0
5406.0	1.0
5408.0	2.0
5409.0	1.0
5410.0	1.0
5411.0	1.0
5413.0	1.0
5414.0	1.0
5416.0	1.0
5420.0	1.0
5426.0	1.0
5427.0	1.0
5432.0	1.0
5433.0	1.0
5434.0	1.0
5436.0	1.0
5438.0	1.0
5442.0	1.0
5445.0	1.0
5446.0	2.0
5447.0	1.0
5448.0	1.0
5455.0	1.0
5460.0	1.0
5461.0	1.0
5463.0	1.0
5464.0	1.0
5465.0	1.0
5472.0	1.0
5473.0	1.0
5478.0	1.0
5479.0	1.0
5482.0	3.0
5484.0	1.0
5486.0	1.0
5488.0	2.0
5490.0	1.0
5493.0	3.0
5494.0	2.0
5495.0	2.0
5496.0	1.0
5498.0	1.0
5500.0	1.0
5502.0	5.0
5503.0	1.0
5504.0	1.0
5506.0	2.0
5507.0	1.0
5510.0	2.0
5513.0	2.0
5514.0	1.0
5516.0	1.0
5519.0	2.0
5520.0	4.0
5525.0	1.0
5527.0	2.0
5528.0	3.0
5529.0	1.0
5531.0	2.0
5534.0	2.0
5535.0	1.0
5536.0	2.0
5537.0	1.0
5544.0	1.0
5545.0	1.0
5547.0	1.0
5553.0	1.0
5554.0	1.0
5555.0	1.0
5556.0	1.0
5558.0	2.0
5559.0	1.0
5561.0	1.0
5564.0	2.0
5566.0	1.0
5568.0	2.0
5569.0	2.0
5572.0	1.0
5573.0	1.0
5575.0	2.0
5576.0	1.0
5577.0	1.0
5580.0	1.0
5581.0	4.0
5584.0	2.0
5586.0	1.0
5588.0	2.0
5597.0	1.0
5600.0	1.0
5602.0	2.0
5606.0	1.0
5608.0	1.0
5609.0	1.0
5610.0	1.0
5614.0	2.0
5615.0	1.0
5617.0	1.0
5619.0	1.0
5620.0	1.0
5622.0	1.0
5626.0	1.0
5627.0	2.0
5628.0	2.0
5629.0	1.0
5632.0	1.0
5633.0	2.0
5635.0	3.0
5636.0	1.0
5637.0	1.0
5639.0	1.0
5640.0	1.0
5641.0	1.0
5643.0	1.0
5645.0	1.0
5646.0	2.0
5647.0	1.0
5650.0	1.0
5651.0	1.0
5653.0	1.0
5655.0	4.0
5657.0	1.0
5658.0	2.0
5659.0	2.0
5660.0	1.0
5661.0	1.0
5663.0	4.0
5669.0	1.0
5670.0	1.0
5671.0	2.0
5672.0	1.0
5673.0	1.0
5674.0	1.0
5675.0	1.0
5676.0	3.0
5678.0	2.0
5679.0	1.0
5680.0	1.0
5681.0	2.0
5682.0	2.0
5685.0	2.0
5686.0	3.0
5688.0	1.0
5689.0	2.0
5690.0	4.0
5691.0	1.0
5692.0	1.0
5693.0	1.0
5694.0	1.0
5695.0	2.0
5701.0	2.0
5702.0	1.0
5705.0	1.0
5708.0	1.0
5709.0	2.0
5710.0	2.0
5712.0	1.0
5714.0	3.0
5717.0	1.0
5719.0	1.0
5721.0	1.0
5723.0	1.0
5725.0	2.0
5726.0	2.0
5727.0	1.0
5728.0	3.0
5732.0	1.0
5735.0	1.0
5738.0	1.0
5739.0	1.0
5740.0	2.0
5741.0	1.0
5743.0	1.0
5752.0	1.0
5753.0	1.0
5754.0	1.0
5755.0	1.0
5758.0	1.0
5760.0	1.0
5761.0	1.0
5762.0	3.0
5763.0	2.0
5764.0	2.0
5770.0	1.0
5774.0	1.0
5775.0	2.0
5777.0	1.0
5782.0	1.0
5784.0	1.0
5785.0	1.0
5787.0	1.0
5788.0	1.0
5789.0	1.0
5791.0	1.0
5793.0	1.0
5794.0	1.0
5796.0	1.0
5798.0	1.0
5804.0	1.0
5805.0	1.0
5807.0	1.0
5808.0	2.0
5811.0	1.0
5813.0	1.0
5816.0	1.0
5818.0	1.0
5819.0	2.0
5822.0	2.0
5823.0	1.0
5828.0	1.0
5832.0	2.0
5834.0	2.0
5836.0	2.0
5839.0	1.0
5840.0	2.0
5841.0	1.0
5842.0	1.0
5844.0	1.0
5847.0	1.0
5853.0	1.0
5855.0	1.0
5858.0	1.0
5864.0	1.0
5874.0	1.0
5875.0	4.0
5885.0	1.0
5886.0	1.0
5887.0	1.0
5891.0	4.0
5892.0	1.0
5894.0	1.0
5896.0	2.0
5900.0	1.0
5901.0	1.0
5907.0	1.0
5909.0	1.0
5911.0	3.0
5912.0	1.0
5913.0	1.0
5919.0	2.0
5922.0	1.0
5923.0	2.0
5925.0	1.0
5928.0	1.0
5930.0	1.0
5934.0	1.0
5935.0	1.0
5936.0	1.0
5938.0	1.0
5941.0	1.0
5943.0	1.0
5944.0	1.0
5946.0	1.0
5947.0	2.0
5950.0	1.0
5955.0	3.0
5959.0	1.0
5960.0	3.0
5961.0	1.0
5962.0	1.0
5963.0	2.0
5964.0	1.0
5976.0	1.0
5982.0	4.0
5987.0	1.0
5988.0	1.0
5996.0	1.0
5998.0	1.0
6002.0	2.0
6005.0	1.0
6007.0	1.0
6008.0	1.0
6009.0	1.0
6011.0	2.0
6013.0	1.0
6016.0	1.0
6017.0	1.0
6023.0	1.0
6024.0	1.0
6028.0	1.0
6030.0	1.0
6032.0	1.0
6034.0	1.0
6036.0	1.0
6039.0	1.0
6041.0	1.0
6044.0	2.0
6046.0	2.0
6055.0	1.0
6057.0	1.0
6059.0	1.0
6063.0	1.0
6064.0	1.0
6066.0	1.0
6069.0	1.0
6073.0	1.0
6076.0	2.0
6079.0	1.0
6081.0	1.0
6082.0	1.0
6083.0	2.0
6085.0	1.0
6086.0	1.0
6089.0	1.0
6093.0	1.0
6098.0	1.0
6100.0	1.0
6103.0	1.0
6106.0	1.0
6107.0	1.0
6108.0	1.0
6109.0	1.0
6113.0	1.0
6114.0	2.0
6115.0	1.0
6117.0	2.0
6121.0	1.0
6123.0	2.0
6124.0	1.0
6126.0	3.0
6130.0	1.0
6131.0	1.0
6132.0	3.0
6135.0	1.0
6140.0	1.0
6141.0	1.0
6145.0	1.0
6146.0	1.0
6147.0	1.0
6149.0	1.0
6154.0	1.0
6160.0	1.0
6162.0	1.0
6163.0	1.0
6179.0	1.0
6184.0	1.0
6187.0	1.0
6188.0	1.0
6189.0	1.0
6195.0	1.0
6198.0	1.0
6200.0	1.0
6206.0	2.0
6207.0	1.0
6220.0	1.0
6221.0	1.0
6225.0	1.0
6226.0	1.0
6228.0	2.0
6229.0	1.0
6231.0	1.0
6233.0	1.0
6236.0	2.0
6255.0	1.0
6256.0	1.0
6268.0	1.0
6270.0	1.0
6278.0	2.0
6293.0	1.0
6294.0	1.0
6296.0	1.0
6305.0	1.0
6310.0	1.0
6311.0	1.0
6320.0	1.0
6326.0	1.0
6331.0	1.0
6341.0	1.0
6350.0	2.0
6361.0	2.0
6364.0	1.0
6371.0	1.0
6375.0	1.0
6379.0	1.0
6383.0	1.0
6386.0	1.0
6391.0	1.0
6400.0	1.0
6403.0	1.0
6406.0	1.0
6409.0	1.0
6415.0	1.0
6416.0	1.0
6420.0	1.0
6433.0	1.0
6440.0	1.0
6448.0	2.0
6449.0	1.0
6454.0	1.0
6458.0	1.0
6464.0	2.0
6466.0	1.0
6471.0	1.0
6479.0	1.0
6480.0	1.0
6482.0	1.0
6491.0	1.0
6493.0	1.0
6494.0	1.0
6501.0	1.0
6511.0	1.0
6512.0	1.0
6516.0	1.0
6517.0	2.0
6521.0	1.0
6524.0	1.0
6534.0	1.0
6535.0	1.0
6538.0	1.0
6539.0	1.0
6540.0	1.0
6544.0	1.0
6545.0	1.0
6547.0	1.0
6552.0	1.0
6554.0	1.0
6559.0	1.0
6562.0	1.0
6564.0	1.0
6565.0	1.0
6570.0	1.0
6571.0	1.0
6580.0	2.0
6584.0	2.0
6585.0	1.0
6592.0	2.0
6602.0	1.0
6613.0	1.0
6617.0	2.0
6624.0	1.0
6629.0	1.0
6632.0	1.0
6633.0	1.0
6635.0	1.0
6643.0	1.0
6644.0	1.0
6647.0	1.0
6650.0	1.0
6663.0	1.0
6665.0	1.0
6677.0	1.0
6683.0	1.0
6689.0	1.0
6690.0	2.0
6691.0	1.0
6692.0	1.0
6696.0	2.0
6697.0	1.0
6699.0	2.0
6702.0	2.0
6703.0	2.0
6704.0	1.0
6706.0	1.0
6710.0	3.0
6716.0	1.0
6718.0	2.0
6719.0	1.0
6720.0	1.0
6722.0	1.0
6724.0	1.0
6727.0	1.0
6729.0	1.0
6733.0	1.0
6734.0	1.0
6735.0	2.0
6745.0	1.0
6749.0	1.0
6752.0	1.0
6759.0	1.0
6761.0	1.0
6762.0	1.0
6767.0	1.0
6770.0	1.0
6783.0	1.0
6784.0	1.0
6790.0	1.0
6791.0	1.0
6802.0	1.0
6805.0	1.0
6813.0	1.0
6814.0	1.0
6818.0	1.0
6830.0	1.0
6835.0	1.0
6838.0	1.0
6842.0	1.0
6852.0	2.0
6857.0	3.0
6859.0	1.0
6861.0	1.0
6865.0	1.0
6869.0	1.0
6879.0	1.0
6882.0	1.0
6886.0	2.0
6890.0	1.0
6891.0	1.0
6892.0	1.0
6894.0	1.0
6898.0	1.0
6907.0	1.0
6910.0	1.0
6912.0	1.0
6916.0	1.0
6917.0	1.0
6928.0	1.0
6930.0	1.0
6932.0	1.0
6946.0	1.0
6950.0	1.0
6952.0	1.0
6954.0	1.0
6956.0	1.0
6964.0	1.0
6968.0	1.0
6971.0	1.0
6972.0	2.0
6973.0	1.0
6975.0	1.0
6976.0	1.0
6977.0	1.0
6981.0	1.0
6987.0	1.0
6989.0	1.0
6990.0	1.0
6991.0	2.0
6994.0	1.0
6995.0	1.0
6996.0	1.0
7003.0	2.0
7015.0	1.0
7016.0	1.0
7020.0	1.0
7022.0	1.0
7026.0	1.0
7027.0	1.0
7036.0	1.0
7038.0	1.0
7044.0	1.0
7047.0	1.0
7048.0	1.0
7050.0	1.0
7057.0	1.0
7064.0	2.0
7066.0	1.0
7079.0	1.0
7086.0	1.0
7094.0	1.0
7100.0	1.0
7101.0	2.0
7106.0	1.0
7108.0	1.0
7113.0	1.0
7115.0	1.0
7127.0	1.0
7137.0	1.0
7139.0	1.0
7148.0	1.0
7154.0	1.0
7163.0	1.0
7177.0	1.0
7180.0	1.0
7182.0	1.0
7184.0	1.0
7222.0	1.0
7230.0	1.0
7232.0	1.0
7237.0	1.0
7240.0	1.0
7258.0	1.0
7277.0	1.0
7280.0	1.0
7293.0	1.0
7301.0	1.0
7302.0	1.0
7304.0	1.0
7307.0	1.0
7323.0	1.0
7334.0	1.0
7339.0	1.0
7344.0	1.0
7361.0	1.0
7370.0	1.0
7377.0	1.0
7385.0	3.0
7393.0	1.0
7397.0	1.0
7399.0	1.0
7401.0	1.0
7402.0	1.0
7408.0	2.0
7409.0	1.0
7420.0	1.0
7428.0	1.0
7430.0	1.0
7431.0	1.0
7441.0	1.0
7449.0	1.0
7452.0	1.0
7477.0	1.0
7485.0	1.0
7511.0	1.0
7513.0	1.0
7515.0	1.0
7521.0	1.0
7526.0	1.0
7527.0	1.0
7545.0	1.0
7546.0	1.0
7553.0	1.0
7566.0	1.0
7581.0	1.0
7606.0	1.0
7612.0	1.0
7614.0	1.0
7616.0	1.0
7633.0	1.0
7642.0	2.0
7645.0	1.0
7651.0	1.0
7664.0	2.0
7675.0	1.0
7702.0	1.0
7711.0	1.0
7734.0	1.0
7748.0	1.0
7783.0	1.0
7824.0	1.0
7826.0	1.0
7843.0	1.0
7875.0	1.0
7876.0	1.0
7878.0	1.0
7879.0	1.0
7910.0	1.0
7931.0	2.0
7960.0	1.0
8006.0	1.0
8013.0	1.0
8037.0	1.0
8039.0	1.0
8047.0	1.0
8055.0	1.0
8106.0	1.0
8124.0	1.0
8172.0	1.0
8191.0	1.0
8205.0	1.0
8224.0	1.0
8232.0	1.0
8252.0	1.0
8274.0	1.0
8287.0	1.0
8293.0	1.0
8328.0	1.0
8357.0	1.0
8361.0	1.0
8363.0	1.0
8368.0	1.0
8371.0	1.0
8388.0	1.0
8393.0	1.0
8410.0	1.0
8417.0	1.0
8424.0	1.0
8431.0	1.0
8459.0	1.0
8465.0	1.0
8471.0	1.0
8473.0	1.0
8476.0	1.0
8486.0	1.0
8487.0	1.0
8544.0	1.0
8562.0	1.0
8585.0	1.0
8762.0	1.0
8772.0	1.0
8801.0	1.0
8820.0	1.0
8843.0	1.0
8884.0	1.0
8946.0	1.0
8971.0	1.0
9031.0	1.0
9065.0	1.0
9109.0	1.0
9158.0	1.0
9178.0	1.0
9181.0	1.0
9214.0	1.0
9278.0	1.0
9294.0	1.0
9299.0	1.0
9328.0	1.0
9329.0	1.0
9358.0	1.0
9387.0	1.0
9445.0	1.0
9463.0	1.0
9484.0	1.0
9500.0	2.0
9501.0	1.0
9538.0	1.0
9568.0	1.0
9580.0	1.0
9606.0	1.0
9633.0	1.0
9695.0	1.0
9713.0	1.0
9727.0	2.0
9732.0	1.0
9769.0	1.0
9800.0	1.0
9849.0	1.0
9861.0	1.0
9867.0	1.0
9946.0	1.0
10009.0	1.0
10061.0	1.0
10174.0	1.0
10224.0	1.0
10267.0	1.0
10318.0	1.0
10363.0	1.0
10368.0	1.0
10400.0	1.0
10440.0	1.0
10443.0	1.0
10456.0	1.0
10478.0	1.0
10512.0	1.0
10532.0	1.0
10533.0	1.0
10639.0	1.0
10647.0	1.0
10651.0	1.0
10653.0	1.0
10689.0	1.0
10694.0	1.0
10695.0	1.0
10714.0	1.0
10715.0	1.0
10738.0	1.0
10765.0	1.0
10771.0	1.0
10772.0	1.0
10779.0	1.0
10798.0	1.0
10814.0	1.0
10818.0	1.0
10820.0	1.0
10831.0	1.0
10849.0	1.0
11028.0	1.0
11168.0	1.0
11528.0	1.0
11740.0	1.0
11950.0	1.0
12115.0	1.0
12172.0	1.0
12480.0	1.0
12952.0	1.0
13056.0	1.0
13277.0	1.0
13490.0	1.0
13599.0	1.0
14135.0	1.0
14212.0	1.0
14284.0	1.0
14466.0	1.0
14532.0	1.0
14644.0	1.0
14813.0	1.0
15104.0	1.0
15336.0	1.0
15423.0	1.0
15583.0	1.0
15649.0	1.0
15717.0	1.0
15762.0	1.0
15808.0	1.0
15860.0	1.0
15978.0	1.0
16008.0	1.0
16040.0	1.0
16064.0	1.0
16137.0	1.0
16166.0	1.0
16268.0	1.0
16368.0	1.0
16560.0	1.0
16601.0	1.0
16624.0	1.0
16640.0	1.0
16722.0	1.0
16725.0	1.0
16789.0	1.0
16802.0	1.0
16805.0	1.0
16811.0	1.0
16868.0	1.0
16885.0	1.0
16887.0	1.0
16888.0	1.0
16891.0	1.0
16975.0	1.0
17034.0	1.0
17096.0	1.0
17147.0	1.0
17327.0	1.0
17367.0	1.0
17387.0	1.0
17409.0	1.0
17609.0	1.0
17627.0	1.0
17636.0	1.0
17671.0	1.0
17673.0	1.0
17694.0	1.0
