#Position (bp)	Coverage
384368.0	33.037742525057396
1153103.0	34.59779898144354
1921838.0	37.005075871399114
2690573.0	40.64999642269443
3459308.0	35.29477648344358
4228043.0	37.032398680949875
4996778.0	36.84610041171535
5765513.0	39.23036416970738
6534248.0	37.02601546696846
7302983.0	33.21561526403767
8071718.0	30.684014647440275
8840453.0	24.634790922749712
9609188.0	29.854614398980143
1.0377923E7	22.812706589396868
1.0801324E7	28.912933762024927
1.11856915E7	32.09297231086426
1.1915393E7	31.70621865792503
1.2684128E7	38.56668552882333
1.3452863E7	39.61018166208121
1.4221598E7	36.31880687102838
1.4990333E7	38.99519730466285
1.5759068E7	41.80281761595348
1.6527803E7	39.415120945449345
1.7296538E7	35.33055604336995
1.8065273E7	14.771109680188882
1.8834008E7	23.774019655668077
1.9602743E7	25.18640623882092
2.018777E7	19.731370804771267
2.05721375E7	12.707704618198445
2.1140213E7	14.516103728853246
2.1908948E7	20.80827853551614
2.2677683E7	33.98429757979017
2.3446418E7	39.274626496777174
2.4215153E7	37.34899802922984
2.4983888E7	42.88920239094096
2.5752623E7	42.36911029158293
2.6521358E7	40.30312656507119
2.7290093E7	32.75838227737777
2.8058828E7	24.777541025190736
2.86485735E7	29.213216605478678
2.9032941E7	33.15740308789063
2.9596298E7	39.633942776119206
3.0365033E7	41.63963134240018
3.1133768E7	40.57963797667597
3.1902503E7	38.193339707441446
3.2671238E7	36.64598073458344
3.3439973E7	39.09316994803151
3.4208708E7	41.97698946971323
3.4977443E7	33.057991375441475
3.5659712E7	27.963721230003877
3.60440795E7	27.8726146693498
3.6514913E7	33.64531860784275
3.7283648E7	37.49212667564245
3.8052383E7	40.07522097992156
3.8821118E7	41.132469576642144
3.9589853E7	44.940603719096956
4.0358588E7	38.40058927979082
4.1127323E7	39.21657138025457
4.1896058E7	42.47066544387858
4.2664793E7	41.374688286600716
4.3049519E7	107.65271966527196
4.34338865E7	26.824659057470008
4.4202263E7	20.518525889936065
4.4970998E7	17.180430187255688
4.5739733E7	21.96266984071234
4.6508468E7	26.703527223295414
4.7277203E7	20.165449732352503
4.8045938E7	24.838333105686615
4.8668911E7	12.519371934008227
4.90532785E7	34.827890671093975
4.9583408E7	35.144917299199335
5.0352143E7	39.14118649469583
5.1120878E7	41.6746095858781
5.1889613E7	37.158651550924574
5.2658348E7	39.15453179574236
5.3427083E7	41.20522026446044
5.38687855E7	40.840350571204326
5.4253153E7	30.624300337122456
5.4964553E7	29.012298126142298
5.5733288E7	27.889907445348527
5.6502023E7	34.21352741842117
5.7270758E7	35.65800308298699
5.8039493E7	37.46271732131358
5.85039505E7	35.39707204395056
5.8888318E7	17.835546499494704
5.9576963E7	18.1279764808419
6.0345698E7	17.15720241695773
6.1114433E7	20.183272519138583
6.1883168E7	18.27621482045178
6.2651903E7	23.84151105387422
6.3087631E7	18.720631613788807
6.34719985E7	11.335682132808019
6.4189373E7	21.80679037639759
6.4958108E7	20.034225058049913
6.5726843E7	21.64606398824042
6.6495578E7	19.41483996435703
6.7140034E7	14.322340280327658
6.75244015E7	38.36964008400454
6.8033048E7	32.23409627504927
6.8801783E7	31.016469914860128
6.9570518E7	28.00095221370173
7.0339253E7	27.369495339746468
7.11040115E7	22.832848306085054
7.1488379E7	24.749905695963786
7.1876723E7	31.037053080710518
7.2645458E7	39.452124594301026
7.3414193E7	43.570528205428396
7.4182928E7	40.33797862722525
7.4951663E7	37.700344071754245
7.5358208E7	29.037267500845452
7.57425755E7	25.54675584637897
7.6489133E7	33.856360124099986
7.7257868E7	30.122481739481096
7.8026603E7	29.897147911829173
7.8795338E7	30.192185863789213
7.92080895E7	24.452948844419392
7.9592457E7	32.02649420548986
8.0332808E7	23.705997515398675
8.1101543E7	29.778534865720957
8.1870278E7	27.957992025860666
8.26063115E7	21.68621931036836
8.2990679E7	16.014479458128832
8.3407748E7	19.82821778636331
8.4176483E7	17.39602073536394
8.4945218E7	19.318910938099606
8.5713953E7	20.965389893786547
8.6362088E7	19.584467381311192
8.67464555E7	13.416077943615257
8.7251423E7	21.193143280844506
8.8020158E7	21.598226957273962
8.8788893E7	18.39513876693529
8.9557628E7	21.707098024676903
9.0098611E7	15.29952016243603
9.04829785E7	31.94050985282237
9.1095098E7	33.798506637527886
9.1863833E7	34.33790838195217
9.2632568E7	33.10509343271739
9.3401303E7	26.840792991082754
9.38242175E7	23.40209354813604
9.4208585E7	18.666306653307135
9.4938773E7	24.401190267127163
9.5707508E7	22.877505252135002
9.6476243E7	22.207461609007005
9.71220675E7	16.5175000095618
9.7506435E7	24.10427506193531
9.8013713E7	28.485547035064098
9.8782448E7	21.475331551184738
9.9551183E7	16.388423839164343
1.00269334E8	16.234724005230937
1.006537015E8	5.179048711054879
1.01088653E8	21.12758362764802
1.01857388E8	22.900874813817506
1.02626123E8	20.151339538332454
1.033545365E8	31.057294664085617
1.03738904E8	13.415497935344668
1.04163593E8	11.770344787215361
1.04932328E8	14.147301735968831
1.05701063E8	12.709950763266926
1.06347158E8	9.67763609097248
1.067315255E8	27.004264514024786
1.07238533E8	20.233011375831722
1.08007268E8	19.337674231041905
1.08776003E8	26.207094772580927
1.09309377E8	29.304298805756797
1.096937445E8	35.151953807130326
1.10313473E8	35.20701151892395
1.11082208E8	40.785383779846114
1.11850943E8	51.0864901428971
1.12235708E8	33.30440251572327
1.126200755E8	11.869325728572544
1.13388413E8	12.641364059136114
1.14157148E8	15.552835502481349
1.147696095E8	14.02632248108236
1.15153977E8	13.178270788073474
1.15694618E8	12.137663824334783
1.16463353E8	12.840152978594704
1.17232088E8	16.06618145394707
1.17668795E8	31.39789260501151
1.180531625E8	38.3111303865939
1.18769558E8	42.02832055259615
1.19538293E8	39.781044182975926
1.2014897E8	34.29107483335874
1.205333375E8	25.889116653380405
1.21075763E8	21.17669157772184
1.21844498E8	25.065723558833668
1.225916085E8	22.584030567095713
1.22975976E8	27.43503896043839
1.23381968E8	31.203163638965314
1.24150703E8	30.922108398863067
1.24919438E8	22.46888329528381
1.253769895E8	18.293889374726717
1.25761357E8	17.670119077650327
1.26456908E8	17.833881636714864
1.27225643E8	20.10184393841831
1.277254535E8	14.164063650459534
1.28109821E8	19.778889613999468
1.28763113E8	20.151066362270484
1.29531848E8	22.855072294093542
1.300272615E8	17.293932244295156
1.30411629E8	17.286936812508348
1.31069318E8	21.148198013619776
1.31838053E8	21.04456802409153
1.322676755E8	26.286609214451442
1.32652043E8	17.675833241181024
1.33375523E8	24.5183593826221
1.34030498E8	17.054523618155446
1.344148655E8	7.726037271448664
1.34912993E8	21.64446135534352
1.35681728E8	20.888336032572994
1.361569665E8	14.997534967151237
1.36541334E8	14.11006775208563
1.37219198E8	16.32133309918242
1.37895604E8	18.06137033302116
1.382799715E8	11.126309176964984
1.38756668E8	15.173902580212948
1.39525403E8	13.820528530637997
1.400102465E8	15.5249960189498
1.40394614E8	12.193381978678474
1.41062873E8	22.886021841076573
1.417121025E8	13.118669344790872
1.4209647E8	22.76797302216216
1.42600343E8	21.400063741081127
1.43369078E8	22.008563419123625
1.437831155E8	20.975952140208964
1.44167483E8	21.248558278533118
1.44906548E8	13.303697633124548
1.45465214E8	7.228917632681865
1.458495815E8	20.076001218647207
1.46444018E8	20.467043909799866
1.47106683E8	20.451831223780307
1.474910505E8	16.29597907042519
1.47981488E8	13.163895230476042
1.48737048E8	11.560365578507108
1.491214155E8	18.08762808349146
1.49518958E8	27.645762193733862
1.50287693E8	29.458386830312136
1.50728883E8	34.1716925513661
1.511132505E8	22.143815353615533
1.51825163E8	24.742331232479334
1.52332369E8	16.965792483626878
1.527167365E8	39.98659804457632
1.53362633E8	35.7191138688885
1.5389724E8	28.68325573500977
1.542816075E8	8.746467744139958
1.54900103E8	8.682323557532829
1.55461321E8	7.994919437604078
1.558456885E8	33.96158627967829
1.56437573E8	32.36961501687838
1.57018682E8	31.235697603200137
1.574030495E8	12.434129598243313
1.57975043E8	25.984557747468244
1.585640605E8	38.491641827510385
1.58948428E8	24.287156231307467
1.59512513E8	32.4126610600532
1.6009777E8	34.53885593821479
1.604821375E8	7.916434122892118
1.61049983E8	12.049394134519698
1.616289075E8	23.120908011533896
1.62013275E8	34.7052191527866
1.62587453E8	17.956238495710487
1.631586895E8	12.739025734605526
1.63543057E8	24.275799563034656
1.64124923E8	24.18245949514462
1.64685819E8	15.865865851689671
1.650701865E8	20.813381992792497
1.65662393E8	22.069691115924215
1.66204869E8	25.181577840533556
1.665892365E8	7.009044944068523
1.67199863E8	20.31357619986081
1.67707403E8	5.363092411049545
1.680917705E8	29.71710599360631
1.68737333E8	21.344464607439495
1.69197014E8	16.279929893047065
1.695813815E8	18.987956797194016
1.70274803E8	15.051851418239055
1.706842435E8	10.056634626889483
1.71068611E8	12.130626825626331
1.717757825E8	9.999077260066057
1.7216015E8	19.014812074375524
1.72581008E8	28.418432879991155
1.732448375E8	32.278003807315486
1.73629205E8	17.463669683667682
1.74118478E8	15.812023649241937
1.7470787E8	9.144204716997237
1.750922375E8	15.653936869573945
1.75655948E8	21.947015551522956
1.761671155E8	22.358103312302838
1.76551483E8	21.155304920069497
1.77193418E8	24.503069328182015
1.775981795E8	71.7743208786898
1.77982547E8	39.31037836545792
1.786433205E8	40.57912398921833
1.79027688E8	17.453941245325034
1.79499623E8	11.573124678855523
1.80059845E8	25.453181465359147
1.804442125E8	22.521075424553864
1.81037093E8	23.655759136763646
1.814629515E8	10.53777927743366
1.81847319E8	9.34610420953317
1.824697645E8	10.708624704455787
1.82854132E8	20.7726541887527
1.83343298E8	16.974389093770935
1.83845386E8	22.96235150207483
1.842297535E8	6.378269772395714
1.848263935E8	21.970352401414576
1.85210761E8	15.664346338816909
1.85649503E8	26.32955960116295
1.861815255E8	32.04851511970472
1.86565893E8	13.540193272429635
1.871516995E8	15.886676654425456
1.87536067E8	24.62144386012162
1.87955708E8	21.509023265494612
1.88487033E8	16.499630845652653
1.888714005E8	15.27288446148014
1.89437117E8	23.84110731892302
1.898214845E8	30.041704571805713
1.90261913E8	19.15875952051097
1.907655555E8	31.57854957032069
1.91149923E8	24.85182153399285
1.917006725E8	24.673293495345817
1.9208504E8	9.506400028365777
1.92568118E8	13.453776659056762
1.93014003E8	29.8688178160686
1.933983705E8	15.952123277063652
1.939421735E8	9.61277964091911
1.94326541E8	13.67783152657812
1.948700135E8	11.71364370701314
1.95254381E8	15.174846269868894
1.95643058E8	20.093246697496536
1.96173218E8	25.25558242022052
1.965575855E8	13.249313633029447
1.970859405E8	12.048787010835806
1.97470308E8	8.95576582529404
1.97949263E8	12.58697600603589
1.98379719E8	22.57844147672413
1.987640865E8	7.992891961960393
1.99284827E8	12.95399029384281
1.996691945E8	13.027834734975682
2.001689555E8	13.717516912591698
2.00553323E8	23.165675480421903
2.01024203E8	29.70006569233871
2.0143258E8	12.799350257189863
2.018169475E8	16.41501368083961
2.023091665E8	19.08325433600534
2.02693534E8	17.63833208254045
2.03168465E8	18.69916083884644
2.035528325E8	15.734493000623676
2.04022535E8	17.072098505488864
2.044069025E8	10.495509607351712
2.048603755E8	14.228706566011702
2.05244743E8	1.4799733422192602
2.05636613E8	22.861752099227953
2.060816995E8	22.91068693489682
2.06466067E8	21.908558204348235
2.069158215E8	19.347132571011688
2.07300189E8	24.204618187379847
2.07743072E8	21.449652396931018
2.081274395E8	18.54592081944069
2.08563085E8	14.608672337160527
2.089474525E8	25.337655252310263
2.09377998E8	22.630665331336246
2.097623655E8	8.980853455860787
2.101865875E8	8.473099909297616
2.10570955E8	9.300365977688974
2.10991954E8	20.46032153300601
2.113763215E8	8.641431560998296
2.117807295E8	19.404122777361042
2.12165097E8	17.387524941441832
2.12555228E8	13.214060762161212
2.12951007E8	9.45042281908601
2.133353745E8	27.552024903741998
2.137362725E8	33.04693651134493
2.1412064E8	13.715908373559131
2.145168735E8	11.374208701768488
2.14901241E8	35.71329915442761
2.15295174E8	35.905556624505046
2.156795415E8	19.89812504104551
2.160708055E8	204.81968189088323
2.16455173E8	16.710791761595257
2.16845987E8	8.153874977079397
2.172303545E8	25.45643570204974
2.176193275E8	26.594174266955825
2.18003695E8	13.74371817294363
2.183870575E8	9.146086222235626
2.18771425E8	13.95431857519482
2.191437085E8	9.678673501373702
2.19528076E8	15.391741850669954
2.19895419E8	10.779109612051009
2.202797865E8	15.51121244156136
2.20645687E8	11.007923592028385
2.21025053E8	14.03744615243834
2.21390679E8	12.744176746975906
2.217493495E8	17.310017276040593
2.22133717E8	9.335781878593417
2.22491112E8	12.956533051318273
2.228754795E8	16.83626952887933
2.232300165E8	18.09988176483666
2.23614384E8	8.840437021079639
2.239617555E8	12.669165351906722
2.24346123E8	26.258189923492438
2.2468963E8	11.864494462568976
2.250739975E8	10.422241439785193
2.254154375E8	9.025542076986858
2.25799805E8	12.19230575340098
2.261404185E8	14.104146514720997
2.26524786E8	27.263440849549376
2.2685767E8	24.18693912387361
2.272420375E8	13.396610800499468
2.275674865E8	10.530169661588982
2.27901798E8	25.699978071965567
2.282642395E8	18.0008989931277
2.28575658E8	19.833528145774547
2.289600255E8	22.967562294215682
2.29270193E8	27.80488612836439
2.296545605E8	20.96890798914835
2.299644725E8	32.37341070208594
2.3034884E8	10.672545327716028
2.30655893E8	18.27532669350851
2.309973965E8	24.066678427106506
2.313463715E8	5.395495054124673
2.31650276E8	8.712014036136155
2.320346435E8	8.283319954267922
2.32330417E8	16.68615483642753
2.327147845E8	9.434083927501286
2.33008396E8	8.297862052503046
2.333832675E8	15.49134323165553
2.336859445E8	3.9932603201347936
2.33975938E8	21.34954322231036
2.343603055E8	19.40382208529893
2.346438945E8	34.883045198337406
2.35028262E8	20.82094420433084
2.353116695E8	13.791452405439378
2.35668032E8	32.04615755925268
2.359736405E8	23.847188002142474
2.36248209E8	30.218890873953363
2.366325765E8	20.95878929494064
2.36905892E8	20.701080720086487
2.372902595E8	26.17660213135307
2.375596255E8	27.86933203315456
2.378457775E8	10.23796876999872
2.38209635E8	23.680345770270478
2.384723095E8	12.521148128104878
2.38856677E8	10.34748315776789
2.391161115E8	15.241840813641653
2.394117615E8	17.042504802361357
2.39756603E8	30.452458646828415
2.40012063E8	24.087419224252965
2.403964305E8	9.66811717403791
2.40651522E8	7.538374281024382
2.40935513E8	10.823482047423278
2.41282414E8	9.569924235254268
2.415260005E8	11.242870609594302
2.41910368E8	28.00732716170967
2.42153892E8	2.4308049862666383
2.423992835E8	10.256179405410967
2.427812845E8	17.283631706193876
2.430194555E8	15.763531427995362
2.43354977E8	32.313403278938246
2.436401495E8	14.128966547926135
2.43875304E8	20.02563490125249
2.442596715E8	21.224400304959634
2.44494215E8	24.284038427277338
2.447631205E8	25.194713472534755
2.451110035E8	12.207704699381615
2.45340206E8	7.699465010264594
2.45672164E8	27.465576775464847
2.45942791E8	8.176790467377097
2.46158155E8	13.714450966374049
2.46536439E8	24.95594426216566
2.46757852E8	13.541546806936797
2.469695205E8	11.124262470510981
2.47353888E8	14.277608267028372
2.47564574E8	16.164323663547886
2.47805319E8	9.06219309859391
2.48157783E8	11.910504969625233
2.48365893E8	20.977476255088195
2.486381075E8	20.348052973373708
2.489579875E8	15.878514172603497
2.49165224E8	14.628736847087033
2.49467076E8	20.69446022967715
2.4975636E8	18.564360635274586
2.499626485E8	18.209892302844725
2.502879155E8	21.013042571987256
2.5054851E8	9.29440529267942
2.507484705E8	13.076292063041318
2.510885645E8	15.613627694068281
2.51332072E8	5.372615673032401
2.51527848E8	12.885945776472335
2.51873065E8	11.087515389916604
2.5210593E8	18.247378705252807
2.5229909E8	25.029861794239967
2.52643082E8	8.088263392680904
2.5287344E8	27.208046959170783
2.53058026E8	27.416398251167564
2.5338655E8	16.275123634459767
2.53626707E8	10.138762792446748
2.53810996E8	12.626822270924244
2.541215335E8	11.390530610899985
2.543774555E8	8.695868887985913
2.545591305E8	9.852097918308683
2.54848343E8	10.940703268226116
2.551248655E8	24.869018969050497
2.553049575E8	38.190764919881794
2.555674465E8	12.31251971253492
2.55866877E8	22.654881705961266
2.560427725E8	16.877010941000055
2.562705875E8	13.02429832334089
2.56600938E8	15.207665160249757
2.56774153E8	16.90655663915979
2.569624935E8	8.925136010438147
2.57304699E8	36.039213616572106
2.57500726E8	8.241338065452263
2.576711905E8	10.218745904183768
2.57986484E8	10.688648699424935
2.582258865E8	38.42400903378985
2.583930965E8	29.138506766120486
2.586566015E8	24.464264765463902
2.58942833E8	21.370027924294135
2.5910475E8	19.851940712954733
2.593058495E8	17.564975475647476
2.59625725E8	22.743662817797603
2.59808993E8	8.995498666666666
2.59968316E8	11.807705752269374
2.60263454E8	8.561705467732061
2.60511936E8	12.154164261819242
2.60669987E8	11.232173085445682
2.60895678E8	16.385725077213863
2.61207803E8	8.493422133193349
2.613664795E8	29.78193510669395
2.61520696E8	15.73977671747499
2.61824593E8	26.77887871771341
2.62058165E8	13.429281537954903
2.622109925E8	15.019846041157042
2.624361765E8	33.48659595490326
2.627407855E8	11.913925893715987
2.62899969E8	21.25130041207863
2.63050826E8	11.8706532687837
2.633441895E8	23.865644261813912
2.635851015E8	11.358918289305965
2.63733667E8	3.6264864536191723
2.639380475E8	21.994632847247292
2.64231582E8	11.564609737894088
2.64411569E8	13.66833476098162
2.645558915E8	31.661362797273323
2.648102425E8	22.399556873691555
2.65083559E8	9.019132187068564
2.65224529E8	21.384078148536997
2.653750005E8	11.379105205063146
2.65651351E8	18.712469625271773
2.65885247E8	11.389956059692881
2.66021552E8	10.614107513729088
2.66196816E8	22.30568104541528
2.664682985E8	16.033430532998672
2.66677402E8	18.626144873614102
2.668104465E8	9.792394067439941
2.670024795E8	16.383877948006514
2.672676815E8	15.711186542958437
2.67460016E8	6.8617490316157586
2.67590504E8	12.171852354592179
2.67790844E8	8.43283841177628
2.680494615E8	11.489848915899877
2.68233489E8	11.427321381516178
2.683623315E8	12.435921751381814
2.685626535E8	19.588090683445845
2.688141505E8	13.517501260090727
2.68998196E8	19.30861323015181
2.691212125E8	19.975891935836902
2.69305491E8	12.444423665914483
2.69544969E8	18.45183637332528
2.69745058E8	21.491130950542153
2.698635095E8	27.706241338876453
2.700194335E8	19.529320101351352
2.7025476E8	33.39815610661398
2.704832035E8	20.22733305235973
2.706000615E8	35.08996442613743
2.707192135E8	7.966360896574145
2.70946674E8	7.326943805296108
2.711728175E8	16.29549131509236
2.713243835E8	23.61119215806716
2.714361945E8	44.54038411306177
2.71620605E8	12.327957446617981
2.718435565E8	14.995547268152409
2.720435135E8	12.816062789674888
2.721547675E8	161.06473402134915
2.722872195E8	18.624555176336745
2.725064275E8	15.39000576221269
2.727249785E8	11.176509366587926
2.72867561E8	12.092868168262674
2.729767215E8	15.791413794923216
2.731596875E8	9.587837081272744
2.733731465E8	7.600965292739606
2.73574548E8	9.951651991063214
2.736806165E8	22.08721248630887
2.737972355E8	16.119161863660885
2.74008185E8	11.08462148518566
2.7421821E8	10.517240556242452
2.74380672E8	27.628851334378545
2.744841805E8	31.839488915583708
2.746317545E8	16.591979486977966
2.74835029E8	16.010898108596795
2.750368585E8	29.85900502272184
2.751721665E8	9.23835945543988
2.752717585E8	10.140496379278332
2.754346305E8	29.24301229591629
2.75629477E8	13.459982919696696
2.75822252E8	27.06508097429099
2.75947145E8	3.4258804686547935
2.760430425E8	8.81373089003677
2.762057895E8	18.710044993198704
2.763968555E8	33.36411996313982
2.76587426E8	11.711520965137865
2.767135505E8	11.05328502415459
2.76808458E8	11.851364365971108
2.76967139E8	24.5046797471091
2.77156076E8	7.444064879108736
2.773432765E8	9.26274345504743
2.774748495E8	15.106986956295795
2.775673295E8	15.639728488350558
2.77713495E8	11.585245981675463
2.77897569E8	8.406991104703355
2.780813245E8	9.256224619772897
2.78227624E8	6.377333712910839
2.78318713E8	11.348870846694412
2.78445831E8	19.350183198766516
2.78624475E8	10.405354520038335
2.78799759E8	9.658556743633453
2.7896884E8	11.604113925981054
2.79055951E8	5.341463414634147
2.791480645E8	15.84272950970472
2.793219045E8	9.720024864167971
2.794951505E8	22.382470419339153
2.796670295E8	10.080778901818608
2.797860375E8	15.062128764588246
2.798713395E8	19.40120465646055
2.80007599E8	17.722142303206823
2.801762495E8	20.496151561943222
2.8034403E8	25.956382603286258
2.80507948E8	12.327565279636488
2.805915035E8	5.919764560099132
2.80677891E8	8.248366091667219
2.80844071E8	25.24478893767202
2.810100155E8	30.363206068207035
2.81175222E8	6.463117916932519
2.813072575E8	19.417060277772194
2.81389511E8	19.13776711127521
2.81503931E8	12.442531997875964
2.816671245E8	7.85817727686591
2.81829173E8	12.33467864239333
2.819906385E8	22.13847888859972
2.820985375E8	7.961684063510732
2.821788915E8	5.945724984006322
2.823119855E8	11.334548706659328
2.82471554E8	17.746566524952744
2.8263049E8	8.560602908637026
2.827887405E8	32.39765629948692
2.82881078E8	12.272299944040292
2.829592085E8	11.927766963292548
2.831008305E8	17.841359533903816
2.832545715E8	18.575702369643576
2.8340819E8	12.556612805533304
2.8356106E8	13.608178873433774
2.83650187E8	22.613616302720956
2.837259075E8	17.241912843744018
2.838639935E8	11.016360718359552
2.84014566E8	46.02527983399509
2.841642325E8	5.9867025561164215
2.843131325E8	11.458588668494329
2.844097475E8	17.448925820835022
2.844837785E8	11.877344292660338
2.84609444E8	12.528681225664466
2.847568575E8	6.698964336196586
2.84903889E8	10.881560945061976
2.850507725E8	6.424293185160974
2.85162443E8	13.987788455252664
2.85235427E8	10.034771095088008
2.8534268E8	10.465884721733794
2.85486983E8	14.703537326842314
2.85630282E8	12.683648568331993
2.85773144E8	19.345100869601776
2.859069595E8	10.014729191015194
2.859767315E8	5.747298591163999
2.86052856E8	12.592296569713792
2.861903485E8	18.236782713784418
2.86326707E8	31.998788407124756
2.86461012E8	15.360252455891514
2.865942015E8	12.784418003725738
2.866994605E8	42.55549812637292
2.867650045E8	70.94781928563448
2.868562865E8	8.829916347213384
2.86985097E8	9.19449341773135
2.87113018E8	24.927506353915035
2.872400565E8	13.601338688085676
2.8736678E8	21.77086282293586
2.874684495E8	11.96195468380115
2.875308515E8	20.04171361796252
2.876171135E8	17.414455626715462
2.877417145E8	20.26822632423756
2.87865989E8	11.243769614922266
2.87989856E8	16.909173163145777
2.881135245E8	19.55472999222999
2.88225463E8	24.77176177423374
2.882869705E8	5.532304980167475
2.883595355E8	13.442698464554068
2.884818635E8	23.824818354388952
2.88604014E8	22.830814596387764
2.88725668E8	9.242965443851414
2.88845977E8	20.052573390845513
2.889652565E8	15.11125004195898
2.890345995E8	5.614896014752587
2.89094055E8	15.359909044260432
2.892031115E8	7.407255483305819
2.893211245E8	11.105786772604048
2.8943711E8	23.232033069094523
2.89550763E8	21.410415760362937
2.896633655E8	8.365938810319095
2.897663725E8	14.84642467307322
2.898226395E8	11.102629924559933
2.89887659E8	29.602455137853646
2.899984115E8	16.613609638728587
2.901089365E8	22.566400593686648
2.90218437E8	12.90123957421317
2.903262345E8	15.21405359977589
2.9043256E8	19.358389935677003
2.905335855E8	11.912094517566587
2.905862925E8	4.014679515912147
2.906432345E8	11.401981707317074
2.907479405E8	18.982365105503007
2.90851896E8	9.809538077885925
2.90955247E8	14.794291138382263
2.91058116E8	19.2332016195912
2.91160204E8	11.818343643355199
2.912615545E8	10.711670956246287
2.91331315E8	7.3012129555076495
2.9138107E8	12.526069924109558
2.91461273E8	14.647423966518105
2.91559725E8	0.6190222240454532
2.91657178E8	13.380999804926129
2.917545145E8	13.680387359417727
2.91851644E8	15.555921018714233
2.91948596E8	0.5664420805002115
2.920451375E8	6.591156773844682
2.9210626E8	21.642268317932594
2.921538905E8	25.762546978895635
2.922360205E8	21.973706352545225
2.923310645E8	9.597791764904008
2.924255295E8	16.47570324311663
2.925187585E8	13.385730958761995
2.92610929E8	4.623288491912205
2.92702327E8	12.531689947357432
2.92792108E8	18.818270088403654
2.928622145E8	9.03307385461446
2.929062585E8	17.3105416232234
2.92967363E8	10.348180450777141
2.930529085E8	4.595045002812676
2.931380435E8	9.474229474229475
2.9322235E8	8.146251389370272
2.93305647E8	1.27597892020308
2.93388439E8	11.43288854477928
2.93470965E8	13.0906166935709
2.935531875E8	15.379213688546567
2.936254925E8	13.295047637316964
2.936664795E8	5.130600473787208
2.9371692E8	5.646808980764273
2.937980535E8	12.817038760457404
2.938782955E8	15.664972389558233
2.93957456E8	27.589094747014915
2.940359865E8	2.3307447079826575
2.94113718E8	10.81794582246278
2.94190606E8	8.630198219801128
2.94267212E8	0.6605473397926228
2.9434356E8	15.438576695487884
2.94403587E8	23.057029450007985
2.944416325E8	24.5749054380852
2.944955125E8	8.814160464069081
2.9457076E8	18.61974422915361
2.9464554E8	10.353595901892156
2.947198625E8	6.163404163404163
2.947938495E8	0.38730717185385655
2.94867693E8	20.789678398633907
2.94941437E8	5.920978005725838
2.950150255E8	7.659956992759541
2.9508846E8	10.175507200959219
2.951596985E8	12.944835273000985
2.951959055E8	10.626426426426427
2.9523318E8	1.8888358443673738
2.953042615E8	6.830373252142535
2.95375117E8	8.45118487430582
2.95445692E8	19.16883338306125
2.95515887E8	13.153927464396418
2.955858525E8	9.74250614953378
2.956554665E8	33.60110527530878
2.957244435E8	3.618572469045885
2.957929165E8	5.45679102729296
2.958609135E8	0.8571006528996425
2.959283655E8	7.735142695592655
2.95962472E8	7.051638530287984
2.959959795E8	18.879484304932735
2.960623185E8	31.11858407079646
2.961285905E8	8.681923065245773
2.961944545E8	7.71155890302791
2.96259386E8	7.756268649721133
2.963231915E8	15.113848621112544
2.963866495E8	20.720756862621222
2.964495135E8	13.159451405133463
2.96511883E8	10.07103088648215
2.96574108E8	10.128997987927566
2.966360135E8	9.4252180397497
2.966975155E8	7.323412374832839
2.967299425E8	3.7941176470588234
2.967605265E8	9.604195585785675
2.968197085E8	5.963610617137588
2.968803715E8	9.834274020530085
2.969406465E8	18.141303622656615
2.970003935E8	9.44474117370419
2.97059853E8	20.82076758559135
2.971191925E8	9.433673985631893
2.971783685E8	10.156856436481863
2.972373605E8	6.545800101815714
2.972962345E8	10.159849025808427
2.973550285E8	15.884924281095797
2.974136535E8	14.930266757865937
2.974716695E8	0.3666770920211287
2.975006415E8	0.0
2.975297915E8	6.977550597499482
2.975874835E8	14.09715359454381
2.97644944E8	11.607293933327531
2.977022745E8	12.225408976510067
2.977593955E8	28.059358888927857
2.97816386E8	11.364182249144061
2.97873337E8	21.257520150315205
2.97929694E8	12.795165599727437
2.979853355E8	21.51086173355429
2.98040566E8	7.55049595049595
2.980954345E8	6.923036209665645
2.98150189E8	7.2510371548147745
2.982045775E8	9.227247502774695
2.98250394E8	40.43584488861683
2.98277297E8	29.923982011950965
2.98312184E8	1.3530938906632302
2.983655255E8	0.7406382898648903
2.98418571E8	7.656556308901018
2.98471025E8	12.865066687195673
2.985229515E8	16.512544802867385
2.98574718E8	13.183214237301264
2.98626245E8	16.43841291451911
2.986775555E8	10.648947388977854
2.987287515E8	20.511155394053063
2.9877965E8	25.08014068087965
2.98830158E8	5.1324074992560265
2.98880377E8	12.7778865948474
2.9893041E8	6.631323326604441
2.989803155E8	26.103599983928643
2.9902156E8	8.030448472990738
2.99046443E8	6.794605687481677
2.990795815E8	15.771260818333266
2.991287095E8	13.30784761593996
2.991776335E8	8.8169377637563
2.99226409E8	10.037302254960297
2.992750675E8	0.5473240016467682
2.99323612E8	5.754911459729122
2.993721015E8	14.080008252527337
2.99420364E8	5.908375819373634
2.994682855E8	13.806206579057504
2.995160355E8	13.745724346076459
2.99563736E8	13.511669357713519
2.99611366E8	18.882911858064787
2.99658856E8	19.207914109135395
2.99706222E8	10.774676161697272
2.99753043E8	10.131501111854746
2.997914265E8	5.1180701523909615
2.998145535E8	1.9382512969758319
2.998454455E8	8.663860976988994
2.998912785E8	12.4886622307827
2.999369015E8	9.498134246455068
2.99982407E8	10.712912239016127
3.000278035E8	13.234825760917513
3.00072936E8	3.619654980523094
3.001178095E8	9.300165097496764
3.001626E8	5.258964677495029
3.002072585E8	6.091049867588312
3.0025153E8	13.660247811754006
3.002951105E8	7.069274596998333
3.00338256E8	12.43875681317407
3.00381246E8	5.771748512772659
3.00424041E8	12.987922761849035
3.00466617E8	3.183279515402927
3.00509036E8	20.21027563603782
3.005513965E8	16.747482864571023
3.005739685E8	7.637261820748059
3.0059498E8	6.800581795912118
3.006355E8	8.162505077536977
3.00677186E8	309.0146672767997
3.00718655E8	7.197189559842577
3.007599975E8	15.031525637297664
3.008009635E8	19.245057052921503
3.00841504E8	42.840116782542
3.00881871E8	5.9882679762879185
3.009221625E8	19.359409924005366
3.00962411E8	4.676070691755114
3.01002529E8	3.7792025996750405
3.010424755E8	7.290112314480545
3.010823325E8	10.962311053080901
3.011221535E8	8.207303596544103
3.01161883E8	3.339580758267538
3.012013185E8	9.469995921280718
3.01240271E8	15.742818729477467
3.01278813E8	4.570755331059442
3.013171725E8	5.155617039047818
3.013402245E8	20.034009240246405
3.01359325E8	14.02295373080338
3.01393599E8	9.89449120323029
3.01431711E8	4.474858868320862
3.014697935E8	5.818723739495798
3.015075635E8	6.973465029364656
3.01544826E8	11.318224740321057
3.015818905E8	8.46090546082452
3.01618727E8	18.35420251850638
3.01655231E8	3.6889200252754195
3.01691575E8	14.99286285100168
3.01727817E8	36.90343970161624
3.017639465E8	15.7532165039929
3.018000005E8	4.336810564865165
3.018360275E8	7.428991946681477
3.018718265E8	9.82758233112285
3.019074095E8	0.31870819045477544
3.0194275E8	7.691735749081275
3.01977819E8	10.52530326816041
3.020128525E8	7.757022151176067
3.02047874E8	6.490674359487018
3.020828745E8	35.98551014575593
3.021066125E8	3.33893961236585
3.021240165E8	3.7326404444046233
3.0215234E8	5.373867443554261
3.021865385E8	11.826397041559051
3.022202135E8	7.638650159264379
3.02253491E8	24.925624305075576
3.022863395E8	3.123565700185071
3.02318457E8	0.8432500392896433
3.023501625E8	4.580326623623243
3.02381257E8	6.223645932075965
3.024117055E8	19.092133051742344
3.024418645E8	5.206536949423603
3.024718665E8	5.078859619873291
3.02501802E8	16.975636692212444
3.0253152E8	14.959296227372695
3.02561013E8	11.852740307838674
3.025904035E8	14.356354344122657
3.026196635E8	19.043057936235858
3.02648696E8	12.526284824364076
3.026774925E8	5.113805840128232
3.0270614E8	2.494212679651712
3.0273473E8	10.262848546338732
3.0276322E8	8.02348839666162
3.02791553E8	114.09802256889172
3.02819683E8	9.252581186810046
3.02847463E8	2.340019587217527
3.02871419E8	8.077717150862705
3.028851665E8	6.7052572706935125
3.029023805E8	4.487388180085056
3.02929608E8	16.29927517568711
3.029566585E8	15.942351979793477
3.02983539E8	13.55180893475912
3.030103E8	13.963497357868306
3.03036936E8	8.57068712625522
3.030633795E8	7.656247623393414
3.03089659E8	24.323178858383155
3.031158375E8	13.037860208461067
3.03141897E8	9.565807170579872
3.0316784E8	4.019487298457255
3.03193613E8	21.55234980337188
3.03219033E8	16.245935524903604
3.03244142E8	4.60372690634851
3.03269183E8	20.251668598377364
3.032941495E8	14.853363840719332
3.03318984E8	15.751545017570788
3.03343729E8	3.9236647394169735
3.03368407E8	9.11018153758681
3.03392961E8	8.045864815192976
3.034173935E8	0.21538146021328958
3.034417695E8	13.288363696044641
3.03466092E8	25.162773451983686
3.03490315E8	2.0715674512886277
3.03514472E8	6.623047926763597
3.03538466E8	9.205602381850966
3.035622675E8	14.70121232530729
3.03585904E8	9.774163371178297
3.036094165E8	27.32725029777097
3.03632882E8	5.691457114801691
3.036474595E8	24.3897418004187
3.03659146E8	13.735842639306162
3.036795675E8	3.596327902767003
3.03702759E8	11.121306242181097
3.037259045E8	2.96845521419299
3.03749014E8	10.380630923017007
3.037721115E8	14.18149527852378
3.03795153E8	12.629125538113668
3.038181055E8	11.451108782957919
3.03840977E8	19.33658857017736
3.038636995E8	9.842680229986732
3.038862345E8	12.182324131789848
3.03908542E8	11.053306251410516
3.03930611E8	16.17067734158213
3.039525865E8	11.560633648943918
3.03974351E8	11.774639395204304
3.039958025E8	5.120372973479524
3.040171415E8	19.555774278215225
3.04038313E8	10.33445994192412
3.040591685E8	2.890021251931994
3.04079863E8	12.013874788494078
3.04100481E8	17.64741375115566
3.04120937E8	28.274249791267618
3.041411265E8	17.224997502247977
3.04161089E8	25.319586075249912
3.041809935E8	14.466887749974877
3.04200889E8	49.06998843581879
3.042207195E8	8.44547845437993
3.042404435E8	19.718286237040047
3.04260093E8	9.455740712429293
3.042797115E8	24.083511777301926
3.04299283E8	14.367760766040249
3.043188045E8	18.43676334939018
3.0433822E8	0.2733343686907905
3.04357514E8	11.394011727466141
3.043766445E8	0.3688256977356503
3.04395624E8	14.847066266012968
3.044120845E8	0.4727637614678899
3.044215395E8	1.5869302137958854
3.044334495E8	10.393330505778815
3.044520715E8	5.2153737351757155
3.04470397E8	14.62915321035634
3.04488589E8	3.6428374275462323
3.0450666E8	1.0462639374271925
3.0452464E8	1.2694473874979089
3.04542522E8	2.864393472043071
3.04560353E8	2.3761426728730863
3.045781455E8	4.732961586121437
3.045958945E8	6.4763300270513975
3.04613409E8	10.232398032976569
3.04630615E8	6.93011035207567
3.046477165E8	21.973940032794566
3.04664782E8	23.798768689533862
3.046818275E8	2.1674688894106597
3.04698855E8	14.11675186556202
3.047157445E8	24.414439140811456
3.047322845E8	16.286703431372548
3.047485745E8	15.204243542435425
3.047647915E8	7.666749103499444
3.04780937E8	3.835701433269219
3.04797045E8	10.842474687868812
3.04813105E8	7.992260158541914
3.04829099E8	0.08993549195215131
3.04844809E8	15.200414159062966
3.04860144E8	1598.6969179207465
3.04875228E8	23.15383586382182
3.048899345E8	15.954916332457476
3.04904393E8	16.158353510895882
3.04918797E8	2.0768480457047307
3.04933121E8	14.273032528856243
3.049473325E8	19.25035390713477
3.049613855E8	10.3298755186722
3.049753525E8	14.880194898251649
3.04989176E8	8.027609378423781
3.050028535E8	9.29610655737705
3.050165075E8	35.4581501026092
3.05030149E8	1.716254857394237
3.05043766E8	26.821552041191616
3.05057328E8	35.918397516446156
3.050707775E8	5.24569932685116
3.050840815E8	11.379740142015411
3.050973185E8	0.3246449078271381
3.0511055E8	8.79670371210403
3.051237565E8	8.188305778856362
3.051369355E8	12.25576981475858
3.05150043E8	9.299470980602623
3.05163013E8	5.031867876250291
3.05175888E8	24.28880417023263
3.05185055E8	0.06458675424192666
3.051914585E8	2.018837018837019
3.052015075E8	9.083620419668025
3.05214187E8	1.0835782950663382
3.052267085E8	114.42790622992935
3.05239162E8	3.92121114769898
3.052514665E8	3.4752426385918738
3.052635855E8	0.09205298013245033
3.05275651E8	3.7174508339556884
3.052876965E8	23.85797342192691
3.052997075E8	4.446002336838591
3.05311672E8	6.883736502887754
3.053236175E8	6.499581379772271
3.053355615E8	7.020010046885465
3.05347491E8	12.327906000839278
3.0535937E8	32.17571561259816
3.053711045E8	0.07939102012730087
3.053827095E8	5.154955110497237
3.05394203E8	25.257563799000263
3.05405586E8	27.01267270967174
3.05416915E8	0.4041611332447986
3.054282015E8	1.345273984749069
3.054393975E8	24.750134964909122
3.05450508E8	4.422616368056181
3.054616145E8	4.882856113812354
3.05472713E8	4.036155441348841
3.054837595E8	36.010270859843665
3.05494683E8	3.763485477178423
3.055054885E8	10.061304105517369
3.055161465E8	24.643601895734598
3.05526661E8	2.9934154022330377
3.05537127E8	360.85028221563186
3.055475015E8	2.710664335664336
3.055577785E8	11.620588808734647
3.05567969E8	4.646745036056505
3.05578E8	8.100814971325082
3.05587934E8	3.4167589888206265
3.055978485E8	20.89848484848485
3.056077465E8	25.40774050121261
3.05617534E8	20.610703585081104
3.05627204E8	1.3756339923403373
3.0563683E8	0.9574601188614326
3.056464125E8	1.1099853770628787
3.05655943E8	10.873511120480657
3.05665429E8	1.594517659462309
3.056749135E8	2.734289329396879
3.05684391E8	9.45032203568789
3.056938605E8	33.31347697507393
3.05703288E8	2.488441461595824
3.0571261E8	14.913038781462676
3.057218545E8	3.528162911611785
3.057310705E8	14.730434782608695
3.057402675E8	4.1411790298020446
3.057494535E8	1.2722815428197864
3.057585785E8	10.84049823633157
3.05767648E8	12.727914414911217
3.05776642E8	15.344916489182827
3.057855425E8	21.84695945945946
3.05794349E8	0.24997137295316615
3.05803082E8	11.354288331615711
3.058116615E8	8.906242582482792
3.058200515E8	4.663634187215705
3.058282875E8	7.1138211382113825
3.058363865E8	11.573391089108911
3.058444065E8	6.7302763819095475
3.058523285E8	7.377980720446474
3.058601015E8	11.397415818324196
3.058677105E8	0.09608258337744839
3.058752425E8	28.468167288225892
3.05882709E8	3.565791245791246
3.058900985E8	8.82485722056024
3.05897348E8	5.505808257522744
3.059044835E8	0.1292450182430536
3.059115865E8	2.686723163841808
3.059186575E8	7.425092041914472
3.059257075E8	15.087382779198636
3.059327345E8	12.680444697833524
3.059397415E8	3.106601886253215
3.05946737E8	43.666666666666664
3.05953382E8	14.248531046530093
3.059568435E8	6.242811501597444
3.059606085E8	10.848783314020858
3.059675075E8	0.14911517261386714
3.05974393E8	0.2714846590082885
3.059812595E8	3.4768086347724623
3.0598811E8	0.5158509861212563
3.05994947E8	3.083321130472983
3.060017745E8	32.99252856724289
3.06008546E8	6.972755694506476
3.06015243E8	0.34746143477609703
3.06021916E8	1.96956065377118
3.06028584E8	18.96685165741713
3.060351805E8	0.5254367146797426
3.060416715E8	23.914343246592317
3.06048088E8	1.6355653128430296
3.06054431E8	36.62545569820891
3.06060702E8	14.014118402053585
3.06066934E8	31.400417268496227
3.060731045E8	0.5068739770867431
3.06079204E8	0.6216127442929874
3.060852755E8	7.53600925008259
3.06091306E8	0.12685200599300817
3.060973105E8	9.655281572809063
3.06103308E8	10.955781745369597
3.06109298E8	16.674127275764157
3.06115231E8	5.615240687191699
3.06121083E8	0.6619742489270386
3.061268995E8	38.93629476584022
3.061326905E8	2.6827156217526844
3.061384525E8	24.74086956521739
3.06144196E8	0.013770263203765034
3.06149915E8	6.796526925100859
3.061556135E8	15.050386235955056
3.061612865E8	9.406725663716815
3.061668935E8	41.5607476635514
3.061724375E8	91.38667632150616
3.06177958E8	0.014138118542686243
3.06183465E8	2.0440240130980536
3.0618895E8	96.66855472318655
3.061944175E8	3.746063712925668
3.061998695E8	12.670709298052186
3.062052965E8	0.06596452328159645
3.062107035E8	41.22343576453166
3.062160895E8	18.448230912476724
3.06221455E8	8.464838649505689
3.062267975E8	0.730465815176559
3.062321055E8	0.026832955404383976
3.062373925E8	0.12173419159409314
3.062426715E8	2.396512509476876
3.06247945E8	11.29709732498577
3.062532015E8	2.209462037390309
3.062584425E8	29.3368320610687
3.06263673E8	10.291323501244973
3.062688905E8	42.713271960107406
3.06274102E8	4.698022653100403
3.06279276E8	22.25179996108192
3.062844135E8	2.3448208722741435
3.062895485E8	0.4176081028437865
3.06294667E8	0.06016068979031942
3.06299761E8	11.977777777777778
3.063048415E8	4.197202521670607
3.063099165E8	15.837012219156485
3.063149815E8	0.0122626582278481
3.063200175E8	0.2661483253588517
3.063250325E8	19.810331072995613
3.06330018E8	0.7456122654831552
3.063349735E8	0.045619701251513926
3.063399235E8	1.4696724625960371
3.06344861E8	1.4067762223574762
3.063497735E8	7.3598856209150325
3.06354609E8	48.19350785340314
3.06359362E8	16.573240329740013
3.06364072E8	3.4211985497973982
3.06368756E8	1.5443470827099808
3.063734225E8	20.523205844434894
3.063780725E8	1.126345243219974
3.06382707E8	7.234479775037854
3.063873235E8	1.1967462039045553
3.06391931E8	12.543539630836047
3.063965295E8	27.596907665505228
3.06401082E8	29.540660314646576
3.064055785E8	12.950669642857143
3.06410055E8	0.22177509501453163
3.0641452E8	2.435270361229527
3.0641896E8	1.5342527696133845
3.064233765E8	5.4603174603174605
3.06427766E8	13.46646829938201
3.064321085E8	36.075764596848934
3.06436424E8	1.2906141367323292
3.06440737E8	0.5785200649501275
3.064450465E8	0.24837511606313833
3.06449342E8	1.042260098062106
3.06453625E8	0.01774457156198926
3.06457902E8	14.8684148911262
3.064621725E8	4.652927400468384
3.06466441E8	17.939770330442933
3.06470704E8	23.372387884479924
3.064749595E8	15.681326434619002
3.064792095E8	1.0774482109227872
3.06483446E8	5.466272189349112
3.064876545E8	72.78125
3.064918455E8	1.4978520286396182
3.0649603E8	65.5874611150993
3.065001735E8	0.187682570593963
3.06504273E8	43.15326326081642
3.065083565E8	0.046368989205103045
3.06512427E8	7.041328413284133
3.06516488E8	10.181661326103033
3.065205265E8	28.44004975124378
3.065245425E8	31.242273180458625
3.06528524E8	0.025563148569982284
3.06532471E8	14.775551610448897
3.065364115E8	39.926358557643475
3.065403375E8	0.020439448134900357
3.0654423E8	26.657452854559544
3.06548097E8	0.1786176546725343
3.0655195E8	0.34582357533177205
3.065557735E8	2.17534174553102
3.06559577E8	5.264002103602419
3.065633635E8	1.2458885941644562
3.065671335E8	5.663925729442971
3.065709005E8	9.094048884165781
3.065746505E8	16.745717344753746
3.065783835E8	54.50455764075067
3.06582112E8	42.334317145156966
3.06585833E8	0.5394347240915208
3.06589543E8	6.336302294197031
3.065932395E8	50.279555314533624
3.065969265E8	50.53771025501899
3.06600612E8	55.812211668928086
3.066042955E8	16.457903313416622
3.06607968E8	2.727272727272727
3.0661163E8	18.511335700628244
3.066152875E8	1.1912972085385878
3.06618939E8	0.37462318443409154
3.066225875E8	0.09100877192982457
3.066262295E8	25.654840484048403
3.066298605E8	6.103419746276889
3.066334545E8	0.08253790005614824
3.06637011E8	0.14812728808786257
3.0664056E8	1.3487454186636594
3.066440915E8	21.704209328782706
3.066476025E8	8.478893325727325
3.066511055E8	12.220571428571429
3.06654603E8	56.96080114449213
3.066580945E8	7.071674311926605
3.066615705E8	0.2834872979214781
3.06665033E8	0.8223056919965328
3.06668493E8	0.12836079791847355
3.066719485E8	8.001158748551564
3.066753845E8	11.94093567251462
3.06678798E8	0.8635162899911946
3.066821985E8	0.33441367118444315
3.06685591E8	0.022412267767620172
3.066889815E8	15.584660766961651
3.066923705E8	16.021546635183
3.066957585E8	2.2972255017709564
3.066991455E8	70.14884819846426
3.067025305E8	1.1312056737588652
3.06705914E8	32.77091339048182
3.067092965E8	0.08042578356002365
3.06712672E8	1.332146037399822
3.06716041E8	23.238943306619174
3.067194095E8	11.263361045130642
3.067227775E8	29.950118764845605
3.067248635E8	0.4054726368159204
3.06726541E8	0.4625637005096041
3.067294915E8	0.5713432835820895
3.067328405E8	3.8100358422939067
3.067361665E8	0.8964891041162227
3.06739469E8	0.036352620418055134
3.06742768E8	0.08613891416439187
3.06746065E8	4.182286927509858
3.067493595E8	14.61269744835966
3.067526505E8	36.20729483282675
3.06755933E8	0.05343511450381679
3.067591995E8	8.649478207489258
3.067624565E8	33.608415233415236
3.067657115E8	2.928703134603565
3.06768965E8	0.20780817706732246
3.06772208E8	15.421899164862356
3.067754395E8	0.17770897832817337
3.067786575E8	6.165626949469744
3.067818625E8	2.9460049937578026
3.067850465E8	19.310998735777495
3.0678821E8	1.174201707239962
3.067913705E8	42.61779607346422
3.067945245E8	0.4326984126984127
3.06797666E8	24.180019150973507
3.0680079E8	0.012199036918138041
3.06803903E8	2.0054644808743167
3.068070135E8	0.10160771704180065
3.068101235E8	22.640192926045017
3.06813233E8	28.963975554840786
3.068163365E8	6.1287927695287285
3.068194285E8	0.0
3.06822513E8	28.970483295491405
3.068255925E8	40.74512353706112
3.068286625E8	2.606396866840731
3.068317255E8	15.191051600261266
3.068347845E8	0.7817408376963351
3.068378385E8	0.06618610747051114
3.0684088E8	0.2068624216430221
3.06843903E8	21.964179104477612
3.068469175E8	33.82514930325149
3.068499285E8	36.615359042553195
3.068529315E8	33.641094062708476
3.06855925E8	0.4687186349949816
3.06858904E8	16.508588750421016
3.06861871E8	0.026981450252951095
3.06864829E8	33.87089122331413
3.068677785E8	0.048846675712347354
3.06870722E8	1.645117386866281
3.068736605E8	25.19945541184479
3.06876586E8	8.254376930998971
3.06879498E8	1.1545860529027825
3.068824045E8	0.4441764300482426
3.068853035E8	6.722375690607735
3.06888198E8	0.0
3.0689109E8	0.024904877205119337
3.068939665E8	0.746680642907058
3.06896809E8	1.0545518951470068
3.068996235E8	0.9166072701354241
3.069024245E8	27.929184549356222
3.06905212E8	1.4375674703130623
3.069079905E8	4.843052555795536
3.069107675E8	0.43695965417867433
3.06913543E8	5.785945945945946
3.06916313E8	0.06799276672694395
3.06919067E8	28.004010207801677
3.069218095E8	28.220277169948943
3.069245455E8	11.643589743589743
3.06927266E8	20.957949096274437
3.06929975E8	7.552641300332471
3.069326695E8	0.0
3.069353465E8	21.254865269461078
3.06938016E8	0.3329583802024747
3.06940674E8	118.96489241223104
3.06943317E8	10.930223739097459
3.069459505E8	0.31406844106463877
3.069485655E8	21.283846153846152
3.06951153E8	0.4842718446601942
3.069537225E8	32.259360374414975
3.069562725E8	0.2251577287066246
3.069587885E8	0.0
3.069612825E8	27.424558587479936
3.069637735E8	15.146184738955823
3.0696626E8	29.720499395892066
3.06968739E8	38.104646464646464
3.06971213E8	0.12373635260816822
3.06973672E8	0.0
3.069761095E8	0.16872427983539096
3.06978536E8	1.7284358233594717
3.0698095E8	0.0158004158004158
3.06983354E8	0.11610486891385768
3.06985755E8	2.137974155898291
3.06988152E8	1.3799582463465554
3.06990543E8	35.114788437369086
3.069929255E8	0.6118587047939444
3.069953025E8	0.7546296296296297
3.069976725E8	53.23181049069374
3.070000295E8	0.9221276595744681
3.07002367E8	0.0
3.07004687E8	0.02591792656587473
3.070070005E8	0.8140138408304498
3.070093035E8	0.04969485614646905
3.070115925E8	0.0
3.07013868E8	30.553595059550066
3.07016134E8	98.6560706401766
3.07018396E8	7.494466578131917
3.07020655E8	0.04648074369189907
3.070229135E8	0.12400354295837024
3.0702516E8	22.759284116331095
3.07027389E8	0.6288798920377868
3.0702961E8	49.000901306894995
3.070318285E8	31.74030658250676
3.070340435E8	0.5036166365280289
3.070362525E8	15.659564823209429
3.07038456E8	2.381190368014539
3.07040653E8	0.019151846785225718
3.0704284E8	1.1421366345712975
3.070450185E8	19.907628676470587
3.07047178E8	3.5272981801213255
3.0704932E8	0.036898645492760396
3.07051452E8	6.4276966556759305
3.070535745E8	0.0
3.07055696E8	5.480433757661481
3.07057816E8	23.57668711656442
3.07059934E8	0.07794048181388757
3.0706204E8	0.0
3.070641345E8	0.15377268385864373
3.07066228E8	7.548494983277592
3.070683165E8	0.1933781190019194
3.070704E8	0.4167066730676908
3.07072481E8	208.88215488215488
3.07074558E8	0.3855421686746988
3.070766325E8	0.04628736740597879
3.070787045E8	4.811594202898551
3.07080772E8	1.2290556900726393
3.070828335E8	4.228377065111759
3.07084889E8	0.019970774476376036
3.07086942E8	3.1753531417437895
3.07088987E8	0.037309769268532154
3.070910185E8	6.390424481737414
3.07093044E8	10.689876543209877
3.07095069E8	28.067654320987653
3.07097091E8	2.3353145121347203
3.07099108E8	0.8426799007444169
3.071011185E8	9.845962113659024
3.07103122E8	0.11094452773613193
3.071051185E8	7.145080321285141
3.071071095E8	10.126633165829146
3.071090915E8	23.174772036474163
3.07111059E8	0.03518612952575217
3.071130195E8	0.10306122448979592
3.07114979E8	0.4405308831036243
3.07116933E8	48.783478707029246
3.071188785E8	1.0226570545829041
3.071208195E8	1.4309278350515464
3.07122752E8	0.05090909090909091
3.071246735E8	19.87851929092805
3.071265845E8	0.3918067226890756
3.07128479E8	0.020159151193633953
3.07130355E8	0.25763256561328335
3.07132213E8	1.597079502433748
3.071340475E8	0.0
3.07135863E8	3.1794588625069022
3.071376725E8	9.672566371681416
3.07139478E8	3.0149750415973378
3.07141279E8	0.04724847137298499
3.071430775E8	0.09566184649610679
3.07144871E8	0.5092230296254892
3.071466595E8	0.11465324384787472
3.07148442E8	7.518851997749016
3.07150216E8	0.652738565782044
3.071519825E8	0.12769580022701477
3.071537425E8	0.2974971558589306
3.071554995E8	11.626423690205012
3.071572545E8	0.4646522234891676
3.07159008E8	0.0
3.071607605E8	0.6432648401826484
3.071625115E8	1.5885714285714285
3.07164259E8	0.04756446991404011
3.07165998E8	0.0
3.071677295E8	0.06820809248554913
3.07169459E8	0.2128397917871602
3.07171187E8	37.09148812970469
3.07172911E8	70.06275421266706
3.071746285E8	8.056009334889149
3.071763405E8	10.763157894736842
3.0717805E8	0.11000585137507314
3.07179757E8	11.392961876832844
3.0718146E8	1.0188124632569078
3.07183154E8	0.5311203319502075
3.071848325E8	0.03173652694610778
3.071864995E8	73.42367788461539
3.07188158E8	16.92498487598306
3.07189806E8	4.241022519780889
3.07191447E8	8.638804148871262
3.071930855E8	0.029304029304029304
3.07194713E8	108.43413729128015
3.07196327E8	2.3972687771570453
3.071979365E8	11.680970149253731
3.07199539E8	3.321853475266124
3.07201133E8	0.0
3.072027235E8	0.048427672955974846
3.072043025E8	0.29209183673469385
3.07205867E8	0.2767456758488149
3.07207427E8	0.0
3.07208982E8	0.3036750483558994
3.072105315E8	0.0
3.07212076E8	7.404931862426995
3.072136115E8	0.27320261437908494
3.072151395E8	18.81127129750983
3.072166655E8	9.384665792922673
3.07218189E8	0.760026298487837
3.07219709E8	0.0
3.07221218E8	0.0933955970647098
3.072227155E8	0.02807486631016043
3.072242065E8	0.5100942126514132
3.07225692E8	0.05454545454545454
3.072271765E8	19.964959568733153
3.07228659E8	15.303848750844024
3.072301395E8	0.0
3.072316155E8	0.03328804347826087
3.072330835E8	0.056010928961748634
3.0723454E8	12.189095928226363
3.072359815E8	12.567642956764296
3.072374155E8	0.026499302649930265
3.07238849E8	15.593859036985345
3.072402775E8	1.452247191011236
3.072416995E8	18.138732394366198
3.072431125E8	4.191322901849218
3.072445175E8	0.8190883190883191
3.07245921E8	0.0
3.07247322E8	0.0
3.072487205E8	4.568669527896995
3.072501165E8	0.3916786226685796
3.072515085E8	18.12589928057554
3.072528945E8	0.49782923299565845
3.07254274E8	0.30355846042120554
3.072556495E8	11.038573508005822
3.072570195E8	18.924597364568083
3.07258382E8	14.181015452538631
3.07259739E8	3.633210332103321
3.072610935E8	0.14032496307237813
3.072624475E8	10.845642540620384
3.072637995E8	10.451851851851853
3.07265146E8	0.06254653760238273
3.072664865E8	4.791479820627803
3.072678185E8	0.21644042232277527
3.072691435E8	0.0770392749244713
3.072704615E8	1.7682926829268293
3.07271773E8	15.725400457665904
3.072730825E8	8.0565749235474
3.072743855E8	0.1864406779661017
3.072756825E8	5.388117283950617
3.072769735E8	0.2317262830482115
3.07278257E8	0.0
3.07279535E8	1.2556862745098039
3.07280808E8	0.041699449252557044
3.07282078E8	2.929866036249015
3.07283345E8	10.922529644268774
3.072846035E8	5.2803514376996805
3.072858485E8	0.0
3.072870805E8	8.216965742251224
3.07288306E8	1.8514285714285714
3.072895305E8	0.0
3.0729075E8	0.18271604938271604
3.072919625E8	0.46611570247933887
3.0729317E8	1.233195020746888
3.072943745E8	0.0
3.07295576E8	0.0
3.07296769E8	3.2342038753159223
3.072979505E8	0.272108843537415
3.072991265E8	0.0
3.073002965E8	0.06872852233676977
3.0730146E8	0.1410146173688736
3.0730262E8	48.04753673292999
3.073037765E8	0.1583044982698962
3.073049325E8	0.20069204152249134
3.073060875E8	0.33708838821490467
3.07307234E8	0.2897278314310799
3.073083675E8	0.0
3.0730949E8	0.5434198746642793
3.07310606E8	29.069058295964126
3.073117205E8	0.0
3.07312834E8	27.245283018867923
3.07313946E8	0.08280828082808281
3.07315057E8	0.24212421242124213
3.073161665E8	1.28971119133574
3.07317273E8	2.302262443438914
3.073183765E8	8.301270417422867
3.073194775E8	3.581818181818182
3.073205775E8	2.3163636363636364
3.07321677E8	0.03002729754322111
3.073227755E8	0.03642987249544627
3.073238735E8	117.31329690346084
3.07324967E8	11.891643709825528
3.07326045E8	0.10590440487347703
3.07327112E8	1.9793814432989691
3.07328175E8	0.0
3.07329233E8	18.240302743614002
3.073302885E8	20.41271347248577
3.0733134E8	50.62440419447093
3.07332388E8	1.6466093600764087
3.073334315E8	0.23653846153846153
3.073344645E8	0.3508771929824561
3.073354855E8	3.248031496062992
3.073365005E8	1.7820512820512822
3.07337512E8	0.27651139742319125
3.07338521E8	0.0
3.07339524E8	9.851554663991976
3.073405195E8	0.0
3.073415095E8	0.0821501014198783
3.073424955E8	0.0
3.07343481E8	0.0
3.07344466E8	5.786802030456853
3.07345449E8	0.8246687054026504
3.0734643E8	0.0
3.073474095E8	0.0
3.073483845E8	0.03909465020576132
3.073493565E8	0.0
3.07350326E8	1.7838676318510858
3.073512895E8	0.0
3.07352248E8	0.0
3.07353193E8	17.502679528403
3.07354126E8	0.10503751339764202
3.073550565E8	0.17672413793103448
3.073559835E8	0.40280777537796975
3.073569075E8	0.0
3.073578275E8	0.36492374727668847
3.073587445E8	0.0
3.07359658E8	0.09220636663007684
3.07360568E8	5.921892189218922
3.07361477E8	0.17491749174917492
3.073623815E8	0.03666666666666667
3.0736328E8	0.0
3.073641745E8	0.0
3.073650655E8	1.0258426966292136
3.07365955E8	0.13160854893138357
3.073668425E8	0.0
3.07367728E8	0.04293785310734463
3.07368608E8	0.0
3.073694805E8	0.42298850574712643
3.0737035E8	25.52934407364787
3.073712185E8	0.05069124423963134
3.07372084E8	6.538818076477404
3.073729445E8	0.0
3.07373801E8	13.516959064327486
3.07374652E8	0.08146399055489964
3.07375497E8	66.11150652431792
3.07376337E8	3.4850657108721625
3.07377173E8	2.0922155688622754
3.073780065E8	8.522836538461538
3.07378836E8	0.0
3.073796625E8	0.08958837772397095
3.07380485E8	13.412698412698413
3.073812975E8	1.5521091811414391
3.073821025E8	1.2823383084577114
3.073829055E8	0.14962593516209477
3.07383704E8	0.0
3.073844975E8	3.3636363636363638
3.073852875E8	0.11294416243654823
3.07386072E8	22.42381562099872
3.07386853E8	0.0
3.073876335E8	0.09230769230769231
3.07388411E8	3.8825806451612905
3.073891845E8	0.05181347150259067
3.073899525E8	2.242146596858639
3.073907155E8	0.8884514435695539
3.073914765E8	0.6236842105263158
3.073922355E8	0.047493403693931395
3.07392992E8	0.11788079470198676
3.073937465E8	0.21220159151193635
3.073944975E8	0.12032085561497326
3.073952445E8	0.0
3.073959905E8	0.10857908847184987
3.073967355E8	0.0
3.073974755E8	0.07201086956521739
3.073982085E8	36.705479452054796
3.07398938E8	0.0
3.07399665E8	0.0
3.074003845E8	0.1568627450980392
3.074010975E8	0.05898876404494382
3.07401809E8	0.14486638537271448
3.074025195E8	0.5183098591549296
3.074032295E8	0.2028169014084507
3.074039365E8	0.18892045454545456
3.0740464E8	0.0
3.0740534E8	0.03299856527977044
3.074060365E8	0.21408045977011494
3.07406728E8	6.197962154294032
3.07407414E8	0.0
3.07408095E8	0.0
3.07408771E8	0.0
3.074094455E8	0.0771513353115727
3.07410119E8	0.20802377414561665
3.07410791E8	0.0
3.074114535E8	0.0
3.074121015E8	0.0
3.07412743E8	6.102964118564743
3.07413383E8	0.0
3.07414021E8	0.0
3.07414658E8	1.0753532182103611
3.07415294E8	0.0
3.074159275E8	0.0
3.074165575E8	0.1624203821656051
3.07417184E8	0.104
3.074178075E8	0.0
3.074184285E8	0.06774193548387097
3.07419046E8	0.3300813008130081
3.074196585E8	0.0
3.07420267E8	3.214168039538715
3.07420871E8	0.2113144758735441
3.07421472E8	0.0
3.074220725E8	3.9
3.07422671E8	0.0
3.074232665E8	0.0
3.074238595E8	0.28209459459459457
3.074244515E8	0.06925675675675676
3.07425042E8	13.860780984719865
3.074256305E8	0.34523809523809523
3.074262165E8	0.3356164383561644
3.074268005E8	0.9794520547945206
3.074273815E8	0.0657439446366782
3.074279595E8	30.7439446366782
3.07428537E8	0.0
3.07429113E8	0.5043478260869565
3.074296855E8	0.0
3.07430254E8	0.8677248677248677
3.07430819E8	0.3285968028419183
3.074313815E8	0.06761565836298933
3.074319415E8	0.0
3.07432497E8	0.7106690777576854
3.074330485E8	0.0
3.074335975E8	0.0
3.074341455E8	30.919708029197082
3.07434693E8	0.0
3.0743524E8	0.0
3.074357865E8	0.8223443223443223
3.074363325E8	0.3076923076923077
3.07436878E8	0.0
3.07437422E8	0.07918968692449356
3.07437964E8	0.10351201478743069
3.07438504E8	5.716141001855288
3.074390425E8	376.67843866171006
3.07439579E8	0.0
3.074401125E8	0.0
3.07440644E8	0.815442561205273
3.07441174E8	3.6483931947069945
3.074417025E8	0.0
3.07442227E8	0.18618042226487524
3.07442747E8	0.0
3.07443264E8	500.2873786407767
3.074437785E8	0.08949416342412451
3.0744429E8	0.10805500982318271
3.07444798E8	1.8895463510848127
3.074453045E8	0.0
3.0744581E8	0.07524752475247524
3.074463125E8	0.778
3.07446812E8	346.80360721442884
3.074473085E8	0.08502024291497975
3.074478015E8	0.0
3.074482925E8	0.0
3.074487815E8	0.0
3.07449269E8	0.30390143737166325
3.074497555E8	0.24279835390946503
3.07450239E8	0.0
3.0745072E8	0.0
3.07451198E8	0.0
3.074516695E8	0.24358974358974358
3.074521375E8	0.0
3.074526035E8	0.0
3.07453067E8	1.0907127429805616
3.07453528E8	0.0
3.07453982E8	0.08463251670378619
3.074544305E8	0.0
3.074548775E8	0.0
3.07455321E8	0.47619047619047616
3.074557615E8	0.125
3.07456201E8	0.08656036446469248
3.07456637E8	0.0
3.0745707E8	0.0
3.07457503E8	0.0
3.07457932E8	0.0
3.07458353E8	3.470023980815348
3.0745877E8	0.0
3.07459185E8	0.0
3.074595975E8	0.5752427184466019
3.07460009E8	0.0
3.07460419E8	0.0
3.074608275E8	1.2647058823529411
3.07461234E8	0.2518518518518518
3.07461637E8	0.0
3.07462037E8	0.0
3.07462436E8	0.0
3.074628295E8	0.0
3.074632175E8	0.11597938144329897
3.07463604E8	3.038961038961039
3.074639885E8	0.0
3.074643725E8	0.0
3.07464756E8	2.0130548302872064
3.074651385E8	3.9476439790575917
3.0746552E8	0.0
3.074659E8	0.0
3.074662785E8	0.0
3.07466655E8	17.848
3.07467028E8	0.0
3.07467397E8	0.3542234332425068
3.07467764E8	0.46321525885558584
3.074681295E8	0.0
3.074684925E8	0.0
3.074688535E8	4.7444444444444445
3.074692125E8	2.6927374301675977
3.07469565E8	102.37752161383285
3.0746991E8	0.20699708454810495
3.07470252E8	0.0
3.074705915E8	0.0
3.07470929E8	0.0
3.07471266E8	0.0
3.07471601E8	0.0
3.07471933E8	2.9697885196374623
3.074722625E8	0.0
3.0747259E8	0.09480122324159021
3.07472917E8	0.0
3.074732435E8	0.0
3.07473569E8	0.0
3.07473894E8	0.8523076923076923
3.07474218E8	0.0
3.07474541E8	0.0
3.07474863E8	0.0
3.074751825E8	0.0
3.074754995E8	0.0
3.074758155E8	0.0
3.0747613E8	1.5079872204472844
3.074764425E8	0.0
3.074767535E8	0.0
3.07477063E8	1.2621359223300972
3.07477372E8	0.0
3.074776785E8	0.23026315789473684
3.074779805E8	0.0
3.0747828E8	0.0
3.074785785E8	0.0
3.07478873E8	0.0
3.074791635E8	9.568965517241379
3.074794525E8	0.0
3.07479739E8	0.0
3.07480024E8	0.0
3.074803065E8	0.0
3.074805865E8	0.0
3.07480866E8	0.0
3.07481141E8	0.14760147601476015
3.07481412E8	0.3505535055350554
3.074816825E8	1.025925925925926
3.0748195E8	0.0
3.07482213E8	0.0
3.074824735E8	0.0
3.074827325E8	0.15503875968992248
3.074829885E8	0.15748031496062992
3.074832415E8	1.3134920634920635
3.074834925E8	0.136
3.07483741E8	0.0
3.07483986E8	0.0
3.07484227E8	0.0
3.07484466E8	0.0
3.07484705E8	0.0
3.07484943E8	0.0
3.074851795E8	0.0
3.074854115E8	0.0
3.07485639E8	0.2290748898678414
3.074858655E8	1.7566371681415929
3.074860915E8	0.0
3.074863175E8	0.0
3.07486542E8	0.0
3.07486762E8	0.0
3.074869785E8	0.0
3.074871945E8	0.30092592592592593
3.07487409E8	0.0
3.07487621E8	0.0
3.0748783E8	0.0
3.074880335E8	0.0
3.07488232E8	0.0
3.07488428E8	0.0
3.074886225E8	1.0051546391752577
3.0748881E8	0.0
3.07488991E8	0.0
3.07489172E8	0.0
3.07489351E8	0.0
3.074895275E8	0.0
3.07489703E8	0.0
3.07489878E8	0.0
3.07490053E8	0.0
3.074902265E8	0.0
3.07490395E8	0.0
3.074905575E8	0.0
3.074907135E8	0.0
3.07490864E8	0.0
3.07491012E8	0.0
3.074911565E8	0.0
3.07491297E8	0.4676258992805755
3.074914355E8	0.0
3.074915695E8	0.0
3.074916995E8	0.0
3.074918285E8	0.0
3.074919565E8	0.296875
3.07492084E8	0.0
3.07492211E8	0.0
3.07492338E8	0.0
3.074924645E8	0.0
3.074925885E8	0.0
3.074927095E8	0.0
3.074928275E8	0.0
3.074929365E8	0.0
3.074930385E8	0.0
3.074931395E8	0.0
3.07493239E8	0.0
3.07493338E8	0.0
3.07493436E8	0.0
3.07493525E8	0.0
3.074936035E8	0.0
3.07493678E8	0.0
3.074937455E8	0.0
3.07493806E8	0.0
