#Insert size (bp)	insert size
2.0	1216.0
3.0	1199.0
4.0	1257.0
5.0	1187.0
6.0	1207.0
7.0	1274.0
8.0	1221.0
9.0	1259.0
10.0	1253.0
11.0	1282.0
12.0	1299.0
13.0	1301.0
14.0	1439.0
15.0	1467.0
16.0	1500.0
17.0	1531.0
18.0	1567.0
19.0	94986.0
20.0	50328.0
21.0	23518.0
22.0	12187.0
23.0	7145.0
24.0	4992.0
25.0	4573.0
26.0	4237.0
27.0	3729.0
28.0	3481.0
29.0	3348.0
30.0	3363.0
31.0	3402.0
32.0	3512.0
33.0	3519.0
34.0	3403.0
35.0	3839.0
36.0	3513.0
37.0	3555.0
38.0	3767.0
39.0	3684.0
40.0	3898.0
41.0	3780.0
42.0	3791.0
43.0	3969.0
44.0	4262.0
45.0	4015.0
46.0	4017.0
47.0	4300.0
48.0	4215.0
49.0	4316.0
50.0	4535.0
51.0	4583.0
52.0	4689.0
53.0	4574.0
54.0	4707.0
55.0	4808.0
56.0	4993.0
57.0	5424.0
58.0	4818.0
59.0	5040.0
60.0	5229.0
61.0	5137.0
62.0	5281.0
63.0	5272.0
64.0	5443.0
65.0	5654.0
66.0	5804.0
67.0	6834.0
68.0	6266.0
69.0	6451.0
70.0	6853.0
71.0	7081.0
72.0	7151.0
73.0	7274.0
74.0	7519.0
75.0	7605.0
76.0	7656.0
77.0	7743.0
78.0	7604.0
79.0	7948.0
80.0	7996.0
81.0	8159.0
82.0	8500.0
83.0	8636.0
84.0	8543.0
85.0	8545.0
86.0	8802.0
87.0	8981.0
88.0	9366.0
89.0	9227.0
90.0	9584.0
91.0	9566.0
92.0	9868.0
93.0	9768.0
94.0	10213.0
95.0	10351.0
96.0	10488.0
97.0	10661.0
98.0	11151.0
99.0	11302.0
100.0	11285.0
101.0	11733.0
102.0	11769.0
103.0	12006.0
104.0	12426.0
105.0	12420.0
106.0	12959.0
107.0	13308.0
108.0	13335.0
109.0	13651.0
110.0	14387.0
111.0	14749.0
112.0	15193.0
113.0	16115.0
114.0	16752.0
115.0	17583.0
116.0	19134.0
117.0	21655.0
118.0	45824.0
119.0	47872.0
120.0	49208.0
121.0	50626.0
122.0	52011.0
123.0	53512.0
124.0	54268.0
125.0	55302.0
126.0	56381.0
127.0	57886.0
128.0	58932.0
129.0	60255.0
130.0	61867.0
131.0	63830.0
132.0	65165.0
133.0	66406.0
134.0	66861.0
135.0	68119.0
136.0	69097.0
137.0	70377.0
138.0	71717.0
139.0	72959.0
140.0	74685.0
141.0	76724.0
142.0	77659.0
143.0	79284.0
144.0	80036.0
145.0	81148.0
146.0	81967.0
147.0	82688.0
148.0	83584.0
149.0	84567.0
150.0	85638.0
151.0	86843.0
152.0	87452.0
153.0	88317.0
154.0	89109.0
155.0	89812.0
156.0	90342.0
157.0	91013.0
158.0	91878.0
159.0	91745.0
160.0	91984.0
161.0	93302.0
162.0	93875.0
163.0	94100.0
164.0	94035.0
165.0	94032.0
166.0	94536.0
167.0	94848.0
168.0	96110.0
169.0	96263.0
170.0	96339.0
171.0	96240.0
172.0	97186.0
173.0	98083.0
174.0	97490.0
175.0	98047.0
176.0	97823.0
177.0	97537.0
178.0	97635.0
179.0	97435.0
180.0	96833.0
181.0	97471.0
182.0	96555.0
183.0	96686.0
184.0	96700.0
185.0	95566.0
186.0	95436.0
187.0	95539.0
188.0	95591.0
189.0	94596.0
190.0	94371.0
191.0	94612.0
192.0	94097.0
193.0	93223.0
194.0	93294.0
195.0	92995.0
196.0	91723.0
197.0	92281.0
198.0	91547.0
199.0	91513.0
200.0	91104.0
201.0	90079.0
202.0	90160.0
203.0	89662.0
204.0	88871.0
205.0	88837.0
206.0	88223.0
207.0	87510.0
208.0	87003.0
209.0	86788.0
210.0	85999.0
211.0	85492.0
212.0	84815.0
213.0	84422.0
214.0	83666.0
215.0	83226.0
216.0	83228.0
217.0	81947.0
218.0	82266.0
219.0	81729.0
220.0	80754.0
221.0	80075.0
222.0	80081.0
223.0	79404.0
224.0	78128.0
225.0	77803.0
226.0	77362.0
227.0	77607.0
228.0	76236.0
229.0	75435.0
230.0	75360.0
231.0	75191.0
232.0	74756.0
233.0	74053.0
234.0	73111.0
235.0	72995.0
236.0	72721.0
237.0	71450.0
238.0	70995.0
239.0	71001.0
240.0	69832.0
241.0	69841.0
242.0	69558.0
243.0	68827.0
244.0	68299.0
245.0	68547.0
246.0	67486.0
247.0	67839.0
248.0	66662.0
249.0	66369.0
250.0	66110.0
251.0	66200.0
252.0	65102.0
253.0	64528.0
254.0	63731.0
255.0	63809.0
256.0	63355.0
257.0	62891.0
258.0	62991.0
259.0	62641.0
260.0	62025.0
261.0	61467.0
262.0	60620.0
263.0	60499.0
264.0	60719.0
265.0	59749.0
266.0	59452.0
267.0	59391.0
268.0	59326.0
269.0	58792.0
270.0	58403.0
271.0	58202.0
272.0	57882.0
273.0	57315.0
274.0	57439.0
275.0	56382.0
276.0	56056.0
277.0	55761.0
278.0	56115.0
279.0	55652.0
280.0	55334.0
281.0	54994.0
282.0	54607.0
283.0	54819.0
284.0	54003.0
285.0	53639.0
286.0	53900.0
287.0	53732.0
288.0	53196.0
289.0	53111.0
290.0	52945.0
291.0	52002.0
292.0	52294.0
293.0	52428.0
294.0	51666.0
295.0	51458.0
296.0	51694.0
297.0	51089.0
298.0	50924.0
299.0	51053.0
300.0	50941.0
301.0	50306.0
302.0	50707.0
303.0	49906.0
304.0	49874.0
305.0	49498.0
306.0	49728.0
307.0	49154.0
308.0	49055.0
309.0	48571.0
310.0	48456.0
311.0	48487.0
312.0	48413.0
313.0	47738.0
314.0	48365.0
315.0	47881.0
316.0	47641.0
317.0	47766.0
318.0	47455.0
319.0	47408.0
320.0	47203.0
321.0	47136.0
322.0	46308.0
323.0	46399.0
324.0	46614.0
325.0	46528.0
326.0	46303.0
327.0	45909.0
328.0	46022.0
329.0	45908.0
330.0	45362.0
331.0	45274.0
332.0	45399.0
333.0	45053.0
334.0	44978.0
335.0	44962.0
336.0	44676.0
337.0	45003.0
338.0	44631.0
339.0	44461.0
340.0	44598.0
341.0	44520.0
342.0	44169.0
343.0	44233.0
344.0	43545.0
345.0	43789.0
346.0	44138.0
347.0	43539.0
348.0	43524.0
349.0	43497.0
350.0	43368.0
351.0	43728.0
352.0	43106.0
353.0	43263.0
354.0	42988.0
355.0	43454.0
356.0	43500.0
357.0	43278.0
358.0	43513.0
359.0	42915.0
360.0	43022.0
361.0	43193.0
362.0	43089.0
363.0	43311.0
364.0	43578.0
365.0	43235.0
366.0	43013.0
367.0	43267.0
368.0	43387.0
369.0	43386.0
370.0	43398.0
371.0	43873.0
372.0	43950.0
373.0	44459.0
374.0	44109.0
375.0	44481.0
376.0	44513.0
377.0	44433.0
378.0	44701.0
379.0	44590.0
380.0	44503.0
381.0	45236.0
382.0	45361.0
383.0	45667.0
384.0	45653.0
385.0	45910.0
386.0	46262.0
387.0	46289.0
388.0	46542.0
389.0	46939.0
390.0	46958.0
391.0	47590.0
392.0	47676.0
393.0	48461.0
394.0	48633.0
395.0	49004.0
396.0	49330.0
397.0	48993.0
398.0	49638.0
399.0	50365.0
400.0	50191.0
401.0	50821.0
402.0	51132.0
403.0	51505.0
404.0	51765.0
405.0	52585.0
406.0	52499.0
407.0	52871.0
408.0	53914.0
409.0	54205.0
410.0	54386.0
411.0	54654.0
412.0	55733.0
413.0	55936.0
414.0	55904.0
415.0	56921.0
416.0	57069.0
417.0	57819.0
418.0	58181.0
419.0	58593.0
420.0	59300.0
421.0	59461.0
422.0	60558.0
423.0	60042.0
424.0	60360.0
425.0	61231.0
426.0	61516.0
427.0	61782.0
428.0	62269.0
429.0	62720.0
430.0	63001.0
431.0	62927.0
432.0	63855.0
433.0	63363.0
434.0	63864.0
435.0	64178.0
436.0	64904.0
437.0	64554.0
438.0	65253.0
439.0	65235.0
440.0	65511.0
441.0	65960.0
442.0	66126.0
443.0	66127.0
444.0	66039.0
445.0	66893.0
446.0	67402.0
447.0	66987.0
448.0	67134.0
449.0	67950.0
450.0	67167.0
451.0	67968.0
452.0	68326.0
453.0	68302.0
454.0	68309.0
455.0	69161.0
456.0	69024.0
457.0	69045.0
458.0	69552.0
459.0	69814.0
460.0	69956.0
461.0	70035.0
462.0	70717.0
463.0	70800.0
464.0	71075.0
465.0	71270.0
466.0	71497.0
467.0	71681.0
468.0	72476.0
469.0	72137.0
470.0	72256.0
471.0	72457.0
472.0	72858.0
473.0	73346.0
474.0	72892.0
475.0	73640.0
476.0	73980.0
477.0	74455.0
478.0	73930.0
479.0	74295.0
480.0	74515.0
481.0	74566.0
482.0	74643.0
483.0	74939.0
484.0	75580.0
485.0	76134.0
486.0	75686.0
487.0	75629.0
488.0	76507.0
489.0	75833.0
490.0	76463.0
491.0	75699.0
492.0	76119.0
493.0	75941.0
494.0	75928.0
495.0	75758.0
496.0	75565.0
497.0	74868.0
498.0	74636.0
499.0	74854.0
500.0	74579.0
501.0	74684.0
502.0	73487.0
503.0	73092.0
504.0	73367.0
505.0	72857.0
506.0	73203.0
507.0	72868.0
508.0	72990.0
509.0	71932.0
510.0	72183.0
511.0	72107.0
512.0	71258.0
513.0	71962.0
514.0	70841.0
515.0	70790.0
516.0	70499.0
517.0	70461.0
518.0	69427.0
519.0	69320.0
520.0	68551.0
521.0	68488.0
522.0	67688.0
523.0	67092.0
524.0	67453.0
525.0	66599.0
526.0	65833.0
527.0	65424.0
528.0	64721.0
529.0	63774.0
530.0	62873.0
531.0	62338.0
532.0	61350.0
533.0	61070.0
534.0	60214.0
535.0	59594.0
536.0	58763.0
537.0	57530.0
538.0	56229.0
539.0	55727.0
540.0	54476.0
541.0	53606.0
542.0	53114.0
543.0	51522.0
544.0	50499.0
545.0	49388.0
546.0	48907.0
547.0	48014.0
548.0	46520.0
549.0	45567.0
550.0	44388.0
551.0	43311.0
552.0	42254.0
553.0	41384.0
554.0	39910.0
555.0	39110.0
556.0	38190.0
557.0	37233.0
558.0	35611.0
559.0	35091.0
560.0	33950.0
561.0	32906.0
562.0	31907.0
563.0	30930.0
564.0	30052.0
565.0	29239.0
566.0	28126.0
567.0	26856.0
568.0	26505.0
569.0	24965.0
570.0	24454.0
571.0	23527.0
572.0	22739.0
573.0	21801.0
574.0	20925.0
575.0	20308.0
576.0	19585.0
577.0	18857.0
578.0	18069.0
579.0	17485.0
580.0	16621.0
581.0	16084.0
582.0	15114.0
583.0	14609.0
584.0	13856.0
585.0	13346.0
586.0	12893.0
587.0	12119.0
588.0	11672.0
589.0	10941.0
590.0	10455.0
591.0	10245.0
592.0	9646.0
593.0	9097.0
594.0	8640.0
595.0	8375.0
596.0	7951.0
597.0	7412.0
598.0	6902.0
599.0	6563.0
600.0	6339.0
601.0	5968.0
602.0	5643.0
603.0	5403.0
604.0	4840.0
605.0	4771.0
606.0	4541.0
607.0	4234.0
608.0	4044.0
609.0	3975.0
610.0	3810.0
611.0	3612.0
612.0	3368.0
613.0	3396.0
614.0	3307.0
615.0	3043.0
616.0	3066.0
617.0	2911.0
618.0	2827.0
619.0	2770.0
620.0	2681.0
621.0	2568.0
622.0	2570.0
623.0	2450.0
624.0	2360.0
625.0	2432.0
626.0	2273.0
627.0	2364.0
628.0	2294.0
629.0	2243.0
630.0	2210.0
631.0	2211.0
632.0	2085.0
633.0	2214.0
634.0	2107.0
635.0	2138.0
636.0	1970.0
637.0	1969.0
638.0	2016.0
639.0	2005.0
640.0	1928.0
641.0	1917.0
642.0	1907.0
643.0	1915.0
644.0	1963.0
645.0	1893.0
646.0	1910.0
647.0	1851.0
648.0	1829.0
649.0	1883.0
650.0	1856.0
651.0	1854.0
652.0	1832.0
653.0	1848.0
654.0	1861.0
655.0	1787.0
656.0	1752.0
657.0	1728.0
658.0	1814.0
659.0	1727.0
660.0	1725.0
661.0	1643.0
662.0	1688.0
663.0	1680.0
664.0	1743.0
665.0	1681.0
666.0	1711.0
667.0	1727.0
668.0	1654.0
669.0	1726.0
670.0	1629.0
671.0	1657.0
672.0	1641.0
673.0	1615.0
674.0	1654.0
675.0	1628.0
676.0	1524.0
677.0	1573.0
678.0	1495.0
679.0	1547.0
680.0	1511.0
681.0	1479.0
682.0	1417.0
683.0	1509.0
684.0	1442.0
685.0	1382.0
686.0	1442.0
687.0	1337.0
688.0	1413.0
689.0	1379.0
690.0	1435.0
691.0	1410.0
692.0	1330.0
693.0	1290.0
694.0	1361.0
695.0	1326.0
696.0	1354.0
697.0	1325.0
698.0	1318.0
699.0	1383.0
700.0	1340.0
701.0	1355.0
702.0	1292.0
703.0	1306.0
704.0	1300.0
705.0	1307.0
706.0	1311.0
707.0	1267.0
708.0	1307.0
709.0	1350.0
710.0	1326.0
711.0	1312.0
712.0	1273.0
713.0	1247.0
714.0	1224.0
715.0	1226.0
716.0	1227.0
717.0	1208.0
718.0	1235.0
719.0	1186.0
720.0	1219.0
721.0	1141.0
722.0	1250.0
723.0	1176.0
724.0	1210.0
725.0	1203.0
726.0	1167.0
727.0	1168.0
728.0	1224.0
729.0	1165.0
730.0	1212.0
731.0	1228.0
732.0	1157.0
733.0	1135.0
734.0	1172.0
735.0	1162.0
736.0	1157.0
737.0	1150.0
738.0	1116.0
739.0	1103.0
740.0	1150.0
741.0	1101.0
742.0	1140.0
743.0	1106.0
744.0	1127.0
745.0	1086.0
746.0	1116.0
747.0	1067.0
748.0	1029.0
749.0	1088.0
750.0	965.0
751.0	978.0
752.0	969.0
753.0	953.0
754.0	998.0
755.0	1047.0
756.0	980.0
757.0	932.0
758.0	923.0
759.0	939.0
760.0	1025.0
761.0	958.0
762.0	938.0
763.0	998.0
764.0	942.0
765.0	936.0
766.0	859.0
767.0	874.0
768.0	897.0
769.0	957.0
770.0	977.0
771.0	977.0
772.0	917.0
773.0	916.0
774.0	981.0
775.0	878.0
776.0	933.0
777.0	929.0
778.0	867.0
779.0	879.0
780.0	876.0
781.0	925.0
782.0	933.0
783.0	862.0
784.0	916.0
785.0	855.0
786.0	870.0
787.0	848.0
788.0	897.0
789.0	867.0
790.0	882.0
791.0	838.0
792.0	921.0
793.0	877.0
794.0	870.0
795.0	900.0
796.0	867.0
797.0	912.0
798.0	844.0
799.0	859.0
800.0	867.0
801.0	797.0
802.0	900.0
803.0	784.0
804.0	827.0
805.0	776.0
806.0	844.0
807.0	814.0
808.0	785.0
809.0	786.0
810.0	769.0
811.0	696.0
812.0	695.0
813.0	723.0
814.0	753.0
815.0	723.0
816.0	707.0
817.0	675.0
818.0	702.0
819.0	706.0
820.0	720.0
821.0	704.0
822.0	737.0
823.0	697.0
824.0	718.0
825.0	756.0
826.0	713.0
827.0	736.0
828.0	668.0
829.0	689.0
830.0	661.0
831.0	682.0
832.0	681.0
833.0	700.0
834.0	641.0
835.0	708.0
836.0	672.0
837.0	706.0
838.0	665.0
839.0	688.0
840.0	676.0
841.0	706.0
842.0	713.0
843.0	711.0
844.0	646.0
845.0	681.0
846.0	666.0
847.0	629.0
848.0	660.0
849.0	635.0
850.0	633.0
851.0	663.0
852.0	638.0
853.0	665.0
854.0	701.0
855.0	655.0
856.0	666.0
857.0	596.0
858.0	644.0
859.0	615.0
860.0	634.0
861.0	613.0
862.0	598.0
863.0	551.0
864.0	591.0
865.0	542.0
866.0	542.0
867.0	579.0
868.0	556.0
869.0	597.0
870.0	555.0
871.0	549.0
872.0	579.0
873.0	542.0
874.0	600.0
875.0	531.0
876.0	589.0
877.0	531.0
878.0	484.0
879.0	566.0
880.0	558.0
881.0	539.0
882.0	532.0
883.0	580.0
884.0	556.0
885.0	561.0
886.0	510.0
887.0	549.0
888.0	570.0
889.0	509.0
890.0	503.0
891.0	517.0
892.0	530.0
893.0	544.0
894.0	502.0
895.0	539.0
896.0	521.0
897.0	549.0
898.0	542.0
899.0	511.0
900.0	542.0
901.0	509.0
902.0	510.0
903.0	539.0
904.0	494.0
905.0	547.0
906.0	522.0
907.0	471.0
908.0	459.0
909.0	488.0
910.0	509.0
911.0	476.0
912.0	497.0
913.0	442.0
914.0	432.0
915.0	456.0
916.0	464.0
917.0	500.0
918.0	416.0
919.0	496.0
920.0	485.0
921.0	485.0
922.0	436.0
923.0	471.0
924.0	461.0
925.0	449.0
926.0	419.0
927.0	457.0
928.0	454.0
929.0	445.0
930.0	433.0
931.0	429.0
932.0	389.0
933.0	462.0
934.0	453.0
