#Position (bp)	insert size
384368.0	1396.762869539962
1153103.0	957.4786380998154
1921838.0	622.2571132872835
2690573.0	544.4618275930158
3459308.0	515.6940839647958
4228043.0	457.87588434925095
4996778.0	435.50889361139
5765513.0	352.0014865478405
6534248.0	427.5265871911433
7302983.0	381.24567594347
8071718.0	368.97122490353803
8840453.0	363.947043100568
9609188.0	336.62913468010186
1.0377923E7	353.9949805011777
1.0801324E7	330.97221358216694
1.11856915E7	454.3233803492708
1.1915393E7	594.6047084041016
1.2684128E7	476.3241414575583
1.3452863E7	485.6354877414132
1.4221598E7	425.3924008914278
1.4990333E7	560.7726204637911
1.5759068E7	442.6438492877259
1.6527803E7	350.40976554565765
1.7296538E7	414.94548901363794
1.8065273E7	392.6716047389348
1.8834008E7	382.9024126930215
1.9602743E7	394.308877366008
2.018777E7	336.5840931246058
2.05721375E7	2565.4835318850737
2.1140213E7	1745.3140260750322
2.1908948E7	1227.7321121842706
2.2677683E7	470.88773613598727
2.3446418E7	686.6943097469302
2.4215153E7	464.5460083163273
2.4983888E7	374.0173098088917
2.5752623E7	426.64516520812106
2.6521358E7	346.75391489361704
2.7290093E7	352.6350484025389
2.8058828E7	333.0488912231559
2.86485735E7	334.10307824717535
2.9032941E7	621.0892033562392
2.9596298E7	535.6586812981084
3.0365033E7	467.8554228439316
3.1133768E7	335.2491451695913
3.1902503E7	400.4669364300972
3.2671238E7	382.8396457316786
3.3439973E7	360.2053591071088
3.4208708E7	355.6462504531743
3.4977443E7	336.08538126667605
3.5659712E7	336.3631241343141
3.60440795E7	474.7718114515978
3.6514913E7	563.4567738602609
3.7283648E7	543.0188961977069
3.8052383E7	498.94278209963574
3.8821118E7	376.09951135624857
3.9589853E7	392.24820132483916
4.0358588E7	387.5694125221792
4.1127323E7	347.4769210480042
4.1896058E7	352.0796298159139
4.2664793E7	334.0724748941821
4.3049519E7	140.39009287925697
4.34338865E7	1017.9854105736783
4.4202263E7	2080.9989417340225
4.4970998E7	1232.0413282595937
4.5739733E7	1038.4382847382458
4.6508468E7	2353.684524176733
4.7277203E7	689.7760267355117
4.8045938E7	397.3736642994624
4.8668911E7	313.71952227456813
4.90532785E7	416.86652159721467
4.9583408E7	420.6291365940584
5.0352143E7	365.03586724159317
5.1120878E7	347.12019339419135
5.1889613E7	367.27878021534735
5.2658348E7	361.18751144881554
5.3427083E7	338.08747899976396
5.38687855E7	334.42507960292187
5.4253153E7	2283.4081810640064
5.4964553E7	2903.6379008064832
5.5733288E7	1220.2333588370313
5.6502023E7	678.7036098900201
5.7270758E7	525.9326497836217
5.8039493E7	341.6218851975477
5.85039505E7	329.2729458296173
5.8888318E7	1094.691457868543
5.9576963E7	670.3088858257128
6.0345698E7	990.1209110819098
6.1114433E7	333.13567621635343
6.1883168E7	400.66911669051643
6.2651903E7	375.18417110414543
6.3087631E7	328.1977476386534
6.34719985E7	984.6572646441773
6.4189373E7	633.0292395154839
6.4958108E7	637.8857327010727
6.5726843E7	423.4635570911484
6.6495578E7	351.43561117936116
6.7140034E7	337.9307529952201
6.75244015E7	424.8200372336758
6.8033048E7	448.07057805685133
6.8801783E7	383.9489843328935
6.9570518E7	371.6779065171718
7.0339253E7	346.4179358107025
7.11040115E7	335.6840337457523
7.1488379E7	342.7805676855895
7.1876723E7	466.0551363683113
7.2645458E7	341.94418327532713
7.3414193E7	346.3843534079841
7.4182928E7	352.4475585070493
7.4951663E7	342.67779968184135
7.5358208E7	339.4642732659463
7.57425755E7	1311.8733994320164
7.6489133E7	798.8992889664527
7.7257868E7	588.9060165853085
7.8026603E7	432.8819176006682
7.8795338E7	352.1641602462404
7.92080895E7	338.56899122080506
7.9592457E7	1187.9558258269917
8.0332808E7	1104.3596692524507
8.1101543E7	409.77437076176216
8.1870278E7	455.96887511965167
8.26063115E7	370.163424066191
8.2990679E7	1123.9243027888447
8.3407748E7	567.6930457441521
8.4176483E7	558.4408925350967
8.4945218E7	501.16346471041015
8.5713953E7	346.8610958825057
8.6362088E7	352.138889512562
8.67464555E7	398.5368386887374
8.7251423E7	462.81452314715744
8.8020158E7	462.1562582053869
8.8788893E7	433.5250182857903
8.9557628E7	530.6973909539639
9.0098611E7	323.61840066122534
9.04829785E7	1231.3400820410827
9.1095098E7	444.9329073214151
9.1863833E7	582.3900976816334
9.2632568E7	448.1840655249442
9.3401303E7	382.48456800289864
9.38242175E7	337.3608907089839
9.4208585E7	1014.7638580506853
9.4938773E7	564.3761281254624
9.5707508E7	757.8091245572374
9.6476243E7	364.4134949963585
9.71220675E7	425.0446836084972
9.7506435E7	1119.1430568499534
9.8013713E7	506.67342260827604
9.8782448E7	464.2441565756125
9.9551183E7	431.3999764025721
1.00269334E8	382.5757149451564
1.006537015E8	1292.4321581196582
1.01088653E8	567.3221970717171
1.01857388E8	392.96850012732364
1.02626123E8	350.3952107112776
1.033545365E8	335.3961467928146
1.03738904E8	336.4385449615906
1.04163593E8	488.78191680806214
1.04932328E8	686.6271337551917
1.05701063E8	391.96702400372874
1.06347158E8	350.8713395928233
1.067315255E8	1296.5462428768626
1.07238533E8	608.4976874623753
1.08007268E8	395.21501554156373
1.08776003E8	354.62790779849473
1.09309377E8	351.2362188648428
1.096937445E8	336.8438530126993
1.10313473E8	373.26978795561826
1.11082208E8	338.638080202084
1.11850943E8	338.457118060416
1.12235708E8	60.333333333333336
1.126200755E8	809.837480642922
1.13388413E8	436.6485640330334
1.14157148E8	361.5867006359363
1.147696095E8	342.74078633530814
1.15153977E8	395.7391860335817
1.15694618E8	403.9111072817685
1.16463353E8	352.0596885813149
1.17232088E8	343.9037630074747
1.17668795E8	336.78359244863964
1.180531625E8	340.5056039528958
1.18769558E8	367.6247906084055
1.19538293E8	336.01617753662197
1.2014897E8	339.2362248617126
1.205333375E8	709.5171585544298
1.21075763E8	493.0924729672799
1.21844498E8	336.6558398246742
1.225916085E8	336.2264611209746
1.22975976E8	340.08166380461745
1.23381968E8	370.2920973657886
1.24150703E8	392.73102421484356
1.24919438E8	364.06321628071646
1.253769895E8	324.84651323758436
1.25761357E8	517.7817028395142
1.26456908E8	373.2348760470429
1.27225643E8	332.7318980641708
1.277254535E8	351.88693985849056
1.28109821E8	487.83607853769854
1.28763113E8	458.3361503044705
1.29531848E8	341.6467336485938
1.300272615E8	343.5667642843791
1.30411629E8	448.97628081107564
1.31069318E8	371.4194438456564
1.31838053E8	336.115668720912
1.322676755E8	330.022329333071
1.32652043E8	363.87076617612706
1.33375523E8	341.03518984623827
1.34030498E8	327.10903614457834
1.344148655E8	672.7697443181818
1.34912993E8	470.19691071028456
1.35681728E8	350.57097098263034
1.361569665E8	327.9579911833348
1.36541334E8	356.3307554519348
1.37219198E8	395.5523662628847
1.37895604E8	328.3693399846508
1.382799715E8	905.8820500538858
1.38756668E8	359.1913894405826
1.39525403E8	336.39654254703663
1.400102465E8	321.0433218522771
1.40394614E8	401.9275767990646
1.41062873E8	359.1194150161216
1.417121025E8	335.0376333266251
1.4209647E8	338.9822137657181
1.42600343E8	355.7600533310395
1.43369078E8	352.5148762453195
1.437831155E8	346.92504835589943
1.44167483E8	558.0234752842158
1.44906548E8	394.6425767265006
1.45465214E8	353.08262879044076
1.458495815E8	409.1578034682081
1.46444018E8	412.7135347081034
1.47106683E8	348.99085206481965
1.474910505E8	343.6251504211793
1.47981488E8	374.3862252940463
1.48737048E8	381.61890156509776
1.491214155E8	329.74883480062147
1.49518958E8	433.9943602763673
1.50287693E8	374.3018996712108
1.50728883E8	330.55970026800856
1.511132505E8	474.759649452858
1.51825163E8	337.26494188766145
1.52332369E8	337.44437015989746
1.527167365E8	336.2173267170265
1.53362633E8	336.8505525840959
1.5389724E8	344.0742788586928
1.542816075E8	521.7265048220818
1.54900103E8	350.8303340831459
1.55461321E8	289.23471713068466
1.558456885E8	342.57304594978683
1.56437573E8	343.4736641017895
1.57018682E8	335.03736335454397
1.574030495E8	370.9796737236682
1.57975043E8	410.92158425406024
1.585640605E8	348.22921372652166
1.58948428E8	338.47131651799447
1.59512513E8	349.3488430403324
1.6009777E8	333.9513291383074
1.604821375E8	307.6518005269835
1.61049983E8	359.534008683068
1.616289075E8	342.3858359133127
1.62013275E8	352.9620492133925
1.62587453E8	436.3088848313639
1.631586895E8	325.2789302157157
1.63543057E8	335.97867414942124
1.64124923E8	343.1518744572035
1.64685819E8	334.0017960649849
1.650701865E8	391.09779049610654
1.65662393E8	393.7432299326704
1.66204869E8	342.253453233354
1.665892365E8	531.7979955071712
1.67199863E8	340.4751613681607
1.67707403E8	292.8678857612492
1.680917705E8	343.92985900664416
1.68737333E8	349.9671272300535
1.69197014E8	340.02571645473523
1.695813815E8	355.9733301771413
1.70274803E8	325.37421897932654
1.706842435E8	311.5291150848235
1.71068611E8	337.54183463809204
1.717757825E8	334.00615199438295
1.7216015E8	334.24649670774943
1.72581008E8	371.5769063313184
1.732448375E8	354.3762211367673
1.73629205E8	704.7203815580286
1.74118478E8	395.38761183495166
1.7470787E8	336.47903882178156
1.750922375E8	381.34179597641054
1.75655948E8	421.7085991288464
1.761671155E8	372.8465574419641
1.76551483E8	427.2686689333837
1.77193418E8	338.42425671916203
1.775981795E8	323.2999230177059
1.77982547E8	342.0203020664053
1.786433205E8	334.1002490660025
1.79027688E8	330.37669190181236
1.79499623E8	356.3247217295185
1.80059845E8	335.7671311845205
1.804442125E8	334.077306046884
1.81037093E8	337.5972111905392
1.814629515E8	337.08562962962964
1.81847319E8	678.9742223679358
1.824697645E8	317.09307805596467
1.82854132E8	330.7777207918761
1.83343298E8	548.6156985117619
1.83845386E8	329.8683638491765
1.842297535E8	371.3060736489718
1.848263935E8	346.84591184443923
1.85210761E8	315.6096618357488
1.85649503E8	336.4245591549918
1.861815255E8	336.5377074615638
1.86565893E8	378.3965497412306
1.871516995E8	333.6883206783914
1.87536067E8	329.05337078651684
1.87955708E8	483.3969887040926
1.88487033E8	323.69245832496483
1.888714005E8	361.058365253522
1.89437117E8	355.14544708417
1.898214845E8	2738.413979220078
1.90261913E8	345.2320101560565
1.907655555E8	336.98032455566783
1.91149923E8	342.0267374256355
1.917006725E8	334.9838867665785
1.9208504E8	332.33474946894916
1.92568118E8	334.0990564975568
1.93014003E8	335.49475643810115
1.933983705E8	372.905749754982
1.939421735E8	320.8581372428237
1.94326541E8	374.72907572082994
1.948700135E8	313.6486094383007
1.95254381E8	361.6845238095238
1.95643058E8	332.0501488981537
1.96173218E8	320.824387359569
1.965575855E8	342.79484137614327
1.970859405E8	313.5342066957787
1.97470308E8	305.86071374792954
1.97949263E8	319.06729248243136
1.98379719E8	328.215120616762
1.987640865E8	420.7199090449722
1.99284827E8	335.75566243498685
1.996691945E8	430.5831257344301
2.001689555E8	442.51107039716794
2.00553323E8	1223.635624767341
2.01024203E8	442.6187789399589
2.0143258E8	319.2975501113586
2.018169475E8	351.2180617635108
2.023091665E8	333.2635626784563
2.02693534E8	407.5053366174056
2.03168465E8	330.2984834364145
2.035528325E8	492.3195450938905
2.04022535E8	345.1728148657949
2.044069025E8	512.4501015149149
2.048603755E8	335.05665665216804
2.05244743E8	351.2755102040816
2.05636613E8	352.64122847836205
2.060816995E8	318.6793245175125
2.06466067E8	342.02018396333733
2.069158215E8	347.23293783094726
2.07300189E8	363.299535544296
2.07743072E8	430.5318690918167
2.081274395E8	354.59441990385864
2.08563085E8	342.12215409988886
2.089474525E8	431.02947096032204
2.09377998E8	325.42220486174193
2.097623655E8	327.74433935224994
2.101865875E8	336.1423256701326
2.10570955E8	320.40578135188
2.10991954E8	362.10679211810174
2.113763215E8	316.713853599516
2.117807295E8	340.2939685287662
2.12165097E8	604.3269230769231
2.12555228E8	344.32822952640856
2.12951007E8	324.1248630887185
2.133353745E8	344.0847449335274
2.137362725E8	322.5719908583037
2.1412064E8	324.7804111494667
2.145168735E8	310.93354707082483
2.14901241E8	339.23363192255135
2.15295174E8	335.422875
2.156795415E8	345.96056323022833
2.160708055E8	340.7962505292386
2.16455173E8	370.4686064957836
2.16845987E8	307.1410358565737
2.172303545E8	334.20024183464557
2.176193275E8	334.163597240681
2.18003695E8	334.08046138697426
2.183870575E8	369.58378378378376
2.18771425E8	350.20097303308313
2.191437085E8	339.6888401559454
2.19528076E8	336.63600433623924
2.19895419E8	331.8818263205013
2.202797865E8	374.1352966187034
2.20645687E8	327.6632896305125
2.21025053E8	336.6199049762441
2.21390679E8	362.77358490566036
2.217493495E8	327.4491363142829
2.22133717E8	312.1468189233279
2.22491112E8	339.102618522602
2.228754795E8	332.94883216951604
2.232300165E8	336.05063372995346
2.23614384E8	525.6199071686436
2.239617555E8	443.00986866791743
2.24346123E8	327.72808748286127
2.2468963E8	330.29104010025065
2.250739975E8	451.13583517292125
2.254154375E8	424.9869154349406
2.25799805E8	429.42122304036764
2.261404185E8	322.9269330496642
2.26524786E8	342.54364436590913
2.2685767E8	333.6554486255979
2.272420375E8	332.1805232037269
2.275674865E8	317.8508379888268
2.27901798E8	329.6786651510686
2.282642395E8	341.3212729433514
2.28575658E8	347.092707681302
2.289600255E8	424.784488056705
2.29270193E8	362.0982337808332
2.296545605E8	329.6977999769027
2.299644725E8	392.6720519102165
2.3034884E8	318.288834029624
2.30655893E8	300.7050827423168
2.309973965E8	357.7447527215219
2.313463715E8	278.07375815353737
2.31650276E8	322.33273495859635
2.320346435E8	354.9266990291262
2.32330417E8	324.46408355257915
2.327147845E8	319.15332777100315
2.33008396E8	301.21645286092445
2.333832675E8	365.0936354112101
2.336859445E8	693.4522821576763
2.33975938E8	329.2154378771468
2.343603055E8	352.12790829644763
2.346438945E8	332.9987890700409
2.35028262E8	336.85699875235593
2.353116695E8	350.5665645216207
2.35668032E8	322.3808732215323
2.359736405E8	442.82836251683665
2.36248209E8	328.3693713257535
2.366325765E8	331.13797494352025
2.36905892E8	346.850002127026
2.372902595E8	326.87496371181203
2.375596255E8	329.91711603754743
2.378457775E8	322.266226016708
2.38209635E8	364.656736131494
2.384723095E8	313.3066866101601
2.38856677E8	323.60224987772403
2.391161115E8	324.2355977699773
2.394117615E8	330.3359173126615
2.39756603E8	337.15731828742116
2.40012063E8	337.19406748448876
2.403964305E8	317.81739293295044
2.40651522E8	316.8101436265709
2.40935513E8	357.9403878809545
2.41282414E8	379.44150457665904
2.415260005E8	311.4263299828389
2.41910368E8	350.27725277056913
2.42153892E8	271.3191489361702
2.423992835E8	390.36760286040004
2.427812845E8	331.64238696968243
2.430194555E8	332.7515223408462
2.43354977E8	333.677928738528
2.436401495E8	379.33955094991364
2.43875304E8	378.9791091478005
2.442596715E8	331.9180073657686
2.44494215E8	329.1131789357596
2.447631205E8	337.92259165516185
2.451110035E8	311.2531887201735
2.45340206E8	309.2633178922988
2.45672164E8	331.7908546002795
2.45942791E8	304.33492252681765
2.46158155E8	326.3052858088722
2.46536439E8	334.36537653387126
2.46757852E8	335.61146496815286
2.469695205E8	316.0736343398596
2.47353888E8	327.23723583317746
2.47564574E8	317.33356180031984
2.47805319E8	316.25612396806065
2.48157783E8	338.3833656481915
2.48365893E8	329.98922227970337
2.486381075E8	345.461641003319
2.489579875E8	328.2265113393534
2.49165224E8	323.5264291483443
2.49467076E8	369.29927050766713
2.4975636E8	337.8229948933614
2.499626485E8	334.8142165605096
2.502879155E8	331.26297138625904
2.5054851E8	310.03805686142823
2.507484705E8	345.56605088881145
2.510885645E8	334.8120143673948
2.51332072E8	320.34625458355157
2.51527848E8	309.5640641577732
2.51873065E8	339.50206599197554
2.5210593E8	323.5664292350573
2.5229909E8	334.99383680811536
2.52643082E8	335.7753702687877
2.5287344E8	340.13713405238826
2.53058026E8	335.37872218234025
2.5338655E8	321.10325639719423
2.53626707E8	356.2371956339211
2.53810996E8	295.4118077401419
2.541215335E8	379.14908886669997
2.543774555E8	315.5553602811951
2.545591305E8	313.4885550786838
2.54848343E8	335.4782204669532
2.551248655E8	427.7774286976584
2.553049575E8	341.9652108487693
2.555674465E8	318.08054217542286
2.55866877E8	332.9655851777331
2.560427725E8	302.0537530266344
2.562705875E8	341.77330165244626
2.56600938E8	326.5454822335025
2.56774153E8	331.9966527196653
2.569624935E8	322.620855523106
2.57304699E8	343.62962173681404
2.57500726E8	324.878828229028
2.576711905E8	318.8757877431729
2.57986484E8	332.3992427704158
2.582258865E8	332.2106329323246
2.583930965E8	333.42610631784027
2.586566015E8	338.30913785683543
2.58942833E8	465.2770167427702
2.5910475E8	328.7723491151112
2.593058495E8	331.3167844879822
2.59625725E8	354.7779334734594
2.59808993E8	322.28712871287127
2.59968316E8	328.39998401662274
2.60263454E8	319.40259983166555
2.60511936E8	339.61175224986766
2.60669987E8	330.4933651408976
2.60895678E8	322.88031878967985
2.61207803E8	320.6488349514563
2.613664795E8	327.59034792368124
2.61520696E8	327.62352031695417
2.61824593E8	334.9619593681947
2.62058165E8	324.29559532002753
2.622109925E8	320.9076364461591
2.624361765E8	336.4173185453119
2.627407855E8	330.8374155693525
2.62899969E8	327.74135090609553
2.63050826E8	321.61182289977296
2.633441895E8	342.99460378716026
2.635851015E8	336.8357065932751
2.63733667E8	344.8676829268293
2.639380475E8	351.92167212483145
2.64231582E8	327.8443199878907
2.64411569E8	374.6630930045564
2.645558915E8	346.58823934686006
2.648102425E8	323.13419259675493
2.65083559E8	335.196288748257
2.65224529E8	319.29749768303986
2.653750005E8	315.7033872209392
2.65651351E8	327.72399961337715
2.65885247E8	329.5143739352641
2.66021552E8	337.36453645364537
2.66196816E8	335.2084863321093
2.664682985E8	333.9084218647991
2.66677402E8	358.1775775954335
2.668104465E8	330.25352688611736
2.670024795E8	322.3947715174195
2.672676815E8	329.3543203999048
2.67460016E8	417.3701620906384
2.67590504E8	296.29926025554806
2.67790844E8	322.44389697648376
2.680494615E8	313.8421810329314
2.68233489E8	337.9198966408269
2.683623315E8	334.51863510450767
2.685626535E8	329.4075194468453
2.688141505E8	332.64755320591024
2.68998196E8	350.7470792548153
2.691212125E8	328.8813803710468
2.69305491E8	316.67628663330953
2.69544969E8	334.88574234735637
2.69745058E8	376.94666305672126
2.698635095E8	322.9368921058584
2.700194335E8	328.73562817574975
2.7025476E8	379.70856489567785
2.704832035E8	338.4246007052479
2.706000615E8	340.664508534432
2.707192135E8	312.63680565787536
2.70946674E8	335.03538175046555
2.711728175E8	341.4160215415685
2.713243835E8	331.07206765534994
2.714361945E8	293.7800090804317
2.71620605E8	334.97063067651305
2.718435565E8	332.50958333333335
2.720435135E8	318.8017959536947
2.721547675E8	290.90374099248737
2.722872195E8	311.8322136378905
2.725064275E8	313.4741391328593
2.727249785E8	331.3217345319936
2.72867561E8	327.7241910631741
2.729767215E8	330.1803362200713
2.731596875E8	314.4386862296406
2.733731465E8	324.85346454569964
2.73574548E8	311.6676096181047
2.736806165E8	326.6943252265141
2.737972355E8	323.2066087196468
2.74008185E8	316.9339781801822
2.7421821E8	309.31524757056917
2.74380672E8	353.74055761571213
2.744841805E8	342.1584288813139
2.746317545E8	325.12366093896037
2.74835029E8	328.4918147801684
2.750368585E8	332.797942174362
2.751721665E8	305.62821948488244
2.752717585E8	350.40987654320986
2.754346305E8	333.036559055427
2.75629477E8	335.38889863205895
2.75822252E8	343.93777301927196
2.75947145E8	279.1104199066874
2.760430425E8	303.0522022838499
2.762057895E8	320.1183431952663
2.763968555E8	337.35469978107164
2.76587426E8	322.83489351743503
2.767135505E8	300.02708164915117
2.76808458E8	317.1507470203122
2.76967139E8	345.288616145759
2.77156076E8	331.28617969821676
2.773432765E8	323.63597960670063
2.774748495E8	417.1174021648626
2.775673295E8	305.8660234321158
2.77713495E8	325.9443711298345
2.77897569E8	320.5160131229495
2.780813245E8	340.89344512195123
2.78227624E8	304.65076209410205
2.78318713E8	306.6324233042499
2.78445831E8	339.59004230393754
2.78624475E8	312.71248789932235
2.78799759E8	336.0161682644155
2.7896884E8	336.9787670406563
2.79055951E8	328.2067510548523
2.791480645E8	335.54648488830486
2.793219045E8	307.149524506218
2.794951505E8	332.75057293279656
2.796670295E8	333.0671040043734
2.797860375E8	334.95317647058823
2.798713395E8	334.3632777276826
2.80007599E8	331.8813704164077
2.801762495E8	320.62478419336276
2.8034403E8	329.7196045435423
2.80507948E8	322.8644538481883
2.805915035E8	335.4121621621622
2.80677891E8	331.5337751175716
2.80844071E8	313.26757613190824
2.810100155E8	300.894260734072
2.81175222E8	324.28967193195626
2.813072575E8	326.14336825964733
2.81389511E8	312.1970802919708
2.81503931E8	314.2918297764869
2.816671245E8	319.8837006327733
2.81829173E8	324.72367612728834
2.819906385E8	326.07398431022386
2.820985375E8	312.38194020744356
2.821788915E8	302.7489102005231
2.823119855E8	320.2432274978153
2.82471554E8	325.15041924282207
2.8263049E8	321.70575221238937
2.827887405E8	323.9263247724317
2.82881078E8	356.9173754556501
2.829592085E8	333.7653252560219
2.831008305E8	338.0781131118438
2.832545715E8	328.709949854843
2.8340819E8	336.07825673910463
2.8356106E8	327.0537151217473
2.83650187E8	357.6939381093684
2.837259075E8	318.6148867313916
2.838639935E8	321.93512136649684
2.84014566E8	346.3024664790598
2.841642325E8	301.8628088426528
2.843131325E8	320.32174185463657
2.844097475E8	322.87282678686415
2.844837785E8	322.1463624623332
2.84609444E8	327.04292997048566
2.847568575E8	316.5971296770887
2.84903889E8	329.59288596622326
2.850507725E8	309.82897793263646
2.85162443E8	316.18470813921624
2.85235427E8	303.05800998847485
2.8534268E8	318.3102555248619
2.85486983E8	336.546528973035
2.85630282E8	309.77418406351075
2.85773144E8	350.94398256517877
2.859069595E8	316.61154911570424
2.859767315E8	325.12218649517683
2.86052856E8	332.5787505194625
2.861903485E8	324.2108313711284
2.86326707E8	333.5022809985135
2.86461012E8	329.32037058218003
2.865942015E8	338.32523148148147
2.866994605E8	348.86312201772324
2.867650045E8	353.37687896166614
2.868562865E8	316.9840655588436
2.86985097E8	326.64086823065117
2.87113018E8	333.6919897377423
2.872400565E8	330.9393982200876
2.8736678E8	330.94113263785397
2.874684495E8	456.5501408450704
2.875308515E8	331.62946544980446
2.876171135E8	332.2182160952044
2.877417145E8	327.7260453778361
2.87865989E8	327.6615048278375
2.87989856E8	327.19242603550293
2.881135245E8	334.04457364341084
2.88225463E8	305.44146341463414
2.882869705E8	294.7231968810916
2.883595355E8	324.2358766913098
2.884818635E8	333.0749466360977
2.88604014E8	326.216116333253
2.88725668E8	333.1967993079585
2.88845977E8	331.5658551187388
2.889652565E8	316.4810259094478
2.890345995E8	319.5284974093264
2.89094055E8	301.51058287202864
2.892031115E8	326.5869688385269
2.893211245E8	316.04998962870775
2.8943711E8	321.34610326992197
2.89550763E8	328.92948293789584
2.896633655E8	323.4952263627964
2.897663725E8	330.3821892393321
2.898226395E8	315.46786922209697
2.89887659E8	330.9384548861343
2.899984115E8	329.2779452234307
2.901089365E8	333.02012479128217
2.90218437E8	324.708848146672
2.903262345E8	323.19592952612396
2.9043256E8	323.21640956852224
2.905335855E8	288.11072193033664
2.905862925E8	283.2147651006711
2.906432345E8	334.2380769967439
2.907479405E8	325.3995430892245
2.90851896E8	320.6501786205001
2.90955247E8	325.8739107238129
2.91058116E8	336.3829666591064
2.91160204E8	327.84453014004464
2.912615545E8	307.86115178135674
2.91331315E8	326.7600786627335
2.9138107E8	324.62166722915964
2.91461273E8	331.27242640654936
2.91559725E8	341.62357414448667
2.91657178E8	310.6285657291043
2.917545145E8	308.55235121234386
2.91851644E8	296.99821573398214
2.91948596E8	330.49402390438246
2.920451375E8	308.8856817318648
2.9210626E8	337.6617588539594
2.921538905E8	331.54117069579087
2.922360205E8	319.02140164116213
2.923310645E8	312.05647935779814
2.924255295E8	319.4566493955095
2.925187585E8	334.8896168354179
2.92610929E8	307.68923240938165
2.92702327E8	317.3371718102257
2.92792108E8	320.4414116828929
2.928622145E8	312.1702339472374
2.929062585E8	323.27616394747315
2.92967363E8	327.83582495243274
2.930529085E8	306.50034083162916
2.931380435E8	335.5651155984782
2.9322235E8	319.62727963525833
2.93305647E8	353.5174672489083
2.93388439E8	317.10985412325095
2.93470965E8	327.11971995332556
2.935531875E8	340.7473821989529
2.936254925E8	343.410723581468
2.936664795E8	331.17469879518075
2.9371692E8	316.43961661341854
2.937980535E8	338.50195652173915
2.938782955E8	336.27741228070175
2.93957456E8	336.4131127325044
2.940359865E8	261.4179104477612
2.94113718E8	319.520067834935
2.94190606E8	333.6662962962963
2.94267212E8	215.19018404907976
2.9434356E8	351.08589585895857
2.94403587E8	323.3776647286822
2.944416325E8	327.678391959799
2.944955125E8	305.044262295082
2.9457076E8	325.66717557251906
2.9464554E8	317.0188813680085
2.947198625E8	309.7071466953251
2.947938495E8	219.33333333333334
2.94867693E8	316.451730974531
2.94941437E8	319.9669947886508
2.950150255E8	291.4287045666356
2.9508846E8	307.8083360682639
2.951596985E8	328.00254237288135
2.951959055E8	296.5206611570248
2.9523318E8	290.67713004484307
2.953042615E8	340.48831488314886
2.95375117E8	297.81847781847785
2.95445692E8	318.5743178782675
2.95515887E8	325.4794622852875
2.955858525E8	333.38516746411483
2.956554665E8	334.91972041937095
2.957244435E8	333.4790046656299
2.957929165E8	313.2133238837704
2.958609135E8	345.9609929078014
2.959283655E8	314.4207285787583
2.95962472E8	503.20454545454544
2.959959795E8	344.93983362352486
2.960623185E8	305.2245277175596
2.961285905E8	321.49327770050996
2.961944545E8	316.438012295082
2.96259386E8	301.2391636919939
2.963231915E8	328.484165188751
2.963866495E8	324.83147763729005
2.964495135E8	313.4318805242304
2.96511883E8	329.55541561712846
2.96574108E8	360.7894382778338
2.966360135E8	314.1092136616362
2.966975155E8	329.4372119815668
2.967299425E8	292.10169491525426
2.967605265E8	302.85132382892056
2.968197085E8	280.4948224852071
2.968803715E8	324.2735081374322
2.969406465E8	311.3250766690257
2.970003935E8	299.1888782358581
2.97059853E8	338.9442875964615
2.971191925E8	328.11599511599513
2.971783685E8	320.8391891891892
2.972373605E8	309.25957446808513
2.972962345E8	338.894921875
2.973550285E8	317.7498560736903
2.974136535E8	320.40992018244015
2.974716695E8	328.1224489795918
2.975006415E8	0.0
2.975297915E8	258.1117604090577
2.975874835E8	320.86594761171034
2.97644944E8	332.71593220338985
2.977022745E8	325.90134028294864
2.977593955E8	328.3865317831798
2.97816386E8	308.0034682080925
2.97873337E8	360.6546
2.97929694E8	331.96857923497265
2.979853355E8	311.18205607476636
2.98040566E8	332.66948130277444
2.980954345E8	356.7683333333333
2.98150189E8	317.6426370918053
2.982045775E8	301.69660574412535
2.98250394E8	286.1804303576621
2.98277297E8	341.1419634263715
2.98312184E8	356.64506172839504
2.983655255E8	392.3536585365854
2.98418571E8	319.8241082410824
2.98471025E8	324.1261230131306
2.985229515E8	331.8110687022901
2.98574718E8	324.1925418569254
2.98626245E8	336.1384464592012
2.986775555E8	343.16998191681733
2.987287515E8	336.13563644794806
2.9877965E8	315.70032223415683
2.98830158E8	330.38389513108615
2.98880377E8	339.10528
2.9893041E8	333.6826178747361
2.989803155E8	334.77457829272447
2.9902156E8	307.9799107142857
2.99046443E8	300.1220930232558
2.990795815E8	329.27284552845526
2.991287095E8	315.5421822272216
2.991776335E8	331.53357531760435
2.99226409E8	313.95154929577467
2.992750675E8	328.017094017094
2.99323612E8	284.2829313543599
2.993721015E8	354.1137626675384
2.99420364E8	313.44787644787647
2.994682855E8	329.862382343395
2.995160355E8	320.19576149425285
2.99563736E8	305.77958053027305
2.99611366E8	278.89176872685846
2.99658856E8	331.5128979781548
2.99706222E8	314.8925925925926
2.99753043E8	332.03128371089537
2.997914265E8	324.457249070632
2.998145535E8	281.7659574468085
2.998454455E8	317.8291571753986
2.998912785E8	314.678085018572
2.999369015E8	335.6839963833635
2.99982407E8	319.6409972299169
3.000278035E8	319.5317394888706
3.00072936E8	322.09384615384613
3.001178095E8	333.24581855043084
3.001626E8	334.4547945205479
3.002072585E8	297.9442567567568
3.0025153E8	336.4426536731634
3.002951105E8	310.8257345491388
3.00338256E8	308.69249163079866
3.00381246E8	293.68457943925233
3.00424041E8	320.839205955335
3.00466617E8	303.96101364522417
3.00509036E8	333.27616206810836
3.005513965E8	310.8508715300194
3.005739685E8	328.0851063829787
3.0059498E8	326.1704081632653
3.006355E8	333.5497597803706
3.00677186E8	358.8154662151656
3.00718655E8	319.13560885608854
3.007599975E8	318.7859676783603
3.008009635E8	332.4454047824834
3.00841504E8	355.61522282108587
3.00881871E8	302.57113402061856
3.009221625E8	309.99582463465555
3.00962411E8	297.7026627218935
3.01002529E8	336.91324921135646
3.010424755E8	344.25768321513004
3.010823325E8	336.1713306681896
3.011221535E8	325.34130255564713
3.01161883E8	362.09411764705885
3.012013185E8	334.0092961487384
3.01240271E8	331.573936529372
3.01278813E8	326.52911392405065
3.013171725E8	291.6988636363636
3.013402245E8	343.7315436241611
3.01359325E8	328.15489614243324
3.01393599E8	338.6838830118233
3.01431711E8	346.4205495818399
3.014697935E8	300.18440594059405
3.015075635E8	324.9203703703704
3.01544826E8	294.32973621103116
3.015818905E8	344.2523291925466
3.01618727E8	337.3447806868412
3.01655231E8	324.0462249614792
3.01691575E8	325.50195058517556
3.01727817E8	333.60759493670884
3.017639465E8	338.643949930459
3.018000005E8	319.8569078947368
3.018360275E8	303.8692810457516
3.018718265E8	298.8545051698671
3.019074095E8	336.468085106383
3.0194275E8	336.7649253731343
3.01977819E8	332.1358365543898
3.020128525E8	316.3985200845666
3.02047874E8	339.08737024221455
3.020828745E8	334.4396161506428
3.021066125E8	345.4901960784314
3.021240165E8	335.6729857819905
3.0215234E8	317.5482093663912
3.021865385E8	331.942464040025
3.022202135E8	323.94146825396825
3.02253491E8	336.7154248006599
3.022863395E8	326.23126338329763
3.02318457E8	364.91509433962267
3.023501625E8	309.92877492877494
3.02381257E8	315.5745296671491
3.024117055E8	330.02029259084475
3.024418645E8	305.95344506517694
3.024718665E8	332.8952802359882
3.02501802E8	337.0767590618337
3.0253152E8	338.2447777182646
3.02561013E8	325.3623188405797
3.025904035E8	334.3512245961438
3.026196635E8	323.20767888307154
3.02648696E8	331.4209836065574
3.026774925E8	287.61121495327103
3.0270614E8	322.58666666666664
3.0273473E8	295.15640194489464
3.0276322E8	311.01427115188585
3.02791553E8	336.8672854471151
3.02819683E8	321.4061855670103
3.02847463E8	328.33852140077823
3.02871419E8	298.44444444444446
3.028851665E8	304.2631578947368
3.029023805E8	305.88839285714283
3.02929608E8	335.602833158447
3.029566585E8	333.49087698646264
3.02983539E8	324.7374613003096
3.030103E8	323.7168083714846
3.03036936E8	334.2538860103627
3.030633795E8	294.78748180494904
3.03089659E8	333.7586830680174
3.031158375E8	277.8903785488959
3.03141897E8	319.8979591836735
3.0316784E8	328.42322097378275
3.03193613E8	330.40866035182677
3.03219033E8	321.10834715312325
3.03244142E8	333.79318181818184
3.03269183E8	338.9007455731594
3.032941495E8	311.785980611484
3.03318984E8	334.53728489483746
3.03343729E8	339.4985337243402
3.03368407E8	318.1345108695652
3.03392961E8	321.908256880734
3.034173935E8	275.04545454545456
3.034417695E8	334.7589158345221
3.03466092E8	331.73152822395593
3.03490315E8	268.77868852459017
3.03514472E8	305.3172757475083
3.03538466E8	350.33073170731706
3.035622675E8	332.6946676406136
3.03585904E8	343.58716475095787
3.036094165E8	357.91509796388783
3.03632882E8	322.04040404040404
3.036474595E8	311.886690647482
3.03659146E8	305.02007083825265
3.036795675E8	279.0035587188612
3.03702759E8	339.8965517241379
3.037259045E8	291.06349206349205
3.03749014E8	333.80877742946706
3.037721115E8	301.6942148760331
3.03795153E8	333.81197301854974
3.038181055E8	317.9062253743105
3.03840977E8	335.5753846153846
3.038636995E8	339.27463312368974
3.038862345E8	329.29724596391264
3.03908542E8	327.78818737270876
3.03930611E8	294.5016567263088
3.039525865E8	330.6720679012346
3.03974351E8	329.73048907388136
3.039958025E8	335.0921843687375
3.040171415E8	336.87359550561797
3.04038313E8	315.0651920838184
3.040591685E8	326.0576923076923
3.04079863E8	333.2305389221557
3.04100481E8	332.34398976982095
3.04120937E8	336.0676220331393
3.041411265E8	291.42488619119877
3.04161089E8	359.54296506137865
3.041809935E8	335.42123287671234
3.04200889E8	338.49458058435437
3.042207195E8	310.30529595015577
3.042404435E8	325.01191264063533
3.04260093E8	328.7976539589443
3.042797115E8	320.3317230273752
3.04299283E8	360.7725458898643
3.043188045E8	332.53914227365556
3.0433822E8	349.45454545454544
3.04357514E8	329.9237875288684
3.043766445E8	179.94285714285715
3.04395624E8	336.9254955570745
3.044120845E8	296.5
3.044215395E8	224.88
3.044334495E8	328.15615615615616
3.044520715E8	292.0845921450151
3.04470397E8	337.5307760927743
3.04488589E8	329.72909698996654
3.0450666E8	318.4512195121951
3.0452464E8	136.3859649122807
3.04542522E8	327.35087719298247
3.04560353E8	307.63473053892216
3.045781455E8	315.9446366782007
3.045958945E8	330.44973544973544
3.04613409E8	293.6632801161103
3.04630615E8	314.11570247933884
3.046477165E8	330.2613636363636
3.04664782E8	335.2434254888739
3.046818275E8	331.81366459627327
3.04698855E8	334.5
3.047157445E8	329.30180722891566
3.047322845E8	326.6504854368932
3.047485745E8	336.08481262327416
3.047647915E8	316.87045454545455
3.04780937E8	329.6039603960396
3.04797045E8	323.8069666182874
3.04813105E8	315.71119133574007
3.04829099E8	114.21428571428571
3.04844809E8	329.16524701873936
3.04860144E8	343.8464133702277
3.04875228E8	338.4722778891116
3.048899345E8	297.39663461538464
3.04904393E8	331.6470588235294
3.04918797E8	332.93939393939394
3.04933121E8	326.92247043363994
3.049473325E8	330.14858096828044
3.049613855E8	338.4256329113924
3.049753525E8	350.0679287305122
3.04989176E8	327.11491442542786
3.050028535E8	311.63449691991786
3.050165075E8	332.3882951653944
3.05030149E8	325.9761904761905
3.05043766E8	344.57844990548205
3.05057328E8	353.59519408502774
3.050707775E8	293.7310344827586
3.050840815E8	343.2137203166227
3.050973185E8	267.8235294117647
3.0511055E8	333.09090909090907
3.051237565E8	342.2189781021898
3.051369355E8	347.79357231149567
3.05150043E8	320.375
3.05163013E8	344.99298245614034
3.05175888E8	324.1489533011272
3.05185055E8	248.5
3.051914585E8	273.8269230769231
3.052015075E8	330.09708737864077
3.05214187E8	343.6478873239437
3.052267085E8	339.454338641534
3.05239162E8	308.1734693877551
3.052514665E8	287.7682926829268
3.052635855E8	86.33333333333333
3.05275651E8	309.1210191082803
3.052876965E8	327.7245250431779
3.052997075E8	298.6050955414013
3.05311672E8	299.5145631067961
3.053236175E8	279.6780303030303
3.053355615E8	325.8892405063291
3.05347491E8	312.98189134808854
3.0535937E8	351.9563157894737
3.053711045E8	282.75
3.053827095E8	284.908256880734
3.05394203E8	343.93232413178987
3.05405586E8	393.2881679389313
3.05416915E8	341.7647058823529
3.054282015E8	241.80281690140845
3.054393975E8	324.31098546042006
3.05450508E8	311.7037037037037
3.054616145E8	297.86324786324786
3.05472713E8	306.8490566037736
3.054837595E8	340.0066852367688
3.05494683E8	296.1183431952663
3.055054885E8	317.0477453580902
3.055161465E8	353.27630375114364
3.05526661E8	299.9083969465649
3.05537127E8	344.25340869362543
3.055475015E8	328.9
3.055577785E8	346.26190476190476
3.05567969E8	344.3109243697479
3.05578E8	282.4508474576271
3.05587934E8	304.2116788321168
3.055978485E8	323.32288828337875
3.056077465E8	330.1181229773463
3.05617534E8	349.2323232323232
3.05627204E8	345.92857142857144
3.0563683E8	191.39473684210526
3.056464125E8	265.30232558139534
3.05655943E8	356.3243967828418
3.05665429E8	334.60526315789474
3.056749135E8	322.05172413793105
3.05684391E8	318.55900621118013
3.056938605E8	331.1618451915559
3.05703288E8	327.4770642201835
3.0571261E8	319.7065868263473
3.057218545E8	320.69594594594594
3.057310705E8	312.0556621880998
3.057402675E8	308.7007299270073
3.057494535E8	313.60869565217394
3.057585785E8	310.1924198250729
3.05767648E8	339.005291005291
3.05776642E8	342.1431064572426
3.057855425E8	328.3781163434903
3.05794349E8	81.61538461538461
3.05803082E8	286.67628205128204
3.058116615E8	319.84365781710915
3.058200515E8	343.26666666666665
3.058282875E8	313.30143540669854
3.058363865E8	332.34139784946234
3.058444065E8	310.05737704918033
3.058523285E8	291.798353909465
3.058601015E8	337.44173441734415
3.058677105E8	19.0
3.058752425E8	318.664829106946
3.05882709E8	344.7889908256881
3.058900985E8	294.2851711026616
3.05897348E8	332.08720930232556
3.059044835E8	53.5
3.059115865E8	315.6276595744681
3.059186575E8	259.2916666666667
3.059257075E8	311.687074829932
3.059327345E8	312.2278481012658
3.059397415E8	322.1304347826087
3.05946737E8	362.82142857142856
3.05953382E8	326.35058823529414
3.059568435E8	266.0
3.059606085E8	327.2086513994911
3.059675075E8	79.375
3.05974393E8	212.125
3.059812595E8	351.67676767676767
3.0598811E8	241.3
3.05994947E8	313.8125
3.060017745E8	337.092132505176
3.06008546E8	336.76585365853657
3.06015243E8	71.5
3.06021916E8	307.35820895522386
3.06028584E8	327.4842105263158
3.060351805E8	356.4117647058824
3.060416715E8	362.6973293768546
3.06048088E8	286.7
3.06054431E8	328.876698014629
3.06060702E8	321.7269624573379
3.06066934E8	344.9542079207921
3.060731045E8	209.36363636363637
3.06079204E8	360.4736842105263
3.060852755E8	331.8659793814433
3.06091306E8	46.625
3.060973105E8	296.24
3.06103308E8	316.4458333333333
3.06109298E8	341.70304568527916
3.06115231E8	328.04545454545456
3.06121083E8	205.58823529411765
3.061268995E8	321.46666666666664
3.061326905E8	325.48275862068965
3.061384525E8	329.6547987616099
3.06144196E8	29.0
3.06149915E8	276.1381578947368
3.061556135E8	310.0914285714286
3.061612865E8	331.52252252252254
3.061668935E8	336.35329949238576
3.061724375E8	307.8197812648597
3.06177958E8	19.5
3.06183465E8	342.0217391304348
3.0618895E8	330.48170212765956
3.061944175E8	243.97435897435898
3.061998695E8	310.11654135338347
3.062052965E8	90.33333333333333
3.062107035E8	343.15046059365403
3.062160895E8	330.23560209424085
3.06221455E8	322.4972677595628
3.062267975E8	188.72222222222223
3.062321055E8	0.0
3.062373925E8	19.0
3.062426715E8	329.32142857142856
3.06247945E8	354.5511811023622
3.062532015E8	233.8653846153846
3.062584425E8	319.85007496251876
3.06263673E8	275.34703196347033
3.062688905E8	325.54228329809723
3.06274102E8	295.95454545454544
3.06279276E8	335.35540838852097
3.062844135E8	308.4047619047619
3.062895485E8	232.88888888888889
3.06294667E8	19.25
3.06299761E8	314.87261146496814
3.063048415E8	329.9714285714286
3.063099165E8	316.11299435028246
3.063149815E8	0.0
3.063200175E8	245.5
3.063250325E8	367.56354916067147
3.06330018E8	375.1578947368421
3.063349735E8	21.0
3.063399235E8	293.2647058823529
3.06344861E8	232.8684210526316
3.063497735E8	325.39
3.06354609E8	349.41407035175877
3.06359362E8	350.5347432024169
3.06364072E8	274.089552238806
3.06368756E8	280.1666666666667
3.063734225E8	327.25
3.063780725E8	240.31578947368422
3.06382707E8	307.2809917355372
3.063873235E8	293.46153846153845
3.06391931E8	335.4891304347826
3.063965295E8	365.09622641509435
3.06401082E8	343.7538994800693
3.064055785E8	350.24264705882354
3.06410055E8	77.0
3.0641452E8	281.7647058823529
3.0641896E8	409.22857142857146
3.064233765E8	273.7368421052632
3.06427766E8	332.38839285714283
3.064321085E8	353.08321579689704
3.06436424E8	326.3157894736842
3.06440737E8	135.4
3.064450465E8	387.0
3.06449342E8	244.06666666666666
3.06453625E8	19.0
3.06457902E8	333.84033613445376
3.064621725E8	306.3292682926829
3.06466441E8	296.4548387096774
3.06470704E8	321.1990846681922
3.064749595E8	347.2861842105263
3.064792095E8	100.23529411764706
3.06483446E8	299.175
3.064876545E8	356.6793279766253
3.064918455E8	273.18518518518516
3.0649603E8	365.09134615384613
3.065001735E8	157.8
3.06504273E8	301.6214605067064
3.065083565E8	0.0
3.06512427E8	302.51612903225805
3.06516488E8	315.2360248447205
3.065205265E8	333.6659793814433
3.065245425E8	335.6776699029126
3.06528524E8	19.0
3.06532471E8	370.2948207171315
3.065364115E8	335.07215007215007
3.065403375E8	20.0
3.0654423E8	327.40415704387993
3.06548097E8	288.0
3.0655195E8	495.0
3.065557735E8	288.57142857142856
3.06559577E8	264.3478260869565
3.065633635E8	281.82608695652175
3.065671335E8	271.27777777777777
3.065709005E8	347.4
3.065746505E8	288.5271966527197
3.065783835E8	404.02255639097746
3.06582112E8	343.10730253353205
3.06585833E8	303.9
3.06589543E8	294.0422535211268
3.065932395E8	342.8333333333333
3.065969265E8	361.3317307692308
3.06600612E8	391.9963942307692
3.066042955E8	328.5736434108527
3.06607968E8	278.3333333333333
3.0661163E8	329.9186991869919
3.066152875E8	535.0
3.06618939E8	94.71428571428571
3.066225875E8	385.0
3.066262295E8	322.30099502487565
3.066298605E8	322.44827586206895
3.066334545E8	0.0
3.06637011E8	29.0
3.0664056E8	180.75
3.066440915E8	352.2797619047619
3.066476025E8	350.392
3.066511055E8	296.7083333333333
3.06654603E8	331.60931899641577
3.066580945E8	284.6375
3.066615705E8	56.75
3.06665033E8	337.0
3.06668493E8	20.0
3.066719485E8	296.87610619469024
3.066753845E8	336.3837209302326
3.06678798E8	83.4
3.066821985E8	222.0
3.06685591E8	19.0
3.066889815E8	335.29680365296804
3.066923705E8	323.6292134831461
3.066957585E8	307.57142857142856
3.066991455E8	328.60696517412936
3.067025305E8	347.35714285714283
3.06705914E8	323.0924024640657
3.067092965E8	20.666666666666668
3.06712672E8	275.8125
3.06716041E8	338.9846625766871
3.067194095E8	322.3061224489796
3.067227775E8	329.8962472406181
3.067248635E8	289.0
3.06726541E8	198.0
3.067294915E8	105.2
3.067328405E8	372.76
3.067361665E8	400.90909090909093
3.06739469E8	19.666666666666668
3.06742768E8	19.666666666666668
3.06746065E8	258.525
3.067493595E8	318.6148148148148
3.067526505E8	368.7984934086629
3.06755933E8	0.0
3.067591995E8	337.1489361702128
3.067624565E8	341.4131355932203
3.067657115E8	335.265306122449
3.06768965E8	21.0
3.06772208E8	247.34591194968553
3.067754395E8	124.5
3.067786575E8	319.8192771084337
3.067818625E8	295.64285714285717
3.067850465E8	349.963768115942
3.0678821E8	198.5
3.067913705E8	346.74442538593485
3.067945245E8	391.55555555555554
3.06797666E8	340.8014184397163
3.0680079E8	19.0
3.06803903E8	302.55555555555554
3.068070135E8	19.0
3.068101235E8	333.93835616438355
3.06813233E8	326.72289156626505
3.068163365E8	304.9868421052632
3.068194285E8	0.0
3.06822513E8	350.0273224043716
3.068255925E8	321.10054844606947
3.068286625E8	308.1304347826087
3.068317255E8	345.0812182741117
3.068347845E8	340.5
3.068378385E8	20.2
3.0684088E8	266.0
3.06843903E8	316.1136363636364
3.068469175E8	300.6804733727811
3.068499285E8	397.2968421052632
3.068529315E8	316.5710843373494
3.06855925E8	107.33333333333333
3.06858904E8	308.4561403508772
3.06861871E8	20.0
3.06864829E8	247.18384401114207
3.068677785E8	20.666666666666668
3.06870722E8	289.63157894736844
3.068736605E8	308.825
3.06876586E8	282.5473684210526
3.06879498E8	246.92857142857142
3.068824045E8	348.0
3.068853035E8	312.7244897959184
3.06888198E8	0.0
3.0689109E8	0.0
3.068939665E8	218.33333333333334
3.06896809E8	247.88888888888889
3.068996235E8	148.21428571428572
3.069024245E8	315.53636363636366
3.06905212E8	240.0
3.069079905E8	310.33898305084745
3.069107675E8	184.1
3.06913543E8	283.4920634920635
3.06916313E8	0.0
3.06919067E8	357.2455621301775
3.069218095E8	325.2234332425068
3.069245455E8	314.9214285714286
3.06927266E8	347.17131474103587
3.06929975E8	309.13698630136986
3.069326695E8	0.0
3.069353465E8	302.63461538461536
3.06938016E8	19.0
3.06940674E8	331.4407939767283
3.06943317E8	401.7345132743363
3.069459505E8	50.285714285714285
3.069485655E8	306.20661157024796
3.06951153E8	120.4
3.069537225E8	368.5880681818182
3.069562725E8	0.0
3.069587885E8	0.0
3.069612825E8	364.04912280701757
3.069637735E8	365.9664804469274
3.0696626E8	338.5498489425982
3.06968739E8	328.3517441860465
3.06971213E8	156.0
3.06973672E8	0.0
3.069761095E8	54.666666666666664
3.06978536E8	347.0
3.0698095E8	19.0
3.06983354E8	23.0
3.06985755E8	351.8181818181818
3.06988152E8	282.5
3.06990543E8	320.1208791208791
3.069929255E8	378.2857142857143
3.069953025E8	205.875
3.069976725E8	321.71102661596956
3.070000295E8	405.1666666666667
3.07002367E8	0.0
3.07004687E8	20.0
3.070070005E8	450.3333333333333
3.070093035E8	20.0
3.070115925E8	0.0
3.07013868E8	361.29260450160774
3.07016134E8	369.81898454746135
3.07018396E8	252.36486486486487
3.07020655E8	0.0
3.070229135E8	0.0
3.0702516E8	343.7488584474886
3.07027389E8	401.5
3.0702961E8	340.9182389937107
3.070318285E8	318.0966666666667
3.070340435E8	127.0
3.070362525E8	315.1744966442953
3.07038456E8	318.9047619047619
3.07040653E8	21.0
3.0704284E8	280.0
3.070450185E8	297.1503267973856
3.07047178E8	319.46153846153845
3.0704932E8	19.5
3.07051452E8	302.9310344827586
3.070535745E8	0.0
3.07055696E8	267.1063829787234
3.07057816E8	353.93719806763283
3.07059934E8	0.0
3.0706204E8	0.0
3.070641345E8	0.0
3.07066228E8	376.7076923076923
3.070683165E8	213.0
3.070704E8	262.0
3.07072481E8	332.9989685404848
3.07074558E8	328.5
3.070766325E8	21.0
3.070787045E8	326.35897435897436
3.07080772E8	301.5
3.070828335E8	286.0769230769231
3.07084889E8	20.0
3.07086942E8	305.0416666666667
3.07088987E8	19.0
3.070910185E8	194.43589743589743
3.07093044E8	317.3139534883721
3.07095069E8	319.41078838174275
3.07097091E8	273.0952380952381
3.07099108E8	653.0
3.071011185E8	298.22857142857146
3.07103122E8	189.33333333333334
3.071051185E8	268.3392857142857
3.071071095E8	298.14666666666665
3.071090915E8	303.9954954954955
3.07111059E8	0.0
3.071130195E8	129.0
3.07114979E8	325.3333333333333
3.07116933E8	330.9387254901961
3.071188785E8	190.71428571428572
3.071208195E8	357.0833333333333
3.07122752E8	0.0
3.071246735E8	411.92727272727274
3.071265845E8	286.0
3.07128479E8	19.0
3.07130355E8	22.0
3.07132213E8	85.2
3.071340475E8	0.0
3.07135863E8	367.11538461538464
3.071376725E8	350.8636363636364
3.07139478E8	269.8695652173913
3.07141279E8	0.0
3.071430775E8	0.0
3.07144871E8	198.66666666666666
3.071466595E8	425.0
3.07148442E8	333.92452830188677
3.07150216E8	361.5
3.071519825E8	141.5
3.071537425E8	19.0
3.071554995E8	392.97752808988764
3.071572545E8	26.25
3.07159008E8	0.0
3.071607605E8	165.0
3.071625115E8	205.88888888888889
3.07164259E8	19.0
3.07165998E8	0.0
3.071677295E8	0.0
3.07169459E8	271.5
3.07171187E8	237.2460567823344
3.07172911E8	203.49134199134198
3.071746285E8	292.82
3.071763405E8	321.52054794520546
3.0717805E8	97.33333333333333
3.07179757E8	229.62121212121212
3.0718146E8	270.375
3.07183154E8	346.5
3.071848325E8	0.0
3.071864995E8	294.37105751391465
3.07188158E8	352.3103448275862
3.07189806E8	239.95833333333334
3.07191447E8	340.6923076923077
3.071930855E8	0.0
3.07194713E8	327.8428390367554
3.07196327E8	363.35714285714283
3.071979365E8	270.43037974683546
3.07199539E8	265.6875
3.07201133E8	0.0
3.072027235E8	19.0
3.072043025E8	116.0
3.07205867E8	346.0
3.07207427E8	0.0
3.07208982E8	186.33333333333334
3.072105315E8	0.0
3.07212076E8	365.36170212765956
3.072136115E8	19.5
3.072151395E8	287.22222222222223
3.072166655E8	365.1060606060606
3.07218189E8	0.0
3.07219709E8	0.0
3.07221218E8	0.0
3.072227155E8	0.0
3.072242065E8	354.75
3.07225692E8	0.0
3.072271765E8	268.53968253968253
3.07228659E8	294.02941176470586
3.072301395E8	0.0
3.072316155E8	0.0
3.072330835E8	20.5
3.0723454E8	337.875
3.072359815E8	303.3855421686747
3.072374155E8	19.0
3.07238849E8	291.59183673469386
3.072402775E8	267.3333333333333
3.072416995E8	301.8478260869565
3.072431125E8	309.5
3.072445175E8	219.6
3.07245921E8	0.0
3.07247322E8	0.0
3.072487205E8	281.1875
3.072501165E8	44.0
3.072515085E8	317.59375
3.072528945E8	164.0
3.07254274E8	382.0
3.072556495E8	254.2972972972973
3.072570195E8	328.22115384615387
3.07258382E8	321.67058823529413
3.07259739E8	326.95238095238096
3.072610935E8	19.0
3.072624475E8	277.26666666666665
3.072637995E8	350.8490566037736
3.07265146E8	0.0
3.072664865E8	303.9655172413793
3.072678185E8	19.0
3.072691435E8	0.0
3.072704615E8	218.6
3.07271773E8	276.22222222222223
3.072730825E8	265.6046511627907
3.072743855E8	0.0
3.072756825E8	311.5806451612903
3.072769735E8	375.0
3.07278257E8	0.0
3.07279535E8	297.25
3.07280808E8	0.0
3.07282078E8	303.8666666666667
3.07283345E8	243.05084745762713
3.072846035E8	312.125
3.072858485E8	0.0
3.072870805E8	298.3
3.07288306E8	229.33333333333334
3.072895305E8	0.0
3.0729075E8	19.5
3.072919625E8	365.5
3.0729317E8	371.25
3.072943745E8	0.0
3.07295576E8	0.0
3.07296769E8	201.28571428571428
3.072979505E8	0.0
3.072991265E8	0.0
3.073002965E8	20.0
3.0730146E8	0.0
3.0730262E8	280.5405405405405
3.073037765E8	71.0
3.073049325E8	0.0
3.073060875E8	638.0
3.07307234E8	230.0
3.073083675E8	0.0
3.0730949E8	22.0
3.07310606E8	305.0625
3.073117205E8	0.0
3.07312834E8	299.01785714285717
3.07313946E8	0.0
3.07315057E8	19.0
3.073161665E8	149.8
3.07317273E8	221.57142857142858
3.073183765E8	268.2439024390244
3.073194775E8	158.0
3.073205775E8	334.7142857142857
3.07321677E8	0.0
3.073227755E8	20.0
3.073238735E8	301.28774422735347
3.07324967E8	326.84090909090907
3.07326045E8	19.0
3.07327112E8	160.42857142857142
3.07328175E8	0.0
3.07329233E8	238.92079207920793
3.073302885E8	239.16483516483515
3.0733134E8	343.8535564853556
3.07332388E8	241.66666666666666
3.073334315E8	210.0
3.073344645E8	0.0
3.073354855E8	250.63636363636363
3.073365005E8	308.6
3.07337512E8	135.0
3.07338521E8	0.0
3.07339524E8	273.7560975609756
3.073405195E8	0.0
3.073415095E8	0.0
3.073424955E8	0.0
3.07343481E8	0.0
3.07344466E8	207.5
3.07345449E8	326.3333333333333
3.0734643E8	0.0
3.073474095E8	0.0
3.073483845E8	19.0
3.073493565E8	0.0
3.07350326E8	426.75
3.073512895E8	0.0
3.07352248E8	0.0
3.07353193E8	382.7049180327869
3.07354126E8	0.0
3.073550565E8	0.0
3.073559835E8	0.0
3.073569075E8	0.0
3.073578275E8	212.0
3.073587445E8	0.0
3.07359658E8	0.0
3.07360568E8	502.85
3.07361477E8	19.0
3.073623815E8	0.0
3.0736328E8	0.0
3.073641745E8	0.0
3.073650655E8	344.6666666666667
3.07365955E8	0.0
3.073668425E8	0.0
3.07367728E8	19.0
3.07368608E8	0.0
3.073694805E8	73.0
3.0737035E8	318.0729166666667
3.073712185E8	22.0
3.07372084E8	287.6666666666667
3.073729445E8	0.0
3.07373801E8	190.51612903225808
3.07374652E8	0.0
3.07375497E8	233.27403846153845
3.07376337E8	316.1818181818182
3.07377173E8	281.4
3.073780065E8	295.15384615384613
3.07378836E8	0.0
3.073796625E8	0.0
3.07380485E8	235.35294117647058
3.073812975E8	242.4
3.073821025E8	445.75
3.073829055E8	20.0
3.07383704E8	0.0
3.073844975E8	207.41666666666666
3.073852875E8	19.0
3.07386072E8	274.15384615384613
3.07386853E8	0.0
3.073876335E8	0.0
3.07388411E8	247.9
3.073891845E8	20.0
3.073899525E8	304.4
3.073907155E8	186.0
3.073914765E8	187.0
3.073922355E8	0.0
3.07392992E8	0.0
3.073937465E8	20.0
3.073944975E8	19.0
3.073952445E8	0.0
3.073959905E8	0.0
3.073967355E8	0.0
3.073974755E8	0.0
3.073982085E8	284.92857142857144
3.07398938E8	0.0
3.07399665E8	0.0
3.074003845E8	0.0
3.074010975E8	21.0
3.07401809E8	22.0
3.074025195E8	0.0
3.074032295E8	0.0
3.074039365E8	0.0
3.0740464E8	0.0
3.0740534E8	0.0
3.074060365E8	0.0
3.07406728E8	240.75
3.07407414E8	0.0
3.07408095E8	0.0
3.07408771E8	0.0
3.074094455E8	26.0
3.07410119E8	0.0
3.07410791E8	0.0
3.074114535E8	0.0
3.074121015E8	0.0
3.07412743E8	322.9230769230769
3.07413383E8	0.0
3.07414021E8	0.0
3.07414658E8	0.0
3.07415294E8	0.0
3.074159275E8	0.0
3.074165575E8	0.0
3.07417184E8	0.0
3.074178075E8	0.0
3.074184285E8	21.0
3.07419046E8	0.0
3.074196585E8	0.0
3.07420267E8	269.2
3.07420871E8	21.666666666666668
3.07421472E8	0.0
3.074220725E8	235.5
3.07422671E8	0.0
3.074232665E8	0.0
3.074238595E8	0.0
3.074244515E8	19.0
3.07425042E8	160.05882352941177
3.074256305E8	0.0
3.074262165E8	0.0
3.074268005E8	147.0
3.074273815E8	136.0
3.074279595E8	260.1923076923077
3.07428537E8	0.0
3.07429113E8	0.0
3.074296855E8	0.0
3.07430254E8	72.0
3.07430819E8	0.0
3.074313815E8	19.0
3.074319415E8	0.0
3.07432497E8	0.0
3.074330485E8	0.0
3.074335975E8	0.0
3.074341455E8	189.93617021276594
3.07434693E8	0.0
3.0743524E8	0.0
3.074357865E8	157.0
3.074363325E8	191.0
3.07436878E8	0.0
3.07437422E8	21.0
3.07437964E8	0.0
3.07438504E8	173.5
3.074390425E8	161.52042360060514
3.07439579E8	0.0
3.074401125E8	0.0
3.07440644E8	83.0
3.07441174E8	155.5
3.074417025E8	0.0
3.07442227E8	0.0
3.07442747E8	0.0
3.07443264E8	188.60836501901142
3.074437785E8	0.0
3.0744429E8	0.0
3.07444798E8	220.0
3.074453045E8	0.0
3.0744581E8	19.0
3.074463125E8	68.5
3.07446812E8	187.97802197802199
3.074473085E8	0.0
3.074478015E8	0.0
3.074482925E8	0.0
3.074487815E8	0.0
3.07449269E8	0.0
3.074497555E8	0.0
3.07450239E8	0.0
3.0745072E8	0.0
3.07451198E8	0.0
3.074516695E8	19.0
3.074521375E8	0.0
3.074526035E8	0.0
3.07453067E8	272.0
3.07453528E8	0.0
3.07453982E8	19.0
3.074544305E8	0.0
3.074548775E8	0.0
3.07455321E8	0.0
3.074557615E8	0.0
3.07456201E8	19.0
3.07456637E8	0.0
3.0745707E8	0.0
3.07457503E8	0.0
3.07457932E8	0.0
3.07458353E8	226.33333333333334
3.0745877E8	0.0
3.07459185E8	0.0
3.074595975E8	0.0
3.07460009E8	0.0
3.07460419E8	0.0
3.074608275E8	0.0
3.07461234E8	0.0
3.07461637E8	0.0
3.07462037E8	0.0
3.07462436E8	0.0
3.074628295E8	0.0
3.074632175E8	0.0
3.07463604E8	142.5
3.074639885E8	0.0
3.074643725E8	0.0
3.07464756E8	166.66666666666666
3.074651385E8	133.5
3.0746552E8	0.0
3.074659E8	0.0
3.074662785E8	0.0
3.07466655E8	211.21428571428572
3.07467028E8	0.0
3.07467397E8	0.0
3.07467764E8	0.0
3.074681295E8	0.0
3.074684925E8	0.0
3.074688535E8	180.2
3.074692125E8	117.71428571428571
3.07469565E8	130.3846153846154
3.0746991E8	0.0
3.07470252E8	0.0
3.074705915E8	0.0
3.07470929E8	0.0
3.07471266E8	0.0
3.07471601E8	0.0
3.07471933E8	106.0
3.074722625E8	0.0
3.0747259E8	0.0
3.07472917E8	0.0
3.074732435E8	0.0
3.07473569E8	0.0
3.07473894E8	164.0
3.07474218E8	0.0
3.07474541E8	0.0
3.07474863E8	0.0
3.074751825E8	0.0
3.074754995E8	0.0
3.074758155E8	0.0
3.0747613E8	130.0
3.074764425E8	0.0
3.074767535E8	0.0
3.07477063E8	0.0
3.07477372E8	0.0
3.074776785E8	0.0
3.074779805E8	0.0
3.0747828E8	0.0
3.074785785E8	0.0
3.07478873E8	0.0
3.074791635E8	130.6
3.074794525E8	0.0
3.07479739E8	0.0
3.07480024E8	0.0
3.074803065E8	0.0
3.074805865E8	0.0
3.07480866E8	0.0
3.07481141E8	20.0
3.07481412E8	21.0
3.074816825E8	0.0
3.0748195E8	0.0
3.07482213E8	0.0
3.074824735E8	0.0
3.074827325E8	20.0
3.074829885E8	20.0
3.074832415E8	0.0
3.074834925E8	0.0
3.07483741E8	0.0
3.07483986E8	0.0
3.07484227E8	0.0
3.07484466E8	0.0
3.07484705E8	0.0
3.07484943E8	0.0
3.074851795E8	0.0
3.074854115E8	0.0
3.07485639E8	0.0
3.074858655E8	126.0
3.074860915E8	0.0
3.074863175E8	0.0
3.07486542E8	0.0
3.07486762E8	0.0
3.074869785E8	0.0
3.074871945E8	0.0
3.07487409E8	0.0
3.07487621E8	0.0
3.0748783E8	0.0
3.074880335E8	0.0
3.07488232E8	0.0
3.07488428E8	0.0
3.074886225E8	0.0
3.0748881E8	0.0
3.07488991E8	0.0
3.07489172E8	0.0
3.07489351E8	0.0
3.074895275E8	0.0
3.07489703E8	0.0
3.07489878E8	0.0
3.07490053E8	0.0
3.074902265E8	0.0
3.07490395E8	0.0
3.074905575E8	0.0
3.074907135E8	0.0
3.07490864E8	0.0
3.07491012E8	0.0
3.074911565E8	0.0
3.07491297E8	0.0
3.074914355E8	0.0
3.074915695E8	0.0
3.074916995E8	0.0
3.074918285E8	0.0
3.074919565E8	19.0
3.07492084E8	0.0
3.07492211E8	0.0
3.07492338E8	0.0
3.074924645E8	0.0
3.074925885E8	0.0
3.074927095E8	0.0
3.074928275E8	0.0
3.074929365E8	0.0
3.074930385E8	0.0
3.074931395E8	0.0
3.07493239E8	0.0
3.07493338E8	0.0
3.07493436E8	0.0
3.07493525E8	0.0
3.074936035E8	0.0
3.07493678E8	0.0
3.074937455E8	0.0
3.07493806E8	0.0
