# Position (bp)	A	C	G	T	N
0.0	32.65452175058089	20.936658916207797	23.832958616051936	22.575860717159376	0.0
1.0	30.372001008187947	18.347973937486483	19.920600039237886	31.347151095067744	0.012273920019939674
2.0	28.843805078268304	20.275656721508003	20.189429217913005	30.68498865391545	0.006120328395235874
3.0	28.665179843259818	20.983887818875708	20.96915865842521	29.38093567174114	8.380076981299818E-4
4.0	29.713032442747323	20.693113900797314	20.811289655858054	28.78200532991154	5.586706857682668E-4
5.0	30.158094109545303	20.386062017652495	20.425195472397135	29.030086133534166	5.622668708973287E-4
6.0	29.57034060202213	20.4743503699974	21.0480389724941	28.906991626888367	2.784285979963419E-4
7.0	29.18164644631707	20.64817478760899	20.363891685174266	29.805910083321375	3.7699757829744694E-4
8.0	29.27987073828942	20.51543239580929	20.613351195079996	29.590866194717076	4.794761042200617E-4
9.0	29.478302994765	20.57721476071042	20.72589437805511	29.218364897290034	2.2296917944138748E-4
10.0	29.53346669129019	20.492302982342707	20.731632105587394	29.24250757054495	9.065023475910107E-5
11.0	29.501111349548097	20.5240928058243	20.576436242274436	29.39819600476938	1.6359758378521713E-4
12.0	29.564391281663372	20.52873531515975	20.69553420339286	29.211219619555973	1.1958022805222941E-4
13.0	29.608547330285223	20.453942895457658	20.502322275249828	29.43467198483268	5.155141746118031E-4
14.0	29.54465260456679	20.4669173148157	20.545323311111225	29.440500181025946	0.0026065884803295938
15.0	29.500876818810955	20.50342627492729	20.650140694395944	29.34521159513454	3.446167312715345E-4
16.0	29.509865009941215	20.506045937495045	20.630081498888444	29.35345966766278	5.478860125146067E-4
17.0	29.4266500308626	20.500387039792326	20.635296390974688	29.43725778246369	4.0875590669508036E-4
18.0	29.387464495594408	20.596517847732176	20.799584315272327	29.212992313464483	0.0034410279366107366
19.0	29.44079808661315	20.556864009527676	20.68170563711599	29.32030611848643	3.2614825675585633E-4
20.0	29.407003889677647	20.58325408383758	20.661147710946203	29.34813652926554	4.5778627303374065E-4
21.0	29.38728891893268	20.62333123521396	20.71074595932361	29.277445097295036	0.0011887892347133622
22.0	29.41249863780826	20.60820212970248	20.622691757569125	29.355720818821602	8.866560985343195E-4
23.0	29.420740664184684	20.55107698437264	20.569356283437177	29.45845231081436	3.737571911375361E-4
24.0	29.39574045734541	20.61439902298379	20.707257384037643	29.282257145319434	3.4599031372165555E-4
25.0	29.41130305899298	20.601623053909435	20.634074114662347	29.352618083994024	3.816884412127687E-4
26.0	29.327936771835	20.627424027476547	20.655682312450114	29.388510903042274	4.459851960638311E-4
27.0	29.30963203707003	20.649953832952896	20.76523488853659	29.274584838545803	5.944028946788947E-4
28.0	29.358839757780565	20.62428433717613	20.698987421649086	29.317004707818384	8.837755758338965E-4
29.0	29.387292926149804	20.602842473281243	20.639783116611138	29.36900351680029	0.001077967157523566
30.0	29.329879145694733	20.670498212201323	20.73449300991386	29.262766456499072	0.002363175691009452
31.0	29.38290675715231	20.61861841992195	20.636385158170462	29.361293333362525	7.963313927542122E-4
32.0	29.338166728448144	20.632016276134276	20.647566321904534	29.380447443798218	0.00180322971482739
33.0	29.360130367969244	20.625922311341174	20.721962401954862	29.285191798957456	0.00679311977726478
34.0	29.401627092232573	20.624134038272643	20.67370785263537	29.282379461617086	0.01815155524232641
35.0	29.37362452971558	20.581493141377	20.64081915296411	29.403554068322425	5.091076208888774E-4
36.0	29.31794152258179	20.672241263255824	20.73548346643092	29.273664494302977	6.692534284864982E-4
37.0	29.370266568943705	20.601084849445535	20.66635409131867	29.361457609171666	8.368811204230313E-4
38.0	29.309314793027198	20.642535459829524	20.67973068477463	29.367758871826883	6.601905417689756E-4
39.0	29.30148322560524	20.672918056392092	20.725748768302626	29.29940233329706	4.4761640298243065E-4
40.0	29.326484818841404	20.69168862462218	20.6987510840733	29.282560423480458	5.150489826554859E-4
41.0	29.324335391957156	20.62675119563249	20.642015624647374	29.40642306746496	4.7472029802011833E-4
42.0	29.30155245035493	20.707933155962106	20.719552555599098	29.270588854906144	3.7298317772470167E-4
43.0	29.374386733905766	20.634649353579984	20.624554648100922	29.366039160175045	3.7010423828539544E-4
44.0	29.340808728656576	20.645336751031497	20.604663548752562	29.40883123068791	3.5974087145547315E-4
45.0	29.314297690897146	20.66697771350223	20.71084089600444	29.30750578848843	3.779111077492352E-4
46.0	29.330038775704075	20.679329652394628	20.66710650587552	29.323107924516773	4.171415089998055E-4
47.0	29.292176799362153	20.63132487992531	20.658714669056362	29.41727315235212	5.104993040543163E-4
48.0	29.33274626289122	20.67851560325507	20.714004266903295	29.274272604472007	4.61262478408371E-4
49.0	29.371716652747082	20.644235799787435	20.631280775418954	29.35156539501886	0.0012013770276714417
50.0	29.3405298060399	20.670066809764872	20.616597024396636	29.369738223370323	0.0030681364282705544
51.0	29.292243722995508	20.703112737799202	20.68614904824566	29.317427916212313	0.001066574747315716
52.0	29.309915590200557	20.689303944804784	20.627187755201025	29.371584495772296	0.0020082140213320402
53.0	29.296011324678588	20.627042059356356	20.623864764807536	29.451741549416628	0.0013403017408930202
54.0	29.30806543405608	20.699196871467265	20.679001535333846	29.312956108142522	7.800510002871908E-4
55.0	29.34173788661825	20.68498092770927	20.586190216199643	29.38665734523731	4.3362423552703117E-4
56.0	29.33225956103151	20.66291169001498	20.61028716801149	29.394068478330134	4.731026118924905E-4
57.0	29.318801420531653	20.684636667687307	20.65046944759163	29.34563862718705	4.538370023663623E-4
58.0	29.33273785437855	20.65596871442771	20.61408665278899	29.394368326629333	0.002838451775417869
59.0	29.30918735436852	20.63632872968443	20.60080530797305	29.453050824046063	6.277839279396168E-4
60.0	29.300143908718717	20.68806720100644	20.65255851447701	29.358686114493	5.442613048349017E-4
61.0	29.33183353259298	20.659807893479847	20.594542513109005	29.412596087472025	0.0012199733461373049
62.0	29.300427552246994	20.658431488972912	20.581821359971787	29.458567431892575	7.521669157389191E-4
63.0	29.296128129311956	20.674474081677506	20.642459811775833	29.385515660164018	0.001422317070688317
64.0	29.362120467349794	20.622549588441686	20.563610956460742	29.450837263336037	8.817244117382456E-4
65.0	29.327617702258852	20.600582863038678	20.543675533829408	29.52378669724488	0.004337203628180825
66.0	29.310684220848444	20.6831463948991	20.606686051371977	29.398727560570233	7.557723102456248E-4
67.0	29.36527355331081	20.643515626658697	20.56908757079631	29.421771615374954	3.516338592276007E-4
68.0	29.315355571252123	20.61356557202803	20.574382204737514	29.49621454504534	4.821069369964009E-4
69.0	29.318807344111764	20.657413122887235	20.589538631662183	29.43096820880727	0.003272692531553025
70.0	29.33604449715766	20.662122219290715	20.531079179362823	29.470190279797343	5.638243914600629E-4
71.0	29.384664835307596	20.594424057664416	20.503307251446405	29.51312801488862	0.004475840692967725
72.0	29.36510539578417	20.612528542336566	20.566693853984972	29.45235060162811	0.0033216062661841354
73.0	29.397568369924464	20.588068211623348	20.47935044997132	29.534007687086817	0.0010052813940519551
74.0	29.33946020118825	20.580687233310023	20.501379809003765	29.578152397548678	3.203589492821163E-4
75.0	29.35589845609023	20.614325921710012	20.553186763205176	29.47626020185693	3.286571376578278E-4
76.0	29.388806837538418	20.609185526231926	20.496440570046083	29.505224496912234	3.425692713380314E-4
77.0	29.39288137438628	20.564450671084973	20.489977185089337	29.552381350551926	3.094188874858461E-4
78.0	29.349006320081877	20.61423393376212	20.57358801030331	29.462773012223987	3.9872362870400007E-4
79.0	29.378369997464894	20.597309484093152	20.50806406205809	29.51571103265131	5.454237325553686E-4
80.0	29.37823606919926	20.57212364649537	20.51187326084512	29.534873955649832	0.002893067810417791
81.0	29.37079829935618	20.601617838314734	20.55334395092738	29.47367803717848	5.618742232254399E-4
82.0	29.407685620885022	20.577878527771322	20.480145836399124	29.53306322077382	0.0012267941707097847
83.0	29.407402071564615	20.544144915794096	20.444565607537044	29.603229217743742	6.581873605019179E-4
84.0	29.40183723714035	20.587493440994653	20.521365680218654	29.487028013643705	0.0022756280026419123
85.0	29.44438811191051	20.530823930809326	20.458161859892023	29.565561855930678	0.001064241457466851
86.0	29.449561056659938	20.52692956254947	20.431366568342156	29.58974109171709	0.0024017207313386997
87.0	29.407492548696652	20.570002944313668	20.504499059818194	29.514505439332194	0.0035000078392930043
88.0	29.437345777586106	20.53473195559615	20.4574361394608	29.569235056827083	0.0012510705298639689
89.0	29.43582473475669	20.50860513765919	20.421611052627604	29.63120098175777	0.0027580931987457894
90.0	29.40959257103863	20.58378672185073	20.505134384348242	29.500507248021705	9.790747406948613E-4
91.0	29.46363853287605	20.534605729797807	20.431873556652054	29.566507298393073	0.003374882281016949
92.0	29.45047844062713	20.519248251554757	20.42083264990641	29.609317444561057	1.2321335065089894E-4
93.0	29.436515919228395	20.54434467339105	20.450264597529163	29.568634305685947	2.4050416544625118E-4
94.0	29.460821491501754	20.521208916512844	20.40368253104254	29.61417633855658	1.1072238628192187E-4
95.0	29.465245350240888	20.481636278099366	20.37669470325923	29.676360007576957	6.366082356163474E-5
96.0	29.454413769433234	20.536708828608997	20.4387587924522	29.570107508590276	1.1100915290447345E-5
97.0	29.526674267013636	20.484558724223238	20.38577262835781	29.60298764330541	6.737099902163836E-6
98.0	29.49539316855951	20.457166114734196	20.384218134402758	29.663213497306923	9.084996616406571E-6
99.0	29.461585799282247	20.498680658855537	20.418402217447447	29.62130833977784	2.298463693076765E-5
100.0	29.501448128124746	20.475568350091926	20.36802746461678	29.654907227791522	4.882937502655097E-5
101.0	29.529906920911625	20.41125254795732	20.366868186686844	29.691859341243603	1.1300320060377609E-4
102.0	29.464913037583052	20.511734842562078	20.424611133976985	29.594714059497278	0.0040269263806092985
103.0	29.509603824423948	20.477955466292197	20.340471566974383	29.67190396346972	6.517883975243918E-5
104.0	29.523867272473435	20.454308622575258	20.308867564651408	29.712768274998393	1.8826530150688035E-4
105.0	29.511766982683298	20.482149362080342	20.322025674461205	29.68405798077515	0.0
106.0	29.581926840922222	20.441976255538425	20.24862431145336	29.727472592085995	0.0
107.0	29.589648476568094	20.38297309750952	20.22489481211557	29.802483613806817	0.0
108.0	29.571773625069163	20.411817910390806	20.263123290892374	29.753285173647654	0.0
109.0	29.604259842263193	20.35942981175351	20.211409401412354	29.82490094457095	0.0
110.0	29.59304849666945	20.331875687498727	20.198330651239534	29.876742512205222	2.6523870634807467E-6
111.0	29.526330735157263	20.398566354714674	20.26261546900808	29.812487441119984	0.0
112.0	29.590550378840796	20.358307761036027	20.243789917961646	29.80735194216153	0.0
113.0	29.578702446467055	20.333847780825632	20.213427649417326	29.874008224062003	1.3899227984060699E-5
114.0	29.547619779906924	20.370856773299003	20.29134081927718	29.790182627516888	0.0
115.0	29.734388176477356	20.224162436829346	20.250927145188925	29.790522241504373	0.0
116.0	29.85011202284277	20.09696572407278	20.22731449087915	29.82560776220531	0.0
117.0	29.618783580452035	20.279662605819876	20.152028789189387	29.949522011251258	3.013287452616808E-6
118.0	29.414498549610357	20.387068443019064	20.082002061252645	30.116430946117934	0.0
119.0	29.42125849894352	20.303994780819615	20.094693744942955	30.180052975293915	0.0
120.0	29.68451717973204	20.33255628969166	20.134414315194356	29.848512215381938	0.0
121.0	30.262906072868617	19.974616724855377	19.676064433593588	30.08641276868242	0.0
122.0	30.332942875466745	19.89664878284491	18.599680183381395	31.170728158306943	0.0
123.0	26.609478821987505	21.579791276430623	18.91585165522761	32.89487824635427	0.0
124.0	22.451127984447428	22.20977696178644	19.385270277115048	35.95382477665109	0.0
