#Position (bp)	mapping quality
384368.0	53.81358653168575
1153103.0	58.40154893837879
1921838.0	58.8219984977729
2690573.0	59.052141319383054
3459308.0	59.753577226872885
4228043.0	59.03448484322857
4996778.0	59.17954175774823
5765513.0	59.81814487909146
6534248.0	58.29762910655775
7302983.0	57.535944183611456
8071718.0	58.8659139551183
8840453.0	53.0478278533962
9609188.0	56.31282898553731
1.0377923E7	54.19893121519701
1.0801324E7	46.310367605817255
1.11856915E7	56.6820077282855
1.1915393E7	58.773899099356356
1.2684128E7	59.50100593434988
1.3452863E7	59.37897990763991
1.4221598E7	59.190268155583375
1.4990333E7	59.28438475092198
1.5759068E7	58.692318933245005
1.6527803E7	57.95643612365145
1.7296538E7	57.646165044817096
1.8065273E7	50.599376014359756
1.8834008E7	52.9844164351553
1.9602743E7	54.58719747963916
2.018777E7	47.55635080255612
2.05721375E7	44.259673241502384
2.1140213E7	47.05177525623403
2.1908948E7	53.634601400395546
2.2677683E7	58.268837158882675
2.3446418E7	58.10396280047085
2.4215153E7	59.45249165473242
2.4983888E7	58.3781730059883
2.5752623E7	57.930650133810786
2.6521358E7	59.1943277904918
2.7290093E7	54.89589463165216
2.8058828E7	53.95320339093658
2.86485735E7	57.03459509659733
2.9032941E7	56.45713185910895
2.9596298E7	58.313986914598495
3.0365033E7	58.50418211998672
3.1133768E7	59.541781231010575
3.1902503E7	59.83953996513077
3.2671238E7	58.751012635383674
3.3439973E7	58.32583236258085
3.4208708E7	57.77671379388278
3.4977443E7	58.49198576231262
3.5659712E7	56.77450149809113
3.60440795E7	53.563059808089804
3.6514913E7	57.65230363171153
3.7283648E7	57.32948575560406
3.8052383E7	58.925170702651734
3.8821118E7	57.86446406699513
3.9589853E7	51.19583563632764
4.0358588E7	59.36480267177265
4.1127323E7	57.468790234937956
4.1896058E7	59.363201987265214
4.2664793E7	58.759918098912316
4.3049519E7	24.78245041263425
4.34338865E7	50.48313496171043
4.4202263E7	45.97770943306823
4.4970998E7	37.524868257445675
4.5739733E7	30.647549885026617
4.6508468E7	38.10971804471721
4.7277203E7	42.0090589616606
4.8045938E7	39.45551713995782
4.8668911E7	33.23592900487448
4.90532785E7	47.86322207279976
4.9583408E7	59.084638789141465
5.0352143E7	59.379812457625995
5.1120878E7	59.42281636038334
5.1889613E7	59.30144449412424
5.2658348E7	59.56434572461917
5.3427083E7	58.958313474646886
5.38687855E7	59.80550666291137
5.4253153E7	52.02545086357492
5.4964553E7	49.30784164065009
5.5733288E7	48.75457347191327
5.6502023E7	55.41322412841787
5.7270758E7	54.894513864682246
5.8039493E7	56.32781208116893
5.85039505E7	55.973554750407544
5.8888318E7	45.751230316887614
5.9576963E7	46.77911458486568
6.0345698E7	48.66025105725517
6.1114433E7	44.70548605698991
6.1883168E7	49.45225895234059
6.2651903E7	45.31319284077896
6.3087631E7	41.71396857621573
6.34719985E7	31.115052830415102
6.4189373E7	47.05694788418007
6.4958108E7	49.14722183804828
6.5726843E7	52.293651649778035
6.6495578E7	52.05021110070864
6.7140034E7	47.05993998511708
6.75244015E7	53.014210637405725
6.8033048E7	55.96613637300996
6.8801783E7	57.93543101949274
6.9570518E7	57.629679235311436
7.0339253E7	57.54159629834549
7.11040115E7	56.42596728306436
7.1488379E7	3.2350484667438884
7.1876723E7	56.66481450039396
7.2645458E7	58.86642091762101
7.3414193E7	59.02244860974396
7.4182928E7	59.607751869637724
7.4951663E7	59.37211388173741
7.5358208E7	55.62302670604714
7.57425755E7	43.5279521142809
7.6489133E7	50.89828836063639
7.7257868E7	50.66533274060526
7.8026603E7	50.69561385066447
7.8795338E7	52.72293717435617
7.92080895E7	42.69430282859499
7.9592457E7	48.85037777926986
8.0332808E7	38.92978813770912
8.1101543E7	47.01684126920196
8.1870278E7	47.353389660206936
8.26063115E7	33.99308623336121
8.2990679E7	50.148685071057244
8.3407748E7	47.108586075448194
8.4176483E7	45.705643565022775
8.4945218E7	47.265283574851544
8.5713953E7	46.78742586398354
8.6362088E7	46.89396894465969
8.67464555E7	33.17474207019992
8.7251423E7	47.4932745458774
8.8020158E7	49.9864604130513
8.8788893E7	44.55153434480917
8.9557628E7	39.03666990950923
9.0098611E7	30.323286558142215
9.04829785E7	51.40983783798645
9.1095098E7	55.30123644763827
9.1863833E7	53.78806945642403
9.2632568E7	53.054726613699124
9.3401303E7	51.573018617287445
9.38242175E7	18.55250224342506
9.4208585E7	25.532337266833988
9.4938773E7	45.193720359723976
9.5707508E7	45.6137519297921
9.6476243E7	48.504122477184836
9.71220675E7	36.52106346107179
9.7506435E7	39.603108312657994
9.8013713E7	45.82827313035529
9.8782448E7	46.52268533238467
9.9551183E7	37.4588213302451
1.00269334E8	42.816127973237286
1.006537015E8	26.075569611072726
1.01088653E8	48.29531645235269
1.01857388E8	53.57230067600114
1.02626123E8	53.93462911463659
1.033545365E8	54.62812207011271
1.03738904E8	25.41495989336942
1.04163593E8	32.16159376659156
1.04932328E8	34.343870540146746
1.05701063E8	44.83754225950056
1.06347158E8	37.574978873060104
1.067315255E8	45.71059012266128
1.07238533E8	51.09913922132589
1.08007268E8	46.53366384701484
1.08776003E8	46.34530147975974
1.09309377E8	53.4663796043129
1.096937445E8	54.661510220889866
1.10313473E8	56.477307514074894
1.11082208E8	59.439571434476505
1.11850943E8	47.004284811460835
1.12235708E8	1.340559731087359
1.126200755E8	43.57679850530942
1.13388413E8	40.29411632747501
1.14157148E8	45.696994456929566
1.147696095E8	43.742599052298615
1.15153977E8	41.94891994787839
1.15694618E8	43.1863243781487
1.16463353E8	45.02181866994912
1.17232088E8	50.30276813275041
1.17668795E8	46.98451668847172
1.180531625E8	57.82198773651832
1.18769558E8	59.18830374202369
1.19538293E8	57.94476954558932
1.2014897E8	58.86774064107038
1.205333375E8	50.8229310392861
1.21075763E8	49.38414181378224
1.21844498E8	53.20381071072094
1.225916085E8	35.37753385873561
1.22975976E8	43.80102786425719
1.23381968E8	55.276775918786555
1.24150703E8	54.067907715931916
1.24919438E8	51.38639674578554
1.253769895E8	47.96905185163054
1.25761357E8	43.29604778409681
1.26456908E8	46.718227373092105
1.27225643E8	47.25018108144889
1.277254535E8	41.536297459180915
1.28109821E8	41.2794274630628
1.28763113E8	51.63967205114251
1.29531848E8	50.33530493251541
1.300272615E8	39.0592145892934
1.30411629E8	42.585645300003186
1.31069318E8	35.92937346531048
1.31838053E8	46.49628296884797
1.322676755E8	45.299430775289686
1.32652043E8	49.054734608855114
1.33375523E8	51.15551396343434
1.34030498E8	49.50971445361101
1.344148655E8	34.93832673048785
1.34912993E8	47.0369678682818
1.35681728E8	47.704245498781106
1.361569665E8	44.72165058139578
1.36541334E8	28.19146391716232
1.37219198E8	39.02815080841459
1.37895604E8	41.25206737818141
1.382799715E8	34.75787394101516
1.38756668E8	44.57121848721486
1.39525403E8	42.76736722261106
1.400102465E8	44.34239091935679
1.40394614E8	42.65747649748418
1.41062873E8	53.212491458389295
1.417121025E8	49.41862876611283
1.4209647E8	42.687567854436296
1.42600343E8	43.734308318933984
1.43369078E8	45.35372813823808
1.437831155E8	10.006933325192232
1.44167483E8	38.70414069718218
1.44906548E8	31.399499639093232
1.45465214E8	24.34605804254718
1.458495815E8	47.17133692271596
1.46444018E8	44.97402154974919
1.47106683E8	44.32080794582491
1.474910505E8	47.42216799454098
1.47981488E8	37.37128252875351
1.48737048E8	35.845873840425384
1.491214155E8	29.367754280762636
1.49518958E8	46.28169882127858
1.50287693E8	49.801602671201096
1.50728883E8	50.549637151784424
1.511132505E8	51.73055202909213
1.51825163E8	49.25566626302766
1.52332369E8	46.04317021764087
1.527167365E8	58.28124512617791
1.53362633E8	58.894235245561006
1.5389724E8	52.83662554839955
1.542816075E8	28.40792111312032
1.54900103E8	27.3536653299185
1.55461321E8	30.117047426436915
1.558456885E8	55.46281358075256
1.56437573E8	57.4856895224721
1.57018682E8	53.37130123257262
1.574030495E8	14.149603766192905
1.57975043E8	28.52660195955603
1.585640605E8	50.151124980473995
1.58948428E8	57.33101392105575
1.59512513E8	56.26418617165395
1.6009777E8	52.446232096347714
1.604821375E8	27.32459122824471
1.61049983E8	41.67523233548074
1.616289075E8	49.82373898606251
1.62013275E8	53.24808016498125
1.62587453E8	40.09031868451024
1.631586895E8	31.527740262773527
1.63543057E8	54.986879890306135
1.64124923E8	55.158091949161864
1.64685819E8	42.07941794733784
1.650701865E8	45.57520974286452
1.65662393E8	48.31680880013278
1.66204869E8	48.84320122850595
1.665892365E8	29.141693510679854
1.67199863E8	48.20702345714012
1.67707403E8	22.02929143918539
1.680917705E8	56.21556792456853
1.68737333E8	50.02732170433667
1.69197014E8	47.7933298181182
1.695813815E8	46.134109446272724
1.70274803E8	41.15271545780638
1.706842435E8	40.44323220305374
1.71068611E8	48.288128109249406
1.717757825E8	45.7894363263627
1.7216015E8	40.93044129939757
1.72581008E8	55.252925857643994
1.732448375E8	55.021670697958214
1.73629205E8	45.67661152761819
1.74118478E8	39.26862149180568
1.7470787E8	36.056983303694395
1.750922375E8	39.385896822140154
1.75655948E8	43.32401035857107
1.761671155E8	29.376064437219302
1.76551483E8	46.3632862775167
1.77193418E8	51.28479658524385
1.775981795E8	21.09934719734821
1.77982547E8	58.56441334375552
1.786433205E8	57.605512681789364
1.79027688E8	45.19832563245961
1.79499623E8	47.61132698473788
1.80059845E8	51.9759381947033
1.804442125E8	49.20091410936731
1.81037093E8	51.20475292562391
1.814629515E8	29.40376192469289
1.81847319E8	29.275534593756177
1.824697645E8	30.34322054633251
1.82854132E8	53.91694706751624
1.83343298E8	36.21521132161737
1.83845386E8	49.99664519718646
1.842297535E8	25.506773055243684
1.848263935E8	40.886411461970155
1.85210761E8	39.88597648815779
1.85649503E8	54.311819438437496
1.861815255E8	56.78755457248738
1.86565893E8	38.68154410441002
1.871516995E8	40.63419749948769
1.87536067E8	47.65679640799577
1.87955708E8	46.36232352987247
1.88487033E8	40.42249956644917
1.888714005E8	33.77285199915994
1.89437117E8	48.572970786899845
1.898214845E8	46.6679152554852
1.90261913E8	47.105997151414016
1.907655555E8	49.78226121300194
1.91149923E8	46.13884337073981
1.917006725E8	47.71336845580631
1.9208504E8	45.475386076984684
1.92568118E8	46.44912862975856
1.93014003E8	54.23420927315227
1.933983705E8	30.293236129559897
1.939421735E8	32.837964945403016
1.94326541E8	41.6660226400305
1.948700135E8	38.76308496845366
1.95254381E8	40.00110863049728
1.95643058E8	49.168801406050946
1.96173218E8	41.26085485233936
1.965575855E8	38.38084740213005
1.970859405E8	39.06108381861937
1.97470308E8	29.013889684082287
1.97949263E8	38.940975805310615
1.98379719E8	22.722834712256745
1.987640865E8	29.0559540133385
1.99284827E8	33.59625351872532
1.996691945E8	28.24558564901585
2.001689555E8	31.442574472610346
2.00553323E8	40.51121626668656
2.01024203E8	40.23700364584337
2.0143258E8	31.40813065804117
2.018169475E8	31.75197723050036
2.023091665E8	38.86620909679427
2.02693534E8	40.28335956752373
2.03168465E8	47.226396778285185
2.035528325E8	29.62273776721475
2.04022535E8	38.34339798030129
2.044069025E8	36.13496778767225
2.048603755E8	38.78713076838369
2.05244743E8	4.300220651146035
2.05636613E8	48.20424186479271
2.060816995E8	33.25411073427483
2.06466067E8	51.128475693136
2.069158215E8	32.98104283176889
2.07300189E8	48.048282540043616
2.07743072E8	41.554454381706165
2.081274395E8	41.82136125417013
2.08563085E8	36.309775306183354
2.089474525E8	31.40075364895446
2.09377998E8	50.226936471520034
2.097623655E8	32.531118166138086
2.101865875E8	24.024308022474102
2.10570955E8	34.440636123945836
2.10991954E8	47.60596699341748
2.113763215E8	24.345077102117422
2.117807295E8	43.0498679060995
2.12165097E8	40.32140540648419
2.12555228E8	40.15393226161833
2.12951007E8	39.27284444588686
2.133353745E8	27.185130725489756
2.137362725E8	39.37839121288503
2.1412064E8	31.58518732845003
2.145168735E8	30.21963980657465
2.14901241E8	57.791793151218336
2.15295174E8	58.07784257858971
2.156795415E8	42.88650846247292
2.160708055E8	8.371324246031751
2.16455173E8	43.09465208182216
2.16845987E8	17.01628135495446
2.172303545E8	56.575207911786
2.176193275E8	57.78557038114404
2.18003695E8	38.96612279294182
2.183870575E8	32.78287535385077
2.18771425E8	40.67018830700346
2.191437085E8	37.97204819552546
2.19528076E8	47.74856430728478
2.19895419E8	31.131160170990675
2.202797865E8	43.486699275393946
2.20645687E8	36.7852572647294
2.21025053E8	46.799961558572704
2.21390679E8	52.63860213366802
2.217493495E8	35.326930922188794
2.22133717E8	34.75651137757354
2.22491112E8	31.37506337331739
2.228754795E8	33.7464088542887
2.232300165E8	39.928308239377756
2.23614384E8	24.62944290069892
2.239617555E8	26.194938791180487
2.24346123E8	54.91334134170511
2.2468963E8	42.2035991251664
2.250739975E8	27.880237100941685
2.254154375E8	32.16321432537846
2.25799805E8	32.0216693926179
2.261404185E8	35.49718692426784
2.26524786E8	57.045338227777954
2.2685767E8	57.8763486502119
2.272420375E8	34.66512558041277
2.275674865E8	9.420697361667846
2.27901798E8	47.366014575563035
2.282642395E8	38.814291723128385
2.28575658E8	44.95435728312403
2.289600255E8	43.47630494225919
2.29270193E8	45.85779305354002
2.296545605E8	37.398693791203684
2.299644725E8	43.74506661258363
2.3034884E8	29.88910098923571
2.30655893E8	31.909126257422006
2.309973965E8	44.06238384976398
2.313463715E8	34.492365067182654
2.31650276E8	36.20913965574973
2.320346435E8	25.685191819937604
2.32330417E8	50.896126769741045
2.327147845E8	33.393291486612306
2.33008396E8	34.1882721490463
2.333832675E8	43.15161773472552
2.336859445E8	13.082898206751056
2.33975938E8	48.41894426369503
2.343603055E8	47.92356392413699
2.346438945E8	54.79261146574031
2.35028262E8	40.00868017296511
2.353116695E8	27.328193400668937
2.35668032E8	45.81403758299048
2.359736405E8	49.44966275630184
2.36248209E8	44.0030279663108
2.366325765E8	46.40242347755786
2.36905892E8	46.220924133080494
2.372902595E8	42.17112987472223
2.375596255E8	41.713941567529744
2.378457775E8	27.784875688258847
2.38209635E8	36.885269309998336
2.384723095E8	34.165442616375024
2.38856677E8	32.51013656561999
2.391161115E8	34.02633334937895
2.394117615E8	45.24978278895884
2.39756603E8	58.84656171414231
2.40012063E8	57.416081181228
2.403964305E8	24.956980053459468
2.40651522E8	20.753188769865083
2.40935513E8	38.26886482112738
2.41282414E8	25.787164836812163
2.415260005E8	25.52421617032324
2.41910368E8	56.58668954041329
2.42153892E8	27.017992177314213
2.423992835E8	34.348234188215244
2.427812845E8	49.97693993780209
2.430194555E8	38.20506617952008
2.43354977E8	49.507268598425185
2.436401495E8	33.986241991701725
2.43875304E8	48.17439585027497
2.442596715E8	48.63472095365886
2.44494215E8	42.72450453785648
2.447631205E8	49.2660703385313
2.451110035E8	29.26698904454405
2.45340206E8	32.59668098216253
2.45672164E8	53.99506070732487
2.45942791E8	25.562882474626146
2.46158155E8	36.85318803677145
2.46536439E8	52.77766191622946
2.46757852E8	25.2639050740471
2.469695205E8	28.803414457003697
2.47353888E8	40.434667346238804
2.47564574E8	46.6006387453134
2.47805319E8	22.41315396800739
2.48157783E8	48.376673263703466
2.48365893E8	47.758050614103496
2.486381075E8	44.31748149918142
2.489579875E8	31.19080251097386
2.49165224E8	31.333583162317307
2.49467076E8	38.98641107511459
2.4975636E8	45.50908592402312
2.499626485E8	42.56671789654611
2.502879155E8	40.35744090342895
2.5054851E8	29.2878752020739
2.507484705E8	37.61487958395734
2.510885645E8	46.253440511668266
2.51332072E8	33.88648369134528
2.51527848E8	19.8670784473119
2.51873065E8	33.45343622872108
2.5210593E8	54.08701780810029
2.5229909E8	47.50415328899163
2.52643082E8	24.89035638737665
2.5287344E8	52.84868941780375
2.53058026E8	56.67668298247289
2.5338655E8	28.327195159556293
2.53626707E8	33.54808242550125
2.53810996E8	34.25231146860222
2.541215335E8	29.794040569888644
2.543774555E8	24.447587754822308
2.545591305E8	33.680960320451916
2.54848343E8	47.46005645349869
2.551248655E8	40.58289946613258
2.553049575E8	46.012645319129454
2.555674465E8	26.20613646369983
2.55866877E8	42.985662459351076
2.560427725E8	39.6632232594797
2.562705875E8	40.43800508659448
2.56600938E8	25.66535548164943
2.56774153E8	41.671923338379976
2.569624935E8	35.44922905832242
2.57304699E8	55.017531347644855
2.57500726E8	32.51084225553176
2.576711905E8	24.425010994960378
2.57986484E8	41.3218894622405
2.582258865E8	58.600162201876344
2.583930965E8	47.3166957302346
2.586566015E8	46.420765882998225
2.58942833E8	37.85385864757137
2.5910475E8	34.85960872944737
2.593058495E8	45.822752599302824
2.59625725E8	40.42297622836701
2.59808993E8	43.271593021932155
2.59968316E8	29.778713689532413
2.60263454E8	34.87742001491779
2.60511936E8	46.885774220615765
2.60669987E8	44.205858877253355
2.60895678E8	45.30771891213909
2.61207803E8	38.052461967746574
2.613664795E8	54.35916336225512
2.61520696E8	45.199925215532
2.61824593E8	56.435747306663245
2.62058165E8	37.02365219064998
2.622109925E8	35.508457927973275
2.624361765E8	59.03831216869598
2.627407855E8	21.414568056142734
2.62899969E8	26.12508940406824
2.63050826E8	35.169267850541765
2.633441895E8	39.933858556913464
2.635851015E8	24.071230048746887
2.63733667E8	8.46031061673038
2.639380475E8	43.45730003747023
2.64231582E8	32.96215405424918
2.64411569E8	34.77427182331133
2.645558915E8	17.325699525543897
2.648102425E8	45.3952985125659
2.65083559E8	34.155840772413605
2.65224529E8	53.21940994020847
2.653750005E8	42.278841199554044
2.65651351E8	35.06716315026046
2.65885247E8	43.1170956692105
2.66021552E8	39.66749577144558
2.66196816E8	41.51242841927579
2.664682985E8	34.988082261128966
2.66677402E8	25.675362845006667
2.668104465E8	21.66390511588886
2.670024795E8	43.006196426964884
2.672676815E8	13.474282611367599
2.67460016E8	28.56558576309045
2.67590504E8	17.937816843161762
2.67790844E8	33.157021961785304
2.680494615E8	27.88530207083785
2.68233489E8	46.12826541752577
2.683623315E8	39.97857065045699
2.685626535E8	45.24858646713029
2.688141505E8	39.30714869972525
2.68998196E8	33.36597251242151
2.691212125E8	34.02329345432176
2.69305491E8	27.406989857203396
2.69544969E8	38.94145965307083
2.69745058E8	34.67543331837455
2.698635095E8	46.09551925698
2.700194335E8	44.747533323833295
2.7025476E8	35.408363026117314
2.704832035E8	48.02624272867101
2.706000615E8	55.621210625588596
2.707192135E8	25.875431735949384
2.70946674E8	34.479607087036385
2.711728175E8	28.300603880216787
2.713243835E8	12.99293740681263
2.714361945E8	26.71983839857918
2.71620605E8	45.2104045125906
2.718435565E8	47.84168766848774
2.720435135E8	30.36432656688576
2.721547675E8	15.117407290837798
2.722872195E8	30.429027357182683
2.725064275E8	38.34122006816093
2.727249785E8	34.974374035370566
2.72867561E8	38.72473464734276
2.729767215E8	34.38240208667871
2.731596875E8	26.297105141122607
2.733731465E8	11.736632920699245
2.73574548E8	24.863355120009846
2.736806165E8	8.321117826334005
2.737972355E8	45.82273944500907
2.74008185E8	28.527965119218276
2.7421821E8	32.03447202149679
2.74380672E8	53.2180161070055
2.744841805E8	46.471183745595155
2.746317545E8	23.426039193998868
2.74835029E8	35.67929913334819
2.750368585E8	47.99811609613867
2.751721665E8	16.781042382588776
2.752717585E8	34.446320343017575
2.754346305E8	52.46271559499546
2.75629477E8	48.56825785145831
2.75822252E8	50.59097554608456
2.75947145E8	19.982513999979673
2.760430425E8	26.913653560329685
2.762057895E8	47.44605420556462
2.763968555E8	46.083639137012185
2.76587426E8	29.176115681919626
2.767135505E8	26.38653776392792
2.76808458E8	29.69266852405231
2.76967139E8	53.64867419127788
2.77156076E8	25.29193376411495
2.773432765E8	33.17194322700962
2.774748495E8	26.60773295838117
2.775673295E8	33.51920388559911
2.77713495E8	18.2051858466169
2.77897569E8	30.245661696803165
2.780813245E8	19.999950600556097
2.78227624E8	39.921756447936275
2.78318713E8	26.14374499520261
2.78445831E8	45.46750175285276
2.78624475E8	38.107767451163554
2.78799759E8	37.55926242854257
2.7896884E8	48.952638789154456
2.79055951E8	14.469464607324127
2.791480645E8	45.77113616132262
2.793219045E8	21.068326784288924
2.794951505E8	22.78745085706113
2.796670295E8	41.151087003179974
2.797860375E8	38.163372315960416
2.798713395E8	48.88574106708406
2.80007599E8	39.25902262194344
2.801762495E8	47.608145941256545
2.8034403E8	42.07657577728237
2.80507948E8	38.26027311491882
2.805915035E8	30.882568423256057
2.80677891E8	23.485495604507747
2.80844071E8	32.09149742226845
2.810100155E8	35.4967065997283
2.81175222E8	36.413911017550724
2.813072575E8	29.378249420065277
2.81389511E8	34.77919554588762
2.81503931E8	29.309953732318505
2.816671245E8	25.651192995394304
2.81829173E8	39.51023985587069
2.819906385E8	44.133804137538796
2.820985375E8	32.10543043973013
2.821788915E8	27.60356370345405
2.823119855E8	29.036759476237744
2.82471554E8	42.28491203585587
2.8263049E8	42.42669205737653
2.827887405E8	56.763089833883974
2.82881078E8	10.497058903997155
2.829592085E8	22.743614651960566
2.831008305E8	45.50101884730848
2.832545715E8	35.33747242531806
2.8340819E8	43.37283841118684
2.8356106E8	24.324113862810727
2.83650187E8	14.83156354848509
2.837259075E8	26.244012100691073
2.838639935E8	40.35135013108507
2.84014566E8	2.7389594237064325
2.841642325E8	33.3362769446391
2.843131325E8	31.112398720938618
2.844097475E8	29.32304600838628
2.844837785E8	34.74465584433517
2.84609444E8	32.39769578304299
2.847568575E8	36.383667117754115
2.84903889E8	42.760747544289735
2.850507725E8	19.658504037326992
2.85162443E8	24.96644314748901
2.85235427E8	23.343554498699167
2.8534268E8	23.387502520104835
2.85486983E8	33.91038604987358
2.85630282E8	22.516256769749145
2.85773144E8	53.8450875134023
2.859069595E8	21.200280562083353
2.859767315E8	37.95480562133346
2.86052856E8	31.310613142224067
2.861903485E8	50.21280351685132
2.86326707E8	51.787201326892195
2.86461012E8	38.60684180774675
2.865942015E8	41.19869926743456
2.866994605E8	10.102601590468122
2.867650045E8	7.954864825988856
2.868562865E8	28.267765556176595
2.86985097E8	32.87245119049329
2.87113018E8	44.577542281125844
2.872400565E8	37.51643726327759
2.8736678E8	37.45286875271968
2.874684495E8	32.01266882616274
2.875308515E8	44.95798692056445
2.876171135E8	18.26156655956377
2.877417145E8	34.0905278763422
2.87865989E8	34.028713726649514
2.87989856E8	34.107856664414825
2.881135245E8	38.21187271991278
2.88225463E8	26.298287440141284
2.882869705E8	32.847364731374675
2.883595355E8	44.25760666956676
2.884818635E8	55.00166049975032
2.88604014E8	43.57708535141535
2.88725668E8	38.917465148242684
2.88845977E8	40.18039393077454
2.889652565E8	47.132373382380464
2.890345995E8	35.20847701935884
2.89094055E8	13.674141199497447
2.892031115E8	37.3644065002007
2.893211245E8	26.72683155616931
2.8943711E8	37.34630258176257
2.89550763E8	40.49361358929012
2.896633655E8	24.125375768393937
2.897663725E8	40.091753349397656
2.898226395E8	37.22772935963799
2.89887659E8	30.622797557682905
2.899984115E8	40.67970943555864
2.901089365E8	50.93815031660355
2.90218437E8	27.375029020987263
2.903262345E8	38.9878590021439
2.9043256E8	30.3958882128671
2.905335855E8	10.161414931990485
2.905862925E8	55.931727468110644
2.906432345E8	25.939689258927498
2.907479405E8	35.473987590947104
2.90851896E8	24.48565601028688
2.90955247E8	26.469754296006236
2.91058116E8	47.8521701591888
2.91160204E8	22.93469090896987
2.912615545E8	32.0567363433642
2.91331315E8	22.529430388752917
2.9138107E8	34.03118543109619
2.91461273E8	32.49532938162386
2.91559725E8	2.6768004771450817
2.91657178E8	34.29051727312905
2.917545145E8	26.070477010639145
2.91851644E8	33.67780015921087
2.91948596E8	4.4267837301225885
2.920451375E8	35.45893706849765
2.9210626E8	46.027860650684204
2.921538905E8	58.312380453280205
2.922360205E8	28.23357696026344
2.923310645E8	33.190672543254664
2.924255295E8	33.487999788035786
2.925187585E8	30.588912875344526
2.92610929E8	6.1281049662968465
2.92702327E8	32.044144769094366
2.92792108E8	25.339747401084622
2.928622145E8	38.50209009487959
2.929062585E8	34.85149152005072
2.92967363E8	29.990538495601644
2.930529085E8	23.104742326938478
2.931380435E8	19.519100104378946
2.9322235E8	26.048193601866185
2.93305647E8	12.421177982761227
2.93388439E8	26.49734195083032
2.93470965E8	33.42728146797225
2.935531875E8	35.54636325743348
2.936254925E8	4.413505113113739
2.936664795E8	3.628129203220043
2.9371692E8	24.94247248948927
2.937980535E8	22.254663656693072
2.938782955E8	44.44636171721339
2.93957456E8	59.01913594643152
2.940359865E8	25.736203132779288
2.94113718E8	42.63591686094017
2.94190606E8	36.49537239078797
2.94267212E8	1.4397244546498278
2.9434356E8	11.313278353879808
2.94403587E8	34.862536866152
2.944416325E8	26.90947076790317
2.944955125E8	29.448841661132164
2.9457076E8	32.097280193887165
2.9464554E8	25.821380741324063
2.947198625E8	36.619106862805225
2.947938495E8	3.4340367549437496
2.94867693E8	39.783464623391794
2.94941437E8	25.277717687713974
2.950150255E8	26.901805718671767
2.9508846E8	40.726526524113865
2.951596985E8	18.793194756457982
2.951959055E8	24.27301757757305
2.9523318E8	7.711940886553029
2.953042615E8	6.340738463062401
2.95375117E8	12.180880004681766
2.95445692E8	33.30169216401316
2.95515887E8	50.868987595385654
2.955858525E8	0.9676822241957621
2.956554665E8	44.76698153597879
2.957244435E8	3.885413521727754
2.957929165E8	30.72675802370417
2.958609135E8	4.422532055701089
2.959283655E8	20.213396992967176
2.95962472E8	9.10054921841994
2.959959795E8	8.695739919129961
2.960623185E8	11.190413346469521
2.961285905E8	38.61820067038168
2.961944545E8	28.197752428436683
2.96259386E8	35.897206483359554
2.963231915E8	39.19096799965879
2.963866495E8	38.25853371486241
2.964495135E8	37.67307818743654
2.96511883E8	4.0828786143191484
2.96574108E8	9.369900391568562
2.966360135E8	46.32293035479632
2.966975155E8	9.674210623595668
2.967299425E8	45.1113595706619
2.967605265E8	27.736808254246995
2.968197085E8	25.515773837462934
2.968803715E8	27.369556534843213
2.969406465E8	31.907935238305384
2.970003935E8	21.333419879392732
2.97059853E8	58.789514040431655
2.971191925E8	46.986270955562944
2.971783685E8	27.626057222121265
2.972373605E8	29.725986664731014
2.972962345E8	22.058079058606182
2.973550285E8	30.206541218158076
2.974136535E8	36.98996474719455
2.974716695E8	3.1549542719044688
2.975006415E8	0.0
2.975297915E8	35.29076910131269
2.975874835E8	30.060875188831073
2.97644944E8	17.26120270373631
2.977022745E8	28.24877446250048
2.977593955E8	26.813372555563262
2.97816386E8	37.50133102200551
2.97873337E8	22.33620530138317
2.97929694E8	46.69744011615196
2.979853355E8	19.500135237318467
2.98040566E8	43.389932073798036
2.980954345E8	8.664490004666158
2.98150189E8	40.56362994795277
2.982045775E8	33.77364205883827
2.98250394E8	18.842261152533805
2.98277297E8	11.824473604031654
2.98312184E8	12.92711812936532
2.983655255E8	5.238192027236464
2.98418571E8	40.613936118517934
2.98471025E8	18.82718832653159
2.985229515E8	39.30524610748954
2.98574718E8	34.47068751762715
2.98626245E8	6.284171082880472
2.986775555E8	40.943758367107414
2.987287515E8	39.78332939639046
2.9877965E8	52.281222155607956
2.98830158E8	24.52862593206777
2.98880377E8	7.548193694511009
2.9893041E8	31.11324200913242
2.989803155E8	47.187247813388645
2.9902156E8	25.687681777344643
2.99046443E8	17.2590479971005
2.990795815E8	40.087059911657065
2.991287095E8	24.180562941258504
2.991776335E8	27.611731220520923
2.99226409E8	22.70411580006051
2.992750675E8	6.971416751288126
2.99323612E8	22.66636218723694
2.993721015E8	41.56271008618845
2.99420364E8	29.77007470230024
2.994682855E8	23.46289242782723
2.995160355E8	37.59818155758452
2.99563736E8	29.54505725078295
2.99611366E8	32.001007482085186
2.99658856E8	12.552968940116052
2.99706222E8	28.150065700445193
2.99753043E8	29.22070784881553
2.997914265E8	25.51076459075304
2.998145535E8	32.5891434913174
2.998454455E8	27.987638917827923
2.998912785E8	48.47642582485953
2.999369015E8	5.624555135469915
2.99982407E8	16.28597920868126
3.000278035E8	13.788356966805374
3.00072936E8	28.14156309766132
3.001178095E8	8.174575148973737
3.001626E8	5.573742703474293
3.002072585E8	40.287389694368194
3.0025153E8	37.16765027977219
3.002951105E8	25.271457262395035
3.00338256E8	40.62573909606058
3.00381246E8	28.968036345116932
3.00424041E8	28.640351841473105
3.00466617E8	27.139785423932118
3.00509036E8	23.772183709041016
3.005513965E8	31.053057779860172
3.005739685E8	24.283866198484567
3.0059498E8	30.18860597055248
3.006355E8	38.990849187228676
3.00677186E8	4.781330223267847
3.00718655E8	27.12604751648853
3.007599975E8	44.701393310882594
3.008009635E8	40.98537276013601
3.00841504E8	49.187317820879265
3.00881871E8	18.521416234172364
3.009221625E8	20.989393554544684
3.00962411E8	24.516890545015762
3.01002529E8	7.624577509971095
3.010424755E8	29.461356727237714
3.010823325E8	40.451884512752386
3.011221535E8	31.30199337784823
3.01161883E8	4.882892341624431
3.012013185E8	23.074300988723756
3.01240271E8	6.3842039137111275
3.01278813E8	22.966624703074356
3.013171725E8	25.761064590273488
3.013402245E8	32.44504660324781
3.01359325E8	38.011080520796206
3.01393599E8	28.522694148386446
3.01431711E8	6.918996626081854
3.014697935E8	21.559367623895984
3.015075635E8	32.69327708574185
3.01544826E8	29.810488426974327
3.015818905E8	19.221346003603372
3.01618727E8	42.42591255921385
3.01655231E8	3.429311924214101
3.01691575E8	17.62308390739529
3.01727817E8	57.772030066181536
3.017639465E8	16.964099386753595
3.018000005E8	32.40411730085212
3.018360275E8	15.654079351669795
3.018718265E8	37.38973077450935
3.019074095E8	6.087309286533204
3.0194275E8	40.733380740213995
3.01977819E8	5.7312463051248255
3.020128525E8	25.975418040508714
3.02047874E8	7.152377390041585
3.020828745E8	9.211033306251206
3.021066125E8	4.621683857040058
3.021240165E8	7.301008161305809
3.0215234E8	27.84903880558176
3.021865385E8	25.25783908137258
3.022202135E8	25.748063525033537
3.02253491E8	8.230658870335764
3.022863395E8	32.90388679319811
3.02318457E8	10.731027284926197
3.023501625E8	8.38664317302377
3.02381257E8	20.917237394957983
3.024117055E8	25.045498541225925
3.024418645E8	24.287613026256007
3.024718665E8	33.485126218691526
3.02501802E8	22.78782609724218
3.0253152E8	33.81104762938736
3.02561013E8	2.661599367041435
3.025904035E8	4.4515270826065185
3.026196635E8	40.719551887896365
3.02648696E8	0.6694681818056235
3.026774925E8	32.82633078034288
3.0270614E8	38.70489435977961
3.0273473E8	35.91279832823691
3.0276322E8	29.27493493326545
3.02791553E8	4.5692692184035835
3.02819683E8	36.124642359328
3.02847463E8	32.4156746031746
3.02871419E8	24.77280998022212
3.028851665E8	13.843231295354075
3.029023805E8	31.75069037075769
3.02929608E8	18.11254001146732
3.029566585E8	37.79951071761417
3.02983539E8	49.000013746951616
3.030103E8	31.633453036598066
3.03036936E8	37.533336843860525
3.030633795E8	21.835505403687222
3.03089659E8	53.26652639291367
3.031158375E8	29.81996908028545
3.03141897E8	20.031562963230776
3.0316784E8	3.41373273307938
3.03193613E8	35.751642642029594
3.03219033E8	50.571124470576144
3.03244142E8	28.86932064416593
3.03269183E8	29.433893080358466
3.032941495E8	25.150283627951474
3.03318984E8	39.990617010418994
3.03343729E8	13.286777132022587
3.03368407E8	21.897285128388017
3.03392961E8	25.81896214778455
3.034173935E8	2.354789563892592
3.034417695E8	47.189190524417654
3.03466092E8	26.7038030308984
3.03490315E8	13.934998801821232
3.03514472E8	37.25886407275138
3.03538466E8	12.030392755300056
3.035622675E8	40.000744469450986
3.03585904E8	33.92003358580695
3.036094165E8	12.61705393293058
3.03632882E8	44.48503874398962
3.036474595E8	31.994928541794824
3.03659146E8	31.66123294568205
3.036795675E8	7.617027396275257
3.03702759E8	46.51709638755174
3.037259045E8	25.513636827451496
3.03749014E8	32.93767456208366
3.037721115E8	24.766455707801608
3.03795153E8	12.874628140149845
3.038181055E8	9.863964898102333
3.03840977E8	48.150612273553904
3.038636995E8	37.67248576679563
3.038862345E8	42.40923560477313
3.03908542E8	32.62367387274079
3.03930611E8	34.216228761111736
3.039525865E8	3.0299648769116883
3.03974351E8	30.202940052703518
3.039958025E8	13.890610272788
3.040171415E8	6.545098527952603
3.04038313E8	36.00841102553709
3.040591685E8	32.15643018300326
3.04079863E8	29.930126716752447
3.04100481E8	43.388138593550096
3.04120937E8	27.769411421385048
3.041411265E8	28.81144978393898
3.04161089E8	10.752147163799483
3.041809935E8	35.417015143095306
3.04200889E8	11.502656377919838
3.042207195E8	39.253515306855746
3.042404435E8	31.046634207697878
3.04260093E8	18.588078684990567
3.042797115E8	32.68804167883923
3.04299283E8	5.051434843970519
3.043188045E8	33.903325689667156
3.0433822E8	5.995265151515151
3.04357514E8	37.8562124841739
3.043766445E8	12.495002855511137
3.04395624E8	3.7190289524702274
3.044120845E8	13.833687083080655
3.044215395E8	25.970513472292833
3.044334495E8	18.071796938364304
3.044520715E8	20.309672574033318
3.04470397E8	32.68942228541495
3.04488589E8	40.27102591301713
3.0450666E8	8.123747415301416
3.0452464E8	18.622754227981552
3.04542522E8	20.11945178658835
3.04560353E8	32.78656564941349
3.045781455E8	37.60219686060765
3.045958945E8	3.791351944028682
3.04613409E8	14.960275235063635
3.04630615E8	29.305892562261988
3.046477165E8	24.06826800843223
3.04664782E8	27.787520202617472
3.046818275E8	7.28178740690589
3.04698855E8	48.73014280779012
3.047157445E8	22.21784225266749
3.047322845E8	41.85506717482007
3.047485745E8	4.850328248813814
3.047647915E8	17.685440557410363
3.04780937E8	6.4073277256551275
3.04797045E8	25.26791289751537
3.04813105E8	49.04127487426197
3.04829099E8	10.92966573816156
3.04844809E8	9.326741651482383
3.04860144E8	11.58807986280145
3.04875228E8	48.22500599411277
3.048899345E8	16.064830545202394
3.04904393E8	32.193129225196834
3.04918797E8	6.404441611593814
3.04933121E8	21.61758146966422
3.049473325E8	4.118553952840213
3.049613855E8	44.73577993088212
3.049753525E8	2.5223481711192868
3.04989176E8	19.334549524138808
3.050028535E8	15.296610036056746
3.050165075E8	26.87979726782846
3.05030149E8	32.729066985645936
3.05043766E8	8.132925989814584
3.05057328E8	10.393229616825122
3.050707775E8	15.71690311542026
3.050840815E8	3.2153938066314844
3.050973185E8	3.3756108913195253
3.0511055E8	19.34260962235935
3.051237565E8	3.980031675172037
3.051369355E8	4.4946510316973605
3.05150043E8	34.66156332187348
3.05163013E8	33.92167467948718
3.05175888E8	34.400587474053765
3.05185055E8	7.231638418079096
3.051914585E8	21.9947261663286
3.052015075E8	19.455290649565576
3.05214187E8	2.2576435222523648
3.052267085E8	39.700139758677736
3.05239162E8	32.01517727300657
3.052514665E8	29.83219729243586
3.052635855E8	7.502697841726619
3.05275651E8	41.616844125984954
3.052876965E8	13.392758920800697
3.052997075E8	28.412148971317016
3.05311672E8	19.187816147859923
3.053236175E8	34.61354355862993
3.053355615E8	24.57201808055148
3.05347491E8	32.38502386188022
3.0535937E8	19.038117656938464
3.053711045E8	4.056338028169014
3.053827095E8	28.58266767143934
3.05394203E8	40.266475007985775
3.05405586E8	42.349600091221554
3.05416915E8	4.177656078860898
3.054282015E8	10.923016082256789
3.054393975E8	5.578428271767858
3.05450508E8	29.016367411750338
3.054616145E8	26.569713621862842
3.05472713E8	14.826449234893332
3.054837595E8	48.31588020747883
3.05494683E8	30.885948793335782
3.055054885E8	25.997839734121122
3.055161465E8	5.474533635909073
3.05526661E8	19.07829635297118
3.05537127E8	4.3075556314369585
3.055475015E8	26.525314414704933
3.055577785E8	13.44394483406597
3.05567969E8	3.4747549905397648
3.05578E8	18.09813200188787
3.05587934E8	39.301105379513636
3.055978485E8	21.31917156045337
3.056077465E8	4.655103704734822
3.05617534E8	45.0069025670331
3.05627204E8	32.61294206170053
3.0563683E8	27.078187956005664
3.056464125E8	21.91935635645055
3.05655943E8	18.486859835008772
3.05665429E8	1.0762364453848188
3.056749135E8	50.89268085762764
3.05684391E8	37.18486324633536
3.056938605E8	48.06348521933217
3.05703288E8	37.140245729697334
3.0571261E8	22.6582252806954
3.057218545E8	0.44529043350116665
3.057310705E8	24.57659386068477
3.057402675E8	33.05673162788254
3.057494535E8	22.723130941166396
3.057585785E8	24.52008744725202
3.05767648E8	7.134085473640428
3.05776642E8	43.35976536247553
3.057855425E8	26.328219957629084
3.05794349E8	18.667888227210263
3.05803082E8	18.99771070121121
3.058116615E8	33.43493150684932
3.058200515E8	32.77951745379877
3.058282875E8	36.05444155844156
3.058363865E8	54.03281896634692
3.058444065E8	45.007746439437774
3.058523285E8	19.490596204098473
3.058601015E8	3.8402212374179805
3.058677105E8	2.09366391184573
3.058752425E8	55.92510959628332
3.05882709E8	22.548421211663392
3.058900985E8	34.38485007242134
3.05897348E8	44.21370649991103
3.059044835E8	7.134636264929425
3.059115865E8	0.5295973083797708
3.059186575E8	15.689430925318483
3.059257075E8	28.204002448556764
3.059327345E8	18.984016365802667
3.059397415E8	0.5750689972401104
3.05946737E8	15.91644971034284
3.05953382E8	3.0319093209099117
3.059568435E8	5.146622313203685
3.059606085E8	2.309078771695594
3.059675075E8	22.454280155642024
3.05974393E8	38.56561328334226
3.059812595E8	23.242270419935394
3.0598811E8	7.286887567261399
3.05994947E8	7.5962670972644375
3.060017745E8	2.3408020176992723
3.06008546E8	32.17198308993082
3.06015243E8	6.000431034482759
3.06021916E8	3.3011800532927293
3.06028584E8	17.892473033245818
3.060351805E8	2.300670749489647
3.060416715E8	50.854181914748914
3.06048088E8	14.535474592521572
3.06054431E8	28.992781408231274
3.06060702E8	29.705975958786492
3.06066934E8	10.454614220877458
3.060731045E8	19.103325799160476
3.06079204E8	1.5677675033025098
3.060852755E8	54.80593121890275
3.06091306E8	25.093175853018373
3.060973105E8	21.411709892840502
3.06103308E8	38.33474976392824
3.06109298E8	27.476128941779862
3.06115231E8	37.87825639161517
3.06121083E8	4.437759336099585
3.061268995E8	56.32550344473826
3.061326905E8	34.34951581665591
3.061384525E8	16.952432166455786
3.06144196E8	0.0
3.06149915E8	30.153637700983303
3.061556135E8	31.450219884050533
3.061612865E8	31.63838714533002
3.061668935E8	16.7471804673851
3.061724375E8	38.34231409215166
3.06177958E8	43.07692307692308
3.06183465E8	36.85234959060164
3.0618895E8	37.93065528562545
3.061944175E8	27.59826010458922
3.061998695E8	54.30505844476028
3.062052965E8	11.607843137254902
3.062107035E8	17.532379237411817
3.062160895E8	38.60800266486317
3.06221455E8	8.41639488761569
3.062267975E8	35.05682694780149
3.062321055E8	0.0
3.062373925E8	19.39968895800933
3.062426715E8	1.3864283454602975
3.06247945E8	36.309772112784856
3.062532015E8	1.5271110343636678
3.062584425E8	54.161541714099855
3.06263673E8	30.43926225084216
3.062688905E8	48.980777434027665
3.06274102E8	44.69332298136646
3.06279276E8	32.7274031061984
3.062844135E8	27.18051980403554
3.062895485E8	4.059701492537314
3.06294667E8	11.087947882736156
3.06299761E8	3.757088676178436
3.063048415E8	5.150105609011969
3.063099165E8	49.83738815535672
3.063149815E8	0.0
3.063200175E8	8.35880149812734
3.063250325E8	56.17218536379104
3.06330018E8	1.5595238095238095
3.063349735E8	24.849557522123895
3.063399235E8	36.787178428944834
3.06344861E8	6.183588116527257
3.063497735E8	43.014014541821616
3.06354609E8	4.474226938520102
3.06359362E8	4.607871645750434
3.06364072E8	26.914412168058846
3.06368756E8	5.825491281483532
3.063734225E8	12.550300999842957
3.063780725E8	31.445060194916874
3.06382707E8	46.920795335625655
3.063873235E8	44.646184520572774
3.06391931E8	2.1873344528504406
3.063965295E8	6.576855395541527
3.06401082E8	10.805898722593518
3.064055785E8	48.143521949706134
3.06410055E8	1.7328629032258065
3.0641452E8	5.7118113138013635
3.0641896E8	2.6385204833480698
3.064233765E8	36.03816445182724
3.06427766E8	0.4608481346137503
3.064321085E8	7.517112708168757
3.06436424E8	1.3052612677320883
3.06440737E8	14.033279871692061
3.064450465E8	0.7626168224299066
3.06449342E8	0.7885304659498208
3.06453625E8	40.0
3.06457902E8	10.912555312347449
3.064621725E8	23.940759009462454
3.06466441E8	29.878888032502058
3.06470704E8	59.55245471806154
3.064749595E8	3.1325344571591405
3.064792095E8	17.083897749617652
3.06483446E8	15.397358735657068
3.064876545E8	0.4385199558176199
3.064918455E8	37.57456978967495
3.0649603E8	28.771921631580867
3.065001735E8	6.696498054474708
3.06504273E8	21.902192137759148
3.065083565E8	0.0
3.06512427E8	44.456311357998814
3.06516488E8	33.68237828939405
3.065205265E8	16.973742445048938
3.065245425E8	12.358262062803165
3.06528524E8	15.049504950495049
3.06532471E8	2.850841057329214
3.065364115E8	59.76741079946575
3.065403375E8	46.0
3.0654423E8	19.097508503648573
3.06548097E8	3.071014492753623
3.0655195E8	0.9337848006019563
3.065557735E8	25.81558912386707
3.06559577E8	22.46226085219042
3.065633635E8	11.341281669150522
3.065671335E8	28.63695967779703
3.065709005E8	27.12451066316097
3.065746505E8	10.520619545410952
3.065783835E8	11.45293700996547
3.06582112E8	11.508290024084168
3.06585833E8	32.38972055888224
3.06589543E8	21.520318623274832
3.065932395E8	8.648634802163608
3.065969265E8	4.460930202596064
3.06600612E8	20.203176964817082
3.066042955E8	8.152760817188685
3.06607968E8	24.072172172172174
3.0661163E8	6.50174118341449
3.066152875E8	24.151619572708476
3.06618939E8	2.021945866861741
3.066225875E8	22.52409638554217
3.066262295E8	0.46430677201144926
3.066298605E8	23.699380958836024
3.066334545E8	0.46938775510204084
3.06637011E8	13.490494296577946
3.0664056E8	15.66638795986622
3.066440915E8	0.7431465562427928
3.066476025E8	56.66108251757662
3.066511055E8	9.569882165902927
3.06654603E8	12.101889711570339
3.066580945E8	12.762142220060001
3.066615705E8	3.8380855397148674
3.06665033E8	54.81131412508784
3.06668493E8	26.44144144144144
3.066719485E8	4.946596669080376
3.066753845E8	17.711861501542682
3.06678798E8	25.78857919782461
3.066821985E8	1.5550660792951543
3.06685591E8	0.0
3.066889815E8	41.805458812840705
3.066923705E8	3.1375251008640226
3.066957585E8	2.1733264807914687
3.066991455E8	56.66808406729425
3.067025305E8	1.3492685475444097
3.06705914E8	0.4665445951796796
3.067092965E8	21.933823529411764
3.06712672E8	36.40530303030303
3.06716041E8	18.174398405967406
3.067194095E8	36.83018320811915
3.067227775E8	3.6408418589896105
3.067248635E8	0.0
3.06726541E8	9.505084745762712
3.067294915E8	22.696969696969695
3.067328405E8	25.64777359673879
3.067361665E8	4.2808912896691425
3.06739469E8	12.666666666666666
3.06742768E8	8.45774647887324
3.06746065E8	27.733483211255347
3.067493595E8	36.93726223885251
3.067526505E8	2.46804116787831
3.06755933E8	0.0
3.067591995E8	6.104826117814053
3.067624565E8	0.15754507488874064
3.067657115E8	2.927492130115425
3.06768965E8	29.994082840236686
3.06772208E8	13.42044565675204
3.067754395E8	1.588850174216028
3.067786575E8	39.79673192694896
3.067818625E8	38.9765865028075
3.067850465E8	40.3521767594108
3.0678821E8	4.342218632202477
3.067913705E8	7.41667471598297
3.067945245E8	9.307410124724871
3.06797666E8	31.287330376471832
3.0680079E8	40.0
3.06803903E8	18.993428434043917
3.068070135E8	4.810126582278481
3.068101235E8	6.0794620158782005
3.06813233E8	13.571255649701829
3.068163365E8	24.32975193553484
3.068194285E8	0.0
3.06822513E8	3.0211720184513413
3.068255925E8	3.3195512718220406
3.068286625E8	22.428124217380415
3.068317255E8	0.726926797807159
3.068347845E8	1.9422352448723315
3.068378385E8	39.16831683168317
3.0684088E8	0.0
3.06843903E8	5.930672586149618
3.068469175E8	13.975222905570432
3.068499285E8	7.789783818629187
3.068529315E8	17.51305822162291
3.06855925E8	6.865096359743041
3.06858904E8	18.985269514832495
3.06861871E8	3.0
3.06864829E8	28.075315398237173
3.068677785E8	39.513888888888886
3.06870722E8	20.44860392967942
3.068736605E8	10.165878761683505
3.06876586E8	7.731711374506134
3.06879498E8	0.0
3.068824045E8	0.7447633824670287
3.068853035E8	3.448376823505239
3.06888198E8	0.0
3.0689109E8	0.0
3.068939665E8	0.9546092653252223
3.06896809E8	17.914343298622775
3.068996235E8	24.95412130637636
3.069024245E8	11.304302727621975
3.06905212E8	27.45206508135169
3.069079905E8	5.791288836033893
3.069107675E8	6.819455894476505
3.06913543E8	45.09248878923767
3.06916313E8	0.0
3.06919067E8	1.1990626830697129
3.069218095E8	19.09713104161282
3.069245455E8	22.31273791172492
3.06927266E8	0.3113328757238151
3.06929975E8	37.11249694301785
3.069326695E8	0.0
3.069353465E8	9.063176799957741
3.06938016E8	29.01689189189189
3.06940674E8	0.26570581776872354
3.06943317E8	7.441106061131735
3.069459505E8	29.284503631961257
3.069485655E8	0.00921609020925946
3.06951153E8	2.526062550120289
3.069537225E8	1.7084980595553299
3.069562725E8	0.08056042031523643
3.069587885E8	0.0
3.069612825E8	8.190629481138977
3.069637735E8	22.17887256721642
3.0696626E8	0.7309881294379099
3.06968739E8	20.599486793413142
3.06971213E8	19.95751633986928
3.06973672E8	0.0
3.069761095E8	16.273170731707317
3.06978536E8	2.6509073543457498
3.0698095E8	0.0
3.06983354E8	4.946236559139785
3.06985755E8	5.504386820042893
3.06988152E8	9.17337367624811
3.06990543E8	51.24917978024076
3.069929255E8	0.0
3.069953025E8	8.643056330172895
3.069976725E8	12.634520025429117
3.070000295E8	19.173511767420397
3.07002367E8	0.0
3.07004687E8	32.666666666666664
3.070070005E8	30.341657810839532
3.070093035E8	16.140350877192983
3.070115925E8	0.0
3.07013868E8	8.216169782718545
3.07016134E8	18.94859390663039
3.07018396E8	0.0
3.07020655E8	0.7142857142857143
3.070229135E8	0.0
3.0702516E8	1.1570762970098492
3.07027389E8	0.0
3.0702961E8	6.573597711826216
3.070318285E8	1.0211505681818183
3.070340435E8	11.327648114901256
3.070362525E8	41.31437255753365
3.07038456E8	24.769891242129365
3.07040653E8	52.0
3.0704284E8	23.639903653151343
3.070450185E8	16.465292365936424
3.07047178E8	0.7657097499669269
3.0704932E8	43.037974683544306
3.07051452E8	42.728858273486736
3.070535745E8	0.0
3.07055696E8	0.0
3.07057816E8	56.61996837406674
3.07059934E8	0.0
3.0706204E8	0.0
3.070641345E8	0.0
3.07066228E8	23.607443509082852
3.070683165E8	2.2481389578163773
3.070704E8	2.404377880184332
3.07072481E8	3.023582320513234
3.07074558E8	18.8025
3.070766325E8	1.25
3.070787045E8	3.904317269076305
3.07080772E8	0.806146572104019
3.070828335E8	10.270857274189842
3.07084889E8	46.0
3.07086942E8	35.7962877741985
3.07088987E8	20.0
3.070910185E8	15.148065188846838
3.07093044E8	40.43146856377327
3.07095069E8	0.20307194257261996
3.07097091E8	26.316012725344645
3.07099108E8	4.2779740871613665
3.071011185E8	31.053009974178522
3.07103122E8	23.36936936936937
3.071051185E8	31.854422820206562
3.071071095E8	53.20097260817785
3.071090915E8	3.784554178416071
3.07111059E8	0.0
3.071130195E8	19.207920792079207
3.07114979E8	39.48435689455388
3.07116933E8	0.881835105543811
3.071188785E8	17.885699899295066
3.071208195E8	4.07492795389049
3.07122752E8	0.0
3.071246735E8	22.52889028772261
3.071265845E8	0.2037533512064343
3.07128479E8	0.0
3.07130355E8	3.1600831600831603
3.07132213E8	0.499153403318659
3.071340475E8	0.0
3.07135863E8	31.424105592219522
3.071376725E8	0.22032250686184812
3.07139478E8	10.496136865342164
3.07141279E8	3.8117647058823527
3.071430775E8	0.0
3.07144871E8	1.986827661909989
3.071466595E8	0.0
3.07148442E8	5.874260908614625
3.07150216E8	42.897923875432525
3.071519825E8	12.186666666666667
3.071537425E8	3.8393881453154877
3.071554995E8	8.48932210031348
3.071572545E8	6.694478527607362
3.07159008E8	0.0
3.071607605E8	35.42590949423248
3.071625115E8	41.37482014388489
3.07164259E8	0.0
3.07165998E8	0.0
3.071677295E8	0.0
3.07169459E8	0.0
3.07171187E8	7.994473671885976
3.07172911E8	20.329678714193303
3.071746285E8	39.49905851680185
3.071763405E8	36.686552567237165
3.0717805E8	29.27659574468085
3.07179757E8	11.490707850707851
3.0718146E8	0.0
3.07183154E8	42.254464285714285
3.071848325E8	60.0
3.071864995E8	10.747603886165153
3.07188158E8	21.777102620009295
3.07189806E8	6.12256027554535
3.07191447E8	0.6181933752383643
3.071930855E8	0.0
3.07194713E8	7.087185892390697
3.07196327E8	3.465561885033661
3.071979365E8	2.015173295000799
3.07199539E8	40.364750235626765
3.07201133E8	0.0
3.072027235E8	40.0
3.072043025E8	8.58296943231441
3.07205867E8	26.662037037037038
3.07207427E8	0.0
3.07208982E8	2.5902335456475583
3.072105315E8	0.0
3.07212076E8	0.6428884409780037
3.072136115E8	4.143540669856459
3.072151395E8	46.45823172855849
3.072166655E8	3.696599399483276
3.07218189E8	4.249134948096886
3.07219709E8	0.0
3.07221218E8	0.0
3.072227155E8	0.0
3.072242065E8	3.5171503957783643
3.07225692E8	0.0
3.072271765E8	1.2339003645200486
3.07228659E8	43.58698433708361
3.072301395E8	0.0
3.072316155E8	0.0
3.072330835E8	49.65853658536585
3.0723454E8	6.4437209829011435
3.072359815E8	11.552657862612362
3.072374155E8	40.0
3.07238849E8	3.6175154390047437
3.072402775E8	27.59090909090909
3.072416995E8	26.633536514345614
3.072431125E8	3.200237569998303
3.072445175E8	0.0
3.07245921E8	0.0
3.07247322E8	0.0
3.072487205E8	43.05667762642868
3.072501165E8	2.6684981684981683
3.072515085E8	22.95253026394126
3.072528945E8	18.752906976744185
3.07254274E8	44.5933014354067
3.072556495E8	19.44405617458957
3.072570195E8	1.1386019883176666
3.07258382E8	0.43679950186799504
3.07259739E8	0.0
3.072610935E8	0.0
3.072624475E8	1.2302349336057201
3.072637995E8	52.90807937632884
3.07265146E8	27.0
3.072664865E8	0.11651848385587271
3.072678185E8	2.8919860627177703
3.072691435E8	0.0
3.072704615E8	13.168965517241379
3.07271773E8	21.27129414047342
3.072730825E8	12.013949516037199
3.072743855E8	33.82644628099174
3.072756825E8	0.6262351424889017
3.072769735E8	0.0
3.07278257E8	0.0
3.07279535E8	20.895065584009995
3.07280808E8	0.0
3.07282078E8	0.0
3.07283345E8	6.117608742853007
3.072846035E8	9.06337921645742
3.072858485E8	0.0
3.072870805E8	1.1767917411157436
3.07288306E8	3.1397707231040566
3.072895305E8	0.0
3.0729075E8	9.324324324324325
3.072919625E8	9.134751773049645
3.0729317E8	6.713324360699866
3.072943745E8	0.0
3.07295576E8	0.0
3.07296769E8	0.4063558218286012
3.072979505E8	1.25
3.072991265E8	0.0
3.073002965E8	27.5
3.0730146E8	0.0
3.0730262E8	17.657372596283572
3.073037765E8	0.0
3.073049325E8	0.0
3.073060875E8	14.131105398457583
3.07307234E8	5.2
3.073083675E8	0.0
3.0730949E8	3.927512355848435
3.07310606E8	5.737658891768481
3.073117205E8	0.0
3.07312834E8	12.819878643978367
3.07313946E8	0.0
3.07315057E8	16.95167286245353
3.073161665E8	0.9993002099370188
3.07317273E8	31.21933962264151
3.073183765E8	25.71359860078706
3.073194775E8	5.350507614213198
3.073205775E8	1.791993720565149
3.07321677E8	0.0
3.073227755E8	0.0
3.073238735E8	8.242613151152861
3.07324967E8	15.436447876447877
3.07326045E8	13.451327433628318
3.07327112E8	24.126893939393938
3.07328175E8	0.0
3.07329233E8	5.550726141078838
3.073302885E8	10.159934929119219
3.0733134E8	12.986554938329725
3.07332388E8	0.0
3.073334315E8	0.0
3.073344645E8	0.0
3.073354855E8	7.337272727272727
3.073365005E8	3.417819590481461
3.07337512E8	1.2473118279569892
3.07338521E8	0.0
3.07339524E8	9.616269598859702
3.073405195E8	0.0
3.073415095E8	0.0
3.073424955E8	0.0
3.07343481E8	0.0
3.07344466E8	27.671754385964913
3.07345449E8	0.0
3.0734643E8	0.0
3.073474095E8	0.0
3.073483845E8	40.0
3.073493565E8	0.0
3.07350326E8	0.6771014492753623
3.073512895E8	0.0
3.07352248E8	0.0
3.07353193E8	15.63153704837722
3.07354126E8	0.0
3.073550565E8	2.5792682926829267
3.073559835E8	0.0
3.073569075E8	0.0
3.073578275E8	2.298507462686567
3.073587445E8	0.0
3.07359658E8	17.785714285714285
3.07360568E8	7.889281070035296
3.07361477E8	9.559748427672956
3.073623815E8	0.0
3.0736328E8	0.0
3.073641745E8	0.0
3.073650655E8	1.148959474260679
3.07365955E8	0.0
3.073668425E8	0.0
3.07367728E8	0.0
3.07368608E8	0.0
3.073694805E8	6.630434782608695
3.0737035E8	0.801983322064458
3.073712185E8	21.0
3.07372084E8	0.0
3.073729445E8	0.0
3.07373801E8	9.360474171497794
3.07374652E8	0.0
3.07375497E8	17.737009258594703
3.07376337E8	0.46828933836133013
3.07377173E8	1.6170578133943905
3.073780065E8	8.05147369905514
3.07378836E8	0.0
3.073796625E8	0.0
3.07380485E8	41.08356850250341
3.073812975E8	3.994404476418865
3.073821025E8	0.0
3.073829055E8	46.0
3.07383704E8	0.0
3.073844975E8	12.831456456456456
3.073852875E8	0.0
3.07386072E8	6.421800947867299
3.07386853E8	0.0
3.073876335E8	13.75
3.07388411E8	6.491525423728813
3.073891845E8	46.0
3.073899525E8	0.6514886164623468
3.073907155E8	60.0
3.073914765E8	20.58438818565401
3.073922355E8	0.0
3.07392992E8	0.0
3.073937465E8	5.5
3.073944975E8	18.044444444444444
3.073952445E8	0.0
3.073959905E8	0.0
3.073967355E8	0.0
3.073974755E8	0.0
3.073982085E8	6.4914722896062695
3.07398938E8	0.0
3.07399665E8	0.0
3.074003845E8	0.33035714285714285
3.074010975E8	9.0
3.07401809E8	5.980582524271845
3.074025195E8	21.328804347826086
3.074032295E8	0.0
3.074039365E8	5.7894736842105265
3.0740464E8	0.0
3.0740534E8	15.0
3.074060365E8	0.0
3.07406728E8	28.12940347581024
3.07407414E8	0.0
3.07408095E8	0.0
3.07408771E8	0.0
3.074094455E8	0.0
3.07410119E8	0.0
3.07410791E8	0.0
3.074114535E8	0.0
3.074121015E8	0.0
3.07412743E8	0.0
3.07413383E8	0.0
3.07414021E8	0.0
3.07414658E8	0.0
3.07415294E8	0.0
3.074159275E8	0.0
3.074165575E8	0.0
3.07417184E8	0.0
3.074178075E8	0.0
3.074184285E8	12.0
3.07419046E8	10.049261083743842
3.074196585E8	0.0
3.07420267E8	0.0
3.07420871E8	0.0
3.07421472E8	0.0
3.074220725E8	33.2474358974359
3.07422671E8	0.0
3.074232665E8	0.0
3.074238595E8	12.251497005988025
3.074244515E8	40.0
3.07425042E8	5.15703086722195
3.074256305E8	0.5763546798029556
3.074262165E8	0.0
3.074268005E8	4.461538461538462
3.074273815E8	0.0
3.074279595E8	8.168373663477771
3.07428537E8	0.0
3.07429113E8	0.0
3.074296855E8	0.0
3.07430254E8	0.0
3.07430819E8	0.0
3.074313815E8	0.0
3.074319415E8	0.0
3.07432497E8	0.0
3.074330485E8	0.0
3.074335975E8	0.0
3.074341455E8	13.185611425873466
3.07434693E8	0.0
3.0743524E8	0.0
3.074357865E8	42.46770601336303
3.074363325E8	0.0
3.07436878E8	0.0
3.07437422E8	0.0
3.07437964E8	20.0
3.07438504E8	41.715676728334955
3.074390425E8	28.56383571918501
3.07439579E8	0.0
3.074401125E8	0.0
3.07440644E8	27.725173210161664
3.07441174E8	34.23834196891192
3.074417025E8	0.0
3.07442227E8	0.0
3.07442747E8	0.0
3.07443264E8	20.815558436316213
3.074437785E8	0.0
3.0744429E8	0.0
3.07444798E8	0.0
3.074453045E8	0.0
3.0744581E8	40.0
3.074463125E8	0.0
3.07446812E8	23.502539655022968
3.074473085E8	0.0
3.074478015E8	0.0
3.074482925E8	0.0
3.074487815E8	0.0
3.07449269E8	0.0
3.074497555E8	0.0
3.07450239E8	0.0
3.0745072E8	0.0
3.07451198E8	0.0
3.074516695E8	40.0
3.074521375E8	0.0
3.074526035E8	0.0
3.07453067E8	13.14059405940594
3.07453528E8	0.0
3.07453982E8	0.0
3.074544305E8	0.0
3.074548775E8	0.0
3.07455321E8	9.6
3.074557615E8	0.0
3.07456201E8	0.0
3.07456637E8	0.0
3.0745707E8	0.0
3.07457503E8	0.0
3.07457932E8	0.0
3.07458353E8	0.0
3.0745877E8	0.0
3.07459185E8	0.0
3.074595975E8	0.0
3.07460009E8	0.0
3.07460419E8	0.0
3.074608275E8	0.0
3.07461234E8	4.0
3.07461637E8	0.0
3.07462037E8	0.0
3.07462436E8	0.0
3.074628295E8	0.0
3.074632175E8	0.0
3.07463604E8	2.8162393162393164
3.074639885E8	0.0
3.074643725E8	0.0
3.07464756E8	0.0
3.074651385E8	1.0457559681697612
3.0746552E8	0.0
3.074659E8	0.0
3.074662785E8	0.0
3.07466655E8	0.0
3.07467028E8	0.0
3.07467397E8	0.0
3.07467764E8	5.394117647058824
3.074681295E8	0.0
3.074684925E8	0.0
3.074688535E8	44.48243559718969
3.074692125E8	13.097510373443983
3.07469565E8	0.06629134412385644
3.0746991E8	0.0
3.07470252E8	0.0
3.074705915E8	0.0
3.07470929E8	0.0
3.07471266E8	0.0
3.07471601E8	0.0
3.07471933E8	33.26551373346897
3.074722625E8	0.0
3.0747259E8	0.0
3.07472917E8	0.0
3.074732435E8	0.0
3.07473569E8	0.0
3.07473894E8	0.0
3.07474218E8	0.0
3.07474541E8	0.0
3.07474863E8	0.0
3.074751825E8	0.0
3.074754995E8	0.0
3.074758155E8	0.0
3.0747613E8	41.42372881355932
3.074764425E8	0.0
3.074767535E8	0.0
3.07477063E8	0.0
3.07477372E8	0.0
3.074776785E8	0.0
3.074779805E8	0.0
3.0747828E8	0.0
3.074785785E8	0.0
3.07478873E8	0.0
3.074791635E8	23.433513513513514
3.074794525E8	0.0
3.07479739E8	0.0
3.07480024E8	0.0
3.074803065E8	0.0
3.074805865E8	0.0
3.07480866E8	0.0
3.07481141E8	46.0
3.07481412E8	22.989473684210527
3.074816825E8	5.176895306859206
3.0748195E8	0.0
3.07482213E8	0.0
3.074824735E8	0.0
3.074827325E8	9.0
3.074829885E8	0.0
3.074832415E8	0.42900302114803623
3.074834925E8	0.0
3.07483741E8	0.0
3.07483986E8	0.0
3.07484227E8	0.0
3.07484466E8	0.0
3.07484705E8	0.0
3.07484943E8	0.0
3.074851795E8	0.0
3.074854115E8	0.0
3.07485639E8	0.0
3.074858655E8	0.0
3.074860915E8	0.0
3.074863175E8	0.0
3.07486542E8	0.0
3.07486762E8	0.0
3.074869785E8	0.0
3.074871945E8	0.0
3.07487409E8	0.0
3.07487621E8	0.0
3.0748783E8	0.0
3.074880335E8	0.0
3.07488232E8	0.0
3.07488428E8	0.0
3.074886225E8	30.73846153846154
3.0748881E8	0.0
3.07488991E8	0.0
3.07489172E8	0.0
3.07489351E8	0.0
3.074895275E8	0.0
3.07489703E8	0.0
3.07489878E8	0.0
3.07490053E8	0.0
3.074902265E8	0.0
3.07490395E8	0.0
3.074905575E8	0.0
3.074907135E8	0.0
3.07490864E8	0.0
3.07491012E8	0.0
3.074911565E8	0.0
3.07491297E8	31.0
3.074914355E8	0.0
3.074915695E8	0.0
3.074916995E8	0.0
3.074918285E8	0.0
3.074919565E8	0.0
3.07492084E8	0.0
3.07492211E8	0.0
3.07492338E8	0.0
3.074924645E8	0.0
3.074925885E8	0.0
3.074927095E8	0.0
3.074928275E8	0.0
3.074929365E8	0.0
3.074930385E8	0.0
3.074931395E8	0.0
3.07493239E8	0.0
3.07493338E8	0.0
3.07493436E8	0.0
3.07493525E8	0.0
3.074936035E8	0.0
3.07493678E8	0.0
3.074937455E8	0.0
3.07493806E8	0.0
