#Position (bp)	Coverage
384368.0	26.571762701060834
1153103.0	26.84207171522046
1921838.0	28.699299498526802
2690573.0	31.191824230716698
3459308.0	26.872435884927835
4228043.0	28.45850650744405
4996778.0	28.253771455703202
5765513.0	30.026702309638562
6534248.0	28.746774896420742
7302983.0	25.4859242781973
8071718.0	23.32093504263498
8840453.0	20.522334744742988
9609188.0	23.407031031499802
1.0377923E7	18.437237799761945
1.0801324E7	22.151062548836258
1.11856915E7	24.894570184227444
1.1915393E7	24.02263849050713
1.2684128E7	29.53688722381575
1.3452863E7	30.261540062570326
1.4221598E7	27.415171678146564
1.4990333E7	30.10853284942145
1.5759068E7	32.7386316480972
1.6527803E7	30.70716436743481
1.7296538E7	27.26034979544316
1.8065273E7	13.704070973742578
1.8834008E7	18.644910144588188
1.9602743E7	20.720923335089466
2.018777E7	16.960363202340282
2.05721375E7	12.166024342979075
2.1140213E7	12.313814253286242
2.1908948E7	17.011906573786806
2.2677683E7	25.308387155521732
2.3446418E7	30.202597774265513
2.4215153E7	28.8195581051988
2.4983888E7	33.26295277306224
2.5752623E7	32.65911399897234
2.6521358E7	31.138830676370922
2.7290093E7	25.549764223041752
2.8058828E7	19.92125244720222
2.86485735E7	21.834768086163074
2.9032941E7	24.715245866377636
2.9596298E7	30.46614372963375
3.0365033E7	32.013124158520164
3.1133768E7	31.44961917956123
3.1902503E7	29.15857219978276
3.2671238E7	27.859167333346342
3.3439973E7	30.23307771858963
3.4208708E7	33.655237500569115
3.4977443E7	25.530973612493252
3.5659712E7	21.455749635366054
3.60440795E7	21.66624453542433
3.6514913E7	25.963759943283446
3.7283648E7	28.46527997294256
3.8052383E7	30.689675896115045
3.8821118E7	32.576830767429605
3.9589853E7	34.19719929494559
4.0358588E7	29.382391851548324
4.1127323E7	29.97804965300136
4.1896058E7	32.46161160868179
4.2664793E7	31.846867906365652
4.3049519E7	97.76011157601116
4.34338865E7	20.96636797575057
4.4202263E7	16.3740300623752
4.4970998E7	13.112483495612922
4.5739733E7	14.356875906521752
4.6508468E7	20.37198384358719
4.7277203E7	14.29826923452165
4.8045938E7	18.015503391936104
4.8668911E7	10.38540394081444
4.90532785E7	27.314313744322938
4.9583408E7	26.98303576655154
5.0352143E7	29.798271185779235
5.1120878E7	32.411755676533524
5.1889613E7	28.076990120132425
5.2658348E7	30.206272642718233
5.3427083E7	31.859683766187306
5.38687855E7	31.364149297985524
5.4253153E7	23.632408093996773
5.4964553E7	21.540750713835067
5.5733288E7	20.10245403162338
5.6502023E7	25.21458239835574
5.7270758E7	26.41211600876765
5.8039493E7	27.988240420951303
5.85039505E7	26.006773629666625
5.8888318E7	13.82225764310539
5.9576963E7	14.637387396176836
6.0345698E7	14.318514182390551
6.1114433E7	17.426853206891842
6.1883168E7	17.196386270951628
6.2651903E7	18.691409913689373
6.3087631E7	14.00349490367111
6.34719985E7	9.975150672508386
6.4189373E7	17.49839281416873
6.4958108E7	16.183004546430173
6.5726843E7	17.227041828458443
6.6495578E7	15.741611868849473
6.7140034E7	12.594318856850649
6.75244015E7	27.765849419451396
6.8033048E7	24.251595153076156
6.8801783E7	23.8168107345184
6.9570518E7	21.43342244076307
7.0339253E7	20.762496829206423
7.11040115E7	17.473822987399807
7.1488379E7	19.639004149377595
7.1876723E7	23.767636441686665
7.2645458E7	30.23929702693386
7.3414193E7	33.77804835216297
7.4182928E7	31.10302640051513
7.4951663E7	28.59153544459404
7.5358208E7	21.79012512681772
7.57425755E7	17.74406388911897
7.6489133E7	27.280741738050175
7.7257868E7	23.344422980611004
7.8026603E7	24.464991186819905
7.8795338E7	22.137407559171887
7.92080895E7	16.21334202367531
7.9592457E7	24.348575144634513
8.0332808E7	17.634961332578847
8.1101543E7	21.283656916882933
8.1870278E7	19.840828113719294
8.26063115E7	17.239788606234324
8.2990679E7	13.385762121003623
8.3407748E7	15.606662894235335
8.4176483E7	13.617738232290712
8.4945218E7	16.1140627134188
8.5713953E7	15.903147378485434
8.6362088E7	15.507905636592833
8.67464555E7	8.851965174129353
8.7251423E7	16.269922665157694
8.8020158E7	16.20877545578125
8.8788893E7	14.441703577955993
8.9557628E7	17.047758980663037
9.0098611E7	12.692737947393457
9.04829785E7	23.85091898205065
9.1095098E7	24.78925897741094
9.1863833E7	25.99156926639219
9.2632568E7	24.7545526091566
9.3401303E7	22.025683753178924
9.38242175E7	23.449178924429916
9.4208585E7	15.80464431692164
9.4938773E7	17.125735136295344
9.5707508E7	16.876266853987396
9.6476243E7	16.294141674309092
9.71220675E7	13.75941168146196
9.7506435E7	20.627061967854658
9.8013713E7	22.680209695148523
9.8782448E7	17.358978061360546
9.9551183E7	14.497765810064587
1.00269334E8	12.989380841173995
1.006537015E8	6.16683140914123
1.01088653E8	15.124806337684637
1.01857388E8	17.226753042335787
1.02626123E8	15.741057711695188
1.033545365E8	24.64308115775216
1.03738904E8	9.758305122577285
1.04163593E8	10.478780073757537
1.04932328E8	12.471704813752464
1.05701063E8	9.067358712690329
1.06347158E8	8.461573583211546
1.067315255E8	22.51660551206784
1.07238533E8	15.875459033346992
1.08007268E8	15.596071468061165
1.08776003E8	20.480304656351016
1.09309377E8	23.017277769761723
1.096937445E8	27.56902587939378
1.10313473E8	26.49150747656865
1.11082208E8	31.32330517018218
1.11850943E8	42.1608837896024
1.12235708E8	33.12075471698113
1.126200755E8	9.327500846420293
1.13388413E8	11.51817206189389
1.14157148E8	12.942940024846013
1.147696095E8	11.505760782835146
1.15153977E8	12.47168585844689
1.15694618E8	11.297601904427404
1.16463353E8	12.509420021203665
1.17232088E8	15.173364033119345
1.17668795E8	25.924321019497704
1.180531625E8	29.10676057440939
1.18769558E8	32.30009561162169
1.19538293E8	30.765451033190892
1.2014897E8	25.92534780908446
1.205333375E8	19.231857925571624
1.21075763E8	16.43653274535438
1.21844498E8	18.296397328077948
1.225916085E8	17.985343617933356
1.22975976E8	25.19158824481491
1.23381968E8	24.77034608805375
1.24150703E8	23.8943693210274
1.24919438E8	17.184894664611342
1.253769895E8	14.149144621775251
1.25761357E8	14.181651662122189
1.26456908E8	14.077704280408723
1.27225643E8	16.533372358485042
1.277254535E8	14.435946744280727
1.28109821E8	15.234930249940039
1.28763113E8	16.49101315798032
1.29531848E8	18.806769562983344
1.300272615E8	14.963046845451435
1.30411629E8	14.276679661131672
1.31069318E8	17.19415663395058
1.31838053E8	15.620684631244837
1.322676755E8	20.041796486576068
1.32652043E8	13.962118765896273
1.33375523E8	18.763566118363286
1.34030498E8	12.547771218462163
1.344148655E8	6.053665611814346
1.34912993E8	16.38679388866124
1.35681728E8	15.188763357984222
1.361569665E8	11.010834039462535
1.36541334E8	10.838475075511974
1.37219198E8	12.93460685411748
1.37895604E8	13.920421451281252
1.382799715E8	8.210475581886515
1.38756668E8	11.486608519190618
1.39525403E8	11.05551457914626
1.400102465E8	11.882573948007485
1.40394614E8	10.452015999070067
1.41062873E8	18.461646731318336
1.417121025E8	10.146536687029473
1.4209647E8	17.22156720820381
1.42600343E8	16.625985547685485
1.43369078E8	17.20561181681594
1.437831155E8	23.47684529828109
1.44167483E8	17.045227271125395
1.44906548E8	11.75917969131105
1.45465214E8	6.359618700103558
1.458495815E8	15.136821710961636
1.46444018E8	15.477248986972103
1.47106683E8	15.026557910150109
1.474910505E8	14.52423399641746
1.47981488E8	12.508397562228856
1.48737048E8	9.06157451995932
1.491214155E8	14.640607210626186
1.49518958E8	21.621666764229545
1.50287693E8	21.922592310744275
1.50728883E8	24.369783096484667
1.511132505E8	16.483037445236533
1.51825163E8	18.43903685925579
1.52332369E8	13.78377707314889
1.527167365E8	30.510993044748382
1.53362633E8	27.31874573162403
1.5389724E8	22.357392696328198
1.542816075E8	6.941726320645118
1.54900103E8	7.305910359226521
1.55461321E8	6.797006511149248
1.558456885E8	25.940961463398178
1.56437573E8	25.813771976038556
1.57018682E8	23.532373698482527
1.574030495E8	9.225195335401278
1.57975043E8	21.6952317768802
1.585640605E8	29.40401172733936
1.58948428E8	18.44072224463394
1.59512513E8	24.951101484907024
1.6009777E8	26.147489042483553
1.604821375E8	6.482709098638529
1.61049983E8	9.851872231653301
1.616289075E8	18.02794553781154
1.62013275E8	25.56248468867634
1.62587453E8	14.03618802318094
1.631586895E8	10.39648630859051
1.63543057E8	20.470451674316514
1.64124923E8	17.29291238203022
1.64685819E8	9.362949891943794
1.650701865E8	16.534933289709823
1.65662393E8	17.34121641397881
1.66204869E8	19.67295243456234
1.665892365E8	5.7839312469338235
1.67199863E8	16.343107832998367
1.67707403E8	4.348490937506343
1.680917705E8	22.541076590286952
1.68737333E8	16.84308897084171
1.69197014E8	10.561194208209683
1.695813815E8	15.060002459117177
1.70274803E8	11.448508263575874
1.706842435E8	8.42053204642444
1.71068611E8	11.66811904997154
1.717757825E8	8.563700675813578
1.7216015E8	17.060467792987215
1.72581008E8	21.315073464848094
1.732448375E8	23.56051269940099
1.73629205E8	15.727025751748002
1.74118478E8	12.709680188881734
1.7470787E8	9.177266619355247
1.750922375E8	11.972976363727605
1.75655948E8	15.214140113303024
1.761671155E8	12.622058359621452
1.76551483E8	16.780704087278092
1.77193418E8	19.045862358289916
1.775981795E8	21.610326566637248
1.77982547E8	30.203704390566894
1.786433205E8	31.309656334231807
1.79027688E8	14.339886373369115
1.79499623E8	8.840785186052411
1.80059845E8	21.05706137744556
1.804442125E8	18.201121752600557
1.81037093E8	18.441332839014745
1.814629515E8	7.038285411294016
1.81847319E8	7.722210475200255
1.824697645E8	7.081380625176611
1.82854132E8	17.11892345787392
1.83343298E8	12.509690595588857
1.83845386E8	18.14581147718537
1.842297535E8	5.091403616016681
1.848263935E8	17.724809314136966
1.85210761E8	12.845745708006511
1.85649503E8	21.481627608993996
1.861815255E8	24.54272120822187
1.86565893E8	11.115086866979986
1.871516995E8	13.094037709041118
1.87536067E8	17.202446595886432
1.87955708E8	16.941046004149676
1.88487033E8	12.908711702362927
1.888714005E8	12.030714797186302
1.89437117E8	19.59436532630332
1.898214845E8	22.329614170278802
1.90261913E8	16.389810532888447
1.907655555E8	24.97843219450849
1.91149923E8	18.365542216396165
1.917006725E8	18.65397487196183
1.9208504E8	10.644784496076912
1.92568118E8	13.525469765263713
1.93014003E8	23.962530987117486
1.933983705E8	12.582030354653863
1.939421735E8	8.580680054129159
1.94326541E8	10.110862255185433
1.948700135E8	9.956419809608008
1.95254381E8	10.272769462814711
1.95643058E8	16.08919848842579
1.96173218E8	21.23219644357563
1.965575855E8	10.010248349575605
1.970859405E8	9.630833735937609
1.97470308E8	7.994259283731994
1.97949263E8	11.58431709236603
1.98379719E8	20.02212048558751
1.987640865E8	6.164824006219718
1.99284827E8	10.68957012849286
1.996691945E8	12.619615068398165
2.001689555E8	11.211112789780262
2.00553323E8	21.839942204883688
2.01024203E8	22.159649293969963
2.0143258E8	10.589204273308482
2.018169475E8	13.050498393264476
2.023091665E8	15.23558519956621
2.02693534E8	13.850108809080162
2.03168465E8	15.091318627219573
2.035528325E8	10.480647511778836
2.04022535E8	15.250247352234457
2.044069025E8	8.81234988512949
2.048603755E8	10.756504318522548
2.05244743E8	1.2444518493835388
2.05636613E8	17.746054231952492
2.060816995E8	18.35884154877386
2.06466067E8	16.201568986106842
2.069158215E8	17.017370307519073
2.07300189E8	21.279222803244
2.07743072E8	15.682065739905699
2.081274395E8	15.105789352477647
2.08563085E8	11.740838789399723
2.089474525E8	25.14843265888946
2.09377998E8	18.158977585947124
2.097623655E8	7.639529768305797
2.101865875E8	6.521734403538636
2.10570955E8	6.413314540605906
2.10991954E8	16.604039451868356
2.113763215E8	7.9825414664393115
2.117807295E8	13.279798945600152
2.12165097E8	7.816257482432549
2.12555228E8	9.282467950594159
2.12951007E8	3.392454979625816
2.133353745E8	22.969965625971966
2.137362725E8	20.662622575334623
2.1412064E8	12.526534998197379
2.145168735E8	8.619109224276528
2.14901241E8	27.514536676539176
2.15295174E8	26.497584736751495
2.156795415E8	14.699514021146648
2.160708055E8	143.95239026124045
2.16455173E8	14.129842501085806
2.16845987E8	5.405706632225969
2.172303545E8	18.75775452275914
2.176193275E8	19.589057069011616
2.18003695E8	11.797770351574144
2.183870575E8	7.387268724459791
2.18771425E8	11.16594062892528
2.191437085E8	9.14968745966478
2.19528076E8	13.100162206615789
2.19895419E8	7.797573135170727
2.202797865E8	12.277586062870327
2.20645687E8	10.123522663607503
2.21025053E8	12.67317666991566
2.21390679E8	5.686893931820454
2.217493495E8	12.222098911694268
2.22133717E8	12.891444207371695
2.22491112E8	10.716640674142514
2.228754795E8	14.2115968164242
2.232300165E8	14.78092304271961
2.23614384E8	6.648874590721302
2.239617555E8	9.06813599107246
2.24346123E8	20.524649089339142
2.2468963E8	8.840445277487962
2.250739975E8	8.88321399629894
2.254154375E8	7.425776058881658
2.25799805E8	9.777430498042351
2.261404185E8	11.06261713318421
2.26524786E8	20.67435461505042
2.2685767E8	19.900376648999003
2.272420375E8	12.74032610378785
2.275674865E8	9.139332299553041
2.27901798E8	24.020116170564894
2.282642395E8	14.986145517020937
2.28575658E8	13.925882634272323
2.289600255E8	17.491101987724075
2.29270193E8	19.162385627462765
2.296545605E8	16.320686595167466
2.299644725E8	23.850018188754913
2.3034884E8	10.143730869964532
2.30655893E8	13.26013986013986
2.309973965E8	19.953098712558518
2.313463715E8	4.399052818215752
2.31650276E8	5.880041602739805
2.320346435E8	6.757988923755544
2.32330417E8	14.471870986073942
2.327147845E8	7.671486072640277
2.33008396E8	5.155672936265539
2.333832675E8	11.23074141912334
2.336859445E8	2.399536647009267
2.33975938E8	16.247157283041737
2.343603055E8	18.012010205064023
2.346438945E8	26.90205543097836
2.35028262E8	15.59318538860534
2.353116695E8	10.763880953287877
2.35668032E8	25.546284538919718
2.359736405E8	12.98523477950366
2.36248209E8	20.823726950663826
2.366325765E8	14.825313488723115
2.36905892E8	16.145710880626368
2.372902595E8	19.87649082200148
2.375596255E8	21.67335446123842
2.378457775E8	9.269906490690477
2.38209635E8	20.26740178485066
2.384723095E8	10.362816872290358
2.38856677E8	8.843132484647024
2.391161115E8	10.271707230683601
2.394117615E8	14.198649872717903
2.39756603E8	23.47002564319328
2.40012063E8	18.906892363974393
2.403964305E8	8.513419873635842
2.40651522E8	6.700812726035259
2.40935513E8	9.582666225872073
2.41282414E8	8.337997439639757
2.415260005E8	8.60111025766357
2.41910368E8	21.120680468158778
2.42153892E8	3.156982886118741
2.423992835E8	8.29444295854336
2.427812845E8	14.447264275846189
2.430194555E8	11.69182922526337
2.43354977E8	23.456650015973665
2.436401495E8	12.826771895344553
2.43875304E8	15.863146340612479
2.442596715E8	15.604357792375
2.44494215E8	14.015677890611082
2.447631205E8	20.044909883358216
2.451110035E8	10.144852852020579
2.45340206E8	7.623326783335751
2.45672164E8	20.673254894772416
2.45942791E8	6.641858823304935
2.46158155E8	10.912561481886048
2.46536439E8	21.211044004653335
2.46757852E8	12.876962275006164
2.469695205E8	9.225908991414743
2.47353888E8	10.130124592731391
2.47564574E8	11.61367874998041
2.47805319E8	7.958753408685534
2.48157783E8	10.182457484029314
2.48365893E8	17.07005233572398
2.486381075E8	16.209358918195516
2.489579875E8	11.290375647552896
2.49165224E8	11.393859081754458
2.49467076E8	16.28063027008466
2.4975636E8	16.335130975392502
2.499626485E8	16.866230922737593
2.502879155E8	16.08397272375356
2.5054851E8	7.712557423372052
2.507484705E8	10.036113871929576
2.510885645E8	14.445822500175673
2.51332072E8	3.8861395642991856
2.51527848E8	9.850207092292207
2.51873065E8	10.994605463194546
2.5210593E8	17.270251976347684
2.5229909E8	20.175882007278773
2.52643082E8	8.205734738725935
2.5287344E8	20.396676202152296
2.53058026E8	21.761591562334228
2.5338655E8	12.814943018281353
2.53626707E8	4.662163009123712
2.53810996E8	9.736538064782339
2.541215335E8	9.835314017090262
2.543774555E8	6.8838344846268456
2.545591305E8	7.524127219620752
2.54848343E8	9.52871379933009
2.551248655E8	19.830870684672377
2.553049575E8	30.200725243415707
2.555674465E8	13.174864265116698
2.55866877E8	18.103677022608583
2.560427725E8	14.914693522409612
2.562705875E8	9.391765152648476
2.56600938E8	12.500870315070024
2.56774153E8	13.385326331582895
2.569624935E8	7.196591875487832
2.57304699E8	26.47999882716864
2.57500726E8	8.890429224102434
2.576711905E8	8.946980305591005
2.57986484E8	10.125965413891393
2.582258865E8	29.305295769754178
2.583930965E8	18.754050501345073
2.586566015E8	19.848714087888297
2.58942833E8	18.735422484227946
2.5910475E8	12.978613793859383
2.593058495E8	15.965209784748039
2.59625725E8	17.220405366935598
2.59808993E8	7.590805333333333
2.59968316E8	10.228504880947563
2.60263454E8	9.010615217971461
2.60511936E8	10.414386497738976
2.60669987E8	9.263333405985048
2.60895678E8	12.731187388243093
2.61207803E8	7.944633201400272
2.613664795E8	24.091932183572055
2.61520696E8	12.519053950548923
2.61824593E8	20.017155285872445
2.62058165E8	11.279344604544523
2.622109925E8	12.47550340671946
2.624361765E8	25.438031237935704
2.627407855E8	8.597422619282918
2.62899969E8	16.30297912585287
2.63050826E8	8.563756705040936
2.633441895E8	18.856031699442326
2.635851015E8	9.891565205925014
2.63733667E8	2.950791761854712
2.639380475E8	16.088854303598307
2.64231582E8	11.177605638122762
2.64411569E8	11.385810678809191
2.645558915E8	29.49380014587892
2.648102425E8	17.048695045359384
2.65083559E8	6.988105355858679
2.65224529E8	16.63486556808326
2.653750005E8	9.343418053584484
2.65651351E8	13.454398626057406
2.65885247E8	9.4520597340916
2.66021552E8	10.434425289553152
2.66196816E8	17.41803010531346
2.664682985E8	11.72422855455485
2.66677402E8	16.19506134282048
2.668104465E8	7.29001195266073
2.670024795E8	12.96233940527173
2.672676815E8	13.731873727087576
2.67460016E8	6.501384601226481
2.67590504E8	10.069566692824875
2.67790844E8	7.312259627439408
2.680494615E8	10.305520887434982
2.68233489E8	8.646034183529753
2.683623315E8	11.633202828655033
2.685626535E8	14.638507264477575
2.688141505E8	10.862258082581945
2.68998196E8	16.485212811894097
2.691212125E8	15.497271817641725
2.69305491E8	10.315339126387487
2.69544969E8	18.89014908338683
2.69745058E8	15.029761206017731
2.698635095E8	21.385020253704297
2.700194335E8	15.362157939189188
2.7025476E8	26.140117937336704
2.704832035E8	15.737223921016527
2.706000615E8	27.85789178056544
2.707192135E8	7.132157700046569
2.70946674E8	8.06562721349412
2.711728175E8	12.504893594325031
2.713243835E8	20.303554975429975
2.714361945E8	29.782331349069963
2.71620605E8	11.015653053823044
2.718435565E8	11.95664539899353
2.720435135E8	13.220564520676161
2.721547675E8	63.55324002303229
2.722872195E8	13.183631399317406
2.725064275E8	12.117219869572773
2.727249785E8	9.977627314178982
2.72867561E8	13.374320010789912
2.729767215E8	11.504742994353265
2.731596875E8	8.08454791452832
2.733731465E8	8.385284460292223
2.73574548E8	8.478096990406097
2.736806165E8	18.491648411829136
2.737972355E8	13.543761770913186
2.74008185E8	11.64597075598486
2.7421821E8	8.154594537825155
2.74380672E8	20.031061872547575
2.744841805E8	25.864376979360053
2.746317545E8	13.419907848588748
2.74835029E8	11.896556650950135
2.750368585E8	23.627247269393287
2.751721665E8	5.169216908820501
2.752717585E8	8.293518289286377
2.754346305E8	23.168702414396808
2.75629477E8	10.98453973758443
2.75822252E8	18.958647222438845
2.75947145E8	3.293553385212653
2.760430425E8	7.848668443068312
2.762057895E8	15.47127759757246
2.763968555E8	26.47426593784033
2.76587426E8	10.165254616116835
2.767135505E8	8.087037037037037
2.76808458E8	9.062639470696473
2.76967139E8	19.3144315491413
2.77156076E8	7.438757457750482
2.773432765E8	10.708831523198729
2.774748495E8	10.633438133347191
2.775673295E8	10.637931992443605
2.77713495E8	9.153480197241013
2.77897569E8	11.031990424634802
2.780813245E8	7.478933731070297
2.78227624E8	4.668426804294124
2.78318713E8	8.190912192126628
2.78445831E8	17.833363728302135
2.78624475E8	7.436992803552289
2.78799759E8	7.81552077414467
2.7896884E8	10.438721169272437
2.79055951E8	2.87668836847731
2.791480645E8	14.246125011498481
2.793219045E8	8.220870936550327
2.794951505E8	17.509829346794174
2.796670295E8	8.308046313081107
2.797860375E8	14.250305942751396
2.798713395E8	15.36270005212456
2.80007599E8	13.612866369486328
2.801762495E8	16.77245516094548
2.8034403E8	17.241289380970326
2.80507948E8	11.187376676729638
2.805915035E8	4.380111524163569
2.80677891E8	8.281044258322861
2.80844071E8	20.460639239705856
2.810100155E8	23.302264724325887
2.81175222E8	5.068884635250509
2.813072575E8	16.1509054730368
2.81389511E8	19.532145659297548
2.81503931E8	9.173243244892852
2.816671245E8	6.398553042793513
2.81829173E8	10.517205306130029
2.819906385E8	17.738688329553483
2.820985375E8	6.429726551014408
2.821788915E8	5.640076393331577
2.823119855E8	11.671943012958423
2.82471554E8	13.69427471568252
2.8263049E8	9.185203396561832
2.827887405E8	23.356533856970927
2.82881078E8	7.343406080955046
2.829592085E8	10.449480904708937
2.831008305E8	15.72219548989518
2.832545715E8	15.83737816700717
2.8340819E8	11.73305197892447
2.8356106E8	11.009987056249466
2.83650187E8	14.153624745749703
2.837259075E8	12.070958016971863
2.838639935E8	9.449644534047803
2.84014566E8	53.222384059272265
2.841642325E8	4.274923477607131
2.843131325E8	7.2242380261248185
2.844097475E8	15.108228617754358
2.844837785E8	11.603447943196727
2.84609444E8	13.051681056373793
2.847568575E8	5.159875502881374
2.84903889E8	8.480563061989912
2.850507725E8	6.477481342267255
2.85162443E8	11.951363012355364
2.85235427E8	7.7231265201560095
2.8534268E8	9.711845707232646
2.85486983E8	13.256987247793958
2.85630282E8	9.786987378946264
2.85773144E8	14.667988704286344
2.859069595E8	7.3932854100959
2.859767315E8	4.675899329777049
2.86052856E8	11.688941850073023
2.861903485E8	14.379169760771124
2.86326707E8	23.184959995271832
2.86461012E8	11.337085650389115
2.865942015E8	9.135531218075837
2.866994605E8	23.321553172244474
2.867650045E8	44.11639167194309
2.868562865E8	6.757608678782612
2.86985097E8	8.643307056036658
2.87113018E8	20.56187493606742
2.872400565E8	12.185140562248996
2.8736678E8	14.41516879255399
2.874684495E8	8.605785489451367
2.875308515E8	19.178331455281498
2.876171135E8	14.415073594324328
2.877417145E8	14.87239165329053
2.87865989E8	8.923032860289313
2.87989856E8	15.031312356101305
2.881135245E8	10.240287490287491
2.88225463E8	23.922960378769
2.882869705E8	14.724283825473776
2.883595355E8	11.327695197647827
2.884818635E8	17.883100412384632
2.88604014E8	13.951623868616128
2.88725668E8	8.270666457685422
2.88845977E8	13.789053142928934
2.889652565E8	14.934032090228593
2.890345995E8	4.088976539289007
2.89094055E8	13.7446598718168
2.892031115E8	8.19330548162124
2.893211245E8	9.824606571072957
2.8943711E8	18.00479641402646
2.89550763E8	17.32426289762689
2.896633655E8	9.232232961409991
2.897663725E8	11.930259187124115
2.898226395E8	10.301812657166806
2.89887659E8	17.533037106470424
2.899984115E8	13.600837599725022
2.901089365E8	16.605759484506226
2.90218437E8	11.290456660983365
2.903262345E8	9.77427397516108
2.9043256E8	14.977302223359006
2.905335855E8	8.285905275158047
2.905862925E8	0.8594800537875392
2.906432345E8	15.166749237804877
2.907479405E8	12.809079768697584
2.90851896E8	8.753051933616215
2.90955247E8	11.698962641535019
2.91058116E8	14.084745597346211
2.91160204E8	9.085896086781208
2.912615545E8	8.61403682439121
2.91331315E8	7.754941430092725
2.9138107E8	7.519021783671262
2.91461273E8	12.23498697143777
2.91559725E8	0.5848298070907729
2.91657178E8	10.45998418874937
2.917545145E8	11.010670888418282
2.91851644E8	10.854420786719595
2.91948596E8	0.4964248496166902
2.920451375E8	6.372946216879497
2.9210626E8	14.712664391702772
2.921538905E8	20.02374963862388
2.922360205E8	20.077461085401765
2.923310645E8	10.026787217918491
2.924255295E8	12.825482847469177
2.925187585E8	11.769181723869629
2.92610929E8	4.058558902020587
2.92702327E8	8.518765592201426
2.92792108E8	15.51356538821962
2.928622145E8	6.697881569265327
2.929062585E8	12.969242166492894
2.92967363E8	10.65242587129648
2.930529085E8	3.292834708419276
2.931380435E8	12.85294671658308
2.9322235E8	8.04313322417564
2.93305647E8	1.2338193263630115
2.93388439E8	9.241613336398059
2.93470965E8	11.847058537947106
2.935531875E8	17.050832378677455
2.936254925E8	9.533090351045463
2.936664795E8	3.682820063858276
2.9371692E8	5.883333537925193
2.937980535E8	13.935844760160387
2.938782955E8	12.962725903614459
2.93957456E8	21.498849200798567
2.940359865E8	3.0645498597296608
2.94113718E8	8.633996599301689
2.94190606E8	12.384410879282708
2.94267212E8	0.4455602191451248
2.9434356E8	13.169634071138985
2.94403587E8	14.299267741861897
2.944416325E8	20.51144044149563
2.944955125E8	6.9788493629645325
2.9457076E8	10.666777794076465
2.9464554E8	8.249413310804469
2.947198625E8	5.359181359181359
2.947938495E8	0.37566982408660354
2.94867693E8	15.724694051797742
2.94941437E8	6.355314039158221
2.950150255E8	6.105789645598563
2.9508846E8	8.681686264357637
2.951596985E8	11.298708818250246
2.951959055E8	14.004204204204203
2.9523318E8	1.882896418090678
2.953042615E8	3.7914975191700497
2.95375117E8	5.05728658838159
2.95445692E8	9.939260901069861
2.95515887E8	10.136572057080006
2.955858525E8	8.37865396716435
2.956554665E8	30.80392185155258
2.957244435E8	3.1279825200291334
2.957929165E8	6.229998828628323
2.958609135E8	0.7347779845785696
2.959283655E8	6.888923608011189
2.95962472E8	3.1936444885799404
2.959959795E8	17.741334383711067
2.960623185E8	13.413439328033599
2.961285905E8	10.603637246865228
2.961944545E8	7.251693139368907
2.96259386E8	6.048836882313425
2.963231915E8	9.856749787742524
2.963866495E8	13.277410999147108
2.964495135E8	7.119348223155061
2.96511883E8	7.6758764540714
2.96574108E8	7.340700201207244
2.966360135E8	8.429481567940861
2.966975155E8	4.108336866825402
2.967299425E8	2.7471719457013575
2.967605265E8	8.336705302609662
2.968197085E8	4.8135743924125665
2.968803715E8	10.470426114796844
2.969406465E8	12.170274868236707
2.970003935E8	7.632990695018307
2.97059853E8	15.357673329852982
2.971191925E8	8.622314411953186
2.971783685E8	9.170403359636943
2.972373605E8	4.9110300356355
2.972962345E8	6.592301676357578
2.973550285E8	12.999370427088651
2.974136535E8	10.65266757865937
2.974716695E8	0.34021406727828746
2.975006415E8	0.0
2.975297915E8	4.568885128134282
2.975874835E8	13.49672906952467
2.97644944E8	10.650465662807903
2.977022745E8	10.762653803131991
2.977593955E8	17.947550240241295
2.97816386E8	9.505328768325871
2.97873337E8	17.32721653467259
2.97929694E8	10.91575663026521
2.979853355E8	20.725574609121693
2.98040566E8	6.542724542724542
2.980954345E8	4.397247773397576
2.98150189E8	6.241277847835225
2.982045775E8	5.616204217536071
2.98250394E8	19.583610571420966
2.98277297E8	16.503911784636234
2.98312184E8	1.228759268597897
2.983655255E8	0.4517707274848519
2.98418571E8	7.121267634893955
2.98471025E8	8.995746646394272
2.985229515E8	10.177901106100897
2.98574718E8	10.282577121942717
2.98626245E8	12.292891179616843
2.986775555E8	8.723645666523455
2.987287515E8	20.254483647872465
2.9877965E8	18.09580921143625
2.98830158E8	4.267751215157227
2.98880377E8	9.889572881897948
2.9893041E8	7.674614754262187
2.989803155E8	17.209148619872234
2.9902156E8	8.56268533520834
2.99046443E8	9.62984462034594
2.990795815E8	14.855064808419
2.991287095E8	11.723130888771056
2.991776335E8	8.451878559429671
2.99226409E8	8.816853725095923
2.992750675E8	0.36963771099217785
2.99323612E8	4.672019625224185
2.993721015E8	10.430039199504849
2.99420364E8	5.559504734158776
2.994682855E8	9.313363187411065
2.995160355E8	11.905558350100604
2.99563736E8	11.902073853509195
2.99611366E8	15.017174328897857
2.99658856E8	13.966841738910334
2.99706222E8	9.984066944192042
2.99753043E8	6.911202746173276
2.997914265E8	6.751970572779821
2.998145535E8	1.9501455143616349
2.998454455E8	8.869046065509592
2.998912785E8	9.095801961127648
2.999369015E8	8.688902058913913
2.99982407E8	6.505533188128396
3.000278035E8	8.46468901632113
3.00072936E8	3.161090706733445
3.001178095E8	9.192003926643165
3.001626E8	3.3774213007439844
3.002072585E8	6.5766192378473
3.0025153E8	14.59524838012959
3.002951105E8	8.587733926255327
3.00338256E8	8.19427113533573
3.00381246E8	4.6812551032310745
3.00424041E8	10.904856641310708
3.00466617E8	2.985504513635185
3.00509036E8	16.95390346843979
3.005513965E8	14.44483573623257
3.005739685E8	6.0003528581510235
3.0059498E8	6.808262522646661
3.006355E8	8.636233303863706
3.00677186E8	282.2271862431059
3.00718655E8	6.8407417244126805
3.007599975E8	12.593753028981293
3.008009635E8	15.40121483375959
3.00841504E8	20.000049484127967
3.00881871E8	7.805665104050401
3.009221625E8	17.638404609347837
3.00962411E8	3.9260520494146305
3.01002529E8	2.755180602424697
3.010424755E8	4.905936622543121
3.010823325E8	11.281675287500628
3.011221535E8	4.8151999196303
3.01161883E8	2.4593496960371315
3.012013185E8	7.050882023044764
3.01240271E8	10.68330015254544
3.01278813E8	7.001692399822949
3.013171725E8	6.0076477343913135
3.013402245E8	6.332777207392197
3.01359325E8	6.410404814364169
3.01393599E8	9.930805736909726
3.01431711E8	2.7038466587895496
3.014697935E8	5.125761554621849
3.015075635E8	4.598852108916177
3.01544826E8	8.596060973964656
3.015818905E8	4.426586445067991
3.01618727E8	13.933213144308777
3.01655231E8	4.277864776504849
3.01691575E8	12.802336796274354
3.01727817E8	26.984003315375052
3.017639465E8	5.547138420585625
3.018000005E8	7.395655310176451
3.018360275E8	8.012690919189113
3.018718265E8	6.946779813420254
3.019074095E8	0.34490415425262805
3.0194275E8	8.207731532917414
3.01977819E8	7.567717996289425
3.020128525E8	6.373173098881023
3.02047874E8	3.348604724229528
3.020828745E8	20.66604744212632
3.021066125E8	9.287602114368092
3.021240165E8	11.286667861302751
3.0215234E8	6.899694100509833
3.021865385E8	11.92354425921578
3.022202135E8	4.767744455796622
3.02253491E8	30.89001412386934
3.022863395E8	2.7776989512646515
3.02318457E8	0.7898475561841899
3.023501625E8	4.69113178883403
3.02381257E8	4.809106658385906
3.024117055E8	12.44924762407603
3.024418645E8	4.7124675151595925
3.024718665E8	4.588062687562521
3.02501802E8	13.287975636692213
3.0253152E8	9.781830485535442
3.02561013E8	9.018687778193062
3.025904035E8	10.110902896081772
3.026196635E8	12.788001371271855
3.02648696E8	15.093614812251255
3.026774925E8	2.391386159314238
3.0270614E8	2.0683288456831135
3.0273473E8	9.970471958856663
3.0276322E8	4.8827340916293975
3.02791553E8	113.96296296296296
3.02819683E8	6.183594726876496
3.02847463E8	1.4972614168087344
3.02871419E8	6.396794966327484
3.028851665E8	8.1793903803132
3.029023805E8	5.379087842792198
3.02929608E8	15.27123882409213
3.029566585E8	19.654111878760865
3.02983539E8	9.478035694325422
3.030103E8	15.804969456208072
3.03036936E8	7.166497423746662
3.030633795E8	7.2026770096585295
3.03089659E8	19.32927154335326
3.031158375E8	9.176157265481299
3.03141897E8	9.292279906236791
3.0316784E8	3.1193597030506903
3.03193613E8	20.33932951757972
3.03219033E8	12.447271137258019
3.03244142E8	3.967638960935318
3.03269183E8	15.260381279725031
3.032941495E8	14.82562620423892
3.03318984E8	9.507048511532092
3.03343729E8	4.004326203857195
3.03368407E8	10.298623238435608
3.03392961E8	6.861956299775373
3.034173935E8	0.16562756357670222
3.034417695E8	9.671795503036272
3.03466092E8	21.936143039591315
3.03490315E8	1.6665701402391098
3.03514472E8	4.74313408723748
3.03538466E8	7.963601291567073
3.035622675E8	10.22979457821182
3.03585904E8	7.4277756516562485
3.036094165E8	15.5456014973626
3.03632882E8	4.976262647824788
3.036474595E8	8.460223307745988
3.03659146E8	4.773708973414205
3.036795675E8	2.7167916558917335
3.03702759E8	8.961131961520211
3.037259045E8	3.265599307659022
3.03749014E8	9.853044268466832
3.037721115E8	13.802910855063676
3.03795153E8	10.616384745836413
3.038181055E8	11.00222629649031
3.03840977E8	15.298270199255528
3.038636995E8	24.372224679345422
3.038862345E8	8.00427426536064
3.03908542E8	11.185240352064996
3.03930611E8	19.33020970750125
3.039525865E8	6.206163510560816
3.03974351E8	12.722832892722971
3.039958025E8	3.8980414206728518
3.040171415E8	19.639013873265842
3.04038313E8	6.105298233922026
3.040591685E8	2.3938369397217927
3.04079863E8	7.050809765530578
3.04100481E8	15.675733540946913
3.04120937E8	19.95795884288591
3.041411265E8	12.28694175242282
3.04161089E8	23.467976088812982
3.041809935E8	9.967189227213346
3.04200889E8	22.68570566644879
3.042207195E8	6.896469755209387
3.042404435E8	4.920613945923968
3.04260093E8	6.213015339142842
3.042797115E8	19.94284694605894
3.04299283E8	19.357673203953095
3.043188045E8	14.046223224351747
3.0433822E8	0.16612310400165659
3.04357514E8	9.703336619791397
3.043766445E8	0.10279094260136915
3.04395624E8	9.880700089619905
3.044120845E8	0.47054185779816515
3.044215395E8	1.1486486486486487
3.044334495E8	12.53043155550843
3.044520715E8	7.191926884996192
3.04470397E8	10.62581422081121
3.04488589E8	2.311454595638973
3.0450666E8	1.709380373883619
3.0452464E8	1.8154240785144706
3.04542522E8	1.8105546520105433
3.04560353E8	1.9852504065952554
3.045781455E8	5.54500394277346
3.045958945E8	4.084253832281335
3.04613409E8	8.844547295342783
3.04630615E8	5.001050972149238
3.046477165E8	19.327477160927618
3.04664782E8	20.539958956317797
3.046818275E8	1.5289974172340925
3.04698855E8	10.480521769786709
3.047157445E8	13.496241050119332
3.047322845E8	11.974142156862746
3.047485745E8	18.45369003690037
3.047647915E8	5.236614319277853
3.04780937E8	4.40404541788174
3.04797045E8	9.320827380582644
3.04813105E8	7.922039822732663
3.04829099E8	0.009143859209619841
3.04844809E8	10.27677473629716
3.04860144E8	1355.2620095945324
3.04875228E8	16.03658618152632
3.048899345E8	17.221062093762963
3.04904393E8	7.527014873746109
3.04918797E8	1.6897512715111824
3.04933121E8	11.64931794333683
3.049473325E8	13.081681766704417
3.049613855E8	9.37201316354271
3.049753525E8	18.223273144167383
3.04989176E8	6.031334453290483
3.050028535E8	7.216627634660422
3.050165075E8	12.287965406039286
3.05030149E8	1.507001979617274
3.05043766E8	26.696432511952924
3.05057328E8	43.68223815507429
3.050707775E8	4.909872849663426
3.050840815E8	3.820969935035504
3.050973185E8	0.3241160471441523
3.0511055E8	5.881076585771528
3.051237565E8	5.256939177915972
3.051369355E8	11.877315517764956
3.05150043E8	7.5698842290884
3.05163013E8	2.49414592540901
3.05175888E8	15.783163463782774
3.05185055E8	0.04542966611932129
3.051914585E8	1.4262899262899262
3.052015075E8	7.613216410898842
3.05214187E8	0.816318423770557
3.052267085E8	44.590558766859345
3.05239162E8	9.644365914384387
3.052514665E8	2.9351867083401877
3.052635855E8	0.037334437086092714
3.05275651E8	5.413243714214588
3.052876965E8	19.015697674418604
3.052997075E8	4.506009013520281
3.05311672E8	5.337406880388382
3.053236175E8	2.819574681848627
3.053355615E8	8.215589417280643
3.05347491E8	10.498531263113723
3.0535937E8	39.989107489656334
3.053711045E8	0.05401685876483743
3.053827095E8	2.1292299723756907
3.05394203E8	9.417258616153644
3.05405586E8	10.403238581360556
3.05416915E8	0.5125276671093404
3.054282015E8	0.9430750133002306
3.054393975E8	27.52870253734029
3.05450508E8	3.8029170793193483
3.054616145E8	4.1523500810372775
3.05472713E8	2.934361193760707
3.054837595E8	27.30830758043992
3.05494683E8	3.9520516366989398
3.055054885E8	8.899312650938139
3.055161465E8	27.18824644549763
3.05526661E8	1.3500334001336005
3.05537127E8	376.9609681431168
3.055475015E8	2.2544677544677545
3.055577785E8	10.89383895496198
3.05567969E8	3.6936678850143236
3.05578E8	5.744441090652983
3.05587934E8	2.1528854869573975
3.055978485E8	17.09010101010101
3.056077465E8	13.640864995957962
3.05617534E8	17.35995454075834
3.05627204E8	3.389814718973191
3.0563683E8	0.9612136377854238
3.056464125E8	0.5365573428034259
3.05655943E8	7.293032570886476
3.05665429E8	0.6850817079599367
3.056749135E8	3.782792070856179
3.05684391E8	6.716397423714497
3.056938605E8	23.751161808196027
3.05703288E8	1.3389794396505805
3.0571261E8	13.941773792805444
3.057218545E8	2.7305025996533794
3.057310705E8	12.496086956521738
3.057402675E8	5.341418316293235
3.057494535E8	0.6711701895837873
3.057585785E8	12.804563492063492
3.05767648E8	9.233263482960185
3.05776642E8	11.558569667077682
3.057855425E8	16.880855855855856
3.05794349E8	0.5210122523760449
3.05803082E8	8.675369288904157
3.058116615E8	2.85378590078329
3.058200515E8	3.975819966483122
3.058282875E8	5.8285291943828526
3.058363865E8	8.76509900990099
3.058444065E8	6.362939698492462
3.058523285E8	9.582191780821917
3.058601015E8	15.656095014356564
3.058677105E8	0.037056643726839596
3.058752425E8	19.791422482685135
3.05882709E8	4.018451178451178
3.058900985E8	8.29358172423171
3.05897348E8	4.850524842547236
3.059044835E8	0.12728038170081393
3.059115865E8	1.3201977401129943
3.059186575E8	7.4793259699801755
3.059257075E8	5.364023870417732
3.059327345E8	8.567987457240593
3.059397415E8	3.069734209774221
3.05946737E8	38.335907335907336
3.05953382E8	8.287120851198983
3.059568435E8	4.2092651757188495
3.059606085E8	7.887166859791425
3.059675075E8	0.09442993907745866
3.05974393E8	0.017594881489021375
3.059812595E8	3.5707409568261377
3.0598811E8	5.092037983929876
3.05994947E8	1.761751354517499
3.060017745E8	35.433050102549075
3.06008546E8	5.362810778621409
3.06015243E8	0.37651639958065
3.06021916E8	1.5814964762333183
3.06028584E8	17.76991150442478
3.060351805E8	0.4043824701195219
3.060416715E8	19.165737298636927
3.06048088E8	1.2027599184569546
3.06054431E8	24.78538595656998
3.06060702E8	7.879833146157549
3.06066934E8	23.806612100786392
3.060731045E8	0.6202945990180033
3.06079204E8	0.9466250615864674
3.060852755E8	6.858771060455897
3.06091306E8	0.024637922423838856
3.060973105E8	11.53465511496168
3.06103308E8	3.185549808109461
3.06109298E8	13.011524970770001
3.06115231E8	5.612178941996938
3.06121083E8	0.07347639484978541
3.061268995E8	30.889462809917354
3.061326905E8	2.411673016972636
3.061384525E8	21.36904347826087
3.06144196E8	0.03765033989890187
3.06149915E8	4.142606560252587
3.061556135E8	10.74631320224719
3.061612865E8	10.33575221238938
3.061668935E8	19.83429187634795
3.061724375E8	39.20130340333092
3.06177958E8	0.0061627696211709266
3.06183465E8	0.22903401855557576
3.0618895E8	49.623424081856385
3.061944175E8	3.5278286341999268
3.061998695E8	4.9882396177875785
3.062052965E8	0.008869179600886918
3.062107035E8	50.98463532025176
3.062160895E8	20.075418994413408
3.06221455E8	4.927438910650998
3.062267975E8	0.44045830202854996
3.062321055E8	0.07558578987150416
3.062373925E8	0.012684589170768649
3.062426715E8	1.4757391963608795
3.06247945E8	9.417567823942326
3.062532015E8	1.166539488744754
3.062584425E8	18.920419847328244
3.06263673E8	15.41696992913235
3.062688905E8	34.41580360567702
3.06274102E8	2.933192551353427
3.06279276E8	31.568203930725822
3.062844135E8	5.250584112149533
3.062895485E8	0.4855862874951305
3.06294667E8	0.013717421124828532
3.06299761E8	7.140806293018683
3.063048415E8	3.760047281323877
3.063099165E8	18.51340165549862
3.063149815E8	0.02867879746835443
3.063200175E8	0.2850877192982456
3.063250325E8	14.113681691264459
3.06330018E8	0.49021585636473675
3.063349735E8	0.0
3.063399235E8	0.5701577031945007
3.06344861E8	2.1399878271454655
3.063497735E8	6.185253267973856
3.06354609E8	57.349738219895286
3.06359362E8	20.670259987317692
3.06364072E8	1.1738110471315846
3.06368756E8	1.3744389826886088
3.063734225E8	6.479372582724538
3.063780725E8	0.6797244941885493
3.06382707E8	5.043910880380706
3.063873235E8	0.5401301518438177
3.06391931E8	6.264277958740499
3.063965295E8	19.176611498257838
3.06401082E8	30.251495679149127
3.064055785E8	9.117410714285715
3.06410055E8	0.22579923988374692
3.0641452E8	1.5378056989006057
3.0641896E8	1.1969251639158942
3.064233765E8	2.2433106575963717
3.06427766E8	19.77386129549096
3.064321085E8	6.009731232622799
3.06436424E8	0.8162224797219003
3.06440737E8	0.39062862444908375
3.064450465E8	0.0510677808727948
3.06449342E8	0.38757879990660754
3.06453625E8	0.0
3.06457902E8	8.54085694216811
3.064621725E8	3.0871194379391103
3.06466441E8	10.077337707991564
3.06470704E8	16.42263442122564
3.064749595E8	22.78645343367827
3.064792095E8	0.24199623352165725
3.06483446E8	7.468165680473373
3.064876545E8	104.15577290076335
3.064918455E8	0.036276849642004776
3.0649603E8	104.11749222301987
3.065001735E8	0.24196689386562803
3.06504273E8	34.014666340747986
3.065083565E8	0.06231599607458292
3.06512427E8	4.977859778597786
3.06516488E8	7.748336209021445
3.065205265E8	34.112935323383084
3.065245425E8	16.03838484546361
3.06528524E8	0.011895722601872943
3.06532471E8	21.850621354298756
3.065364115E8	30.005840528186898
3.065403375E8	0.0
3.0654423E8	9.027641436321364
3.06548097E8	0.028993010613512813
3.0655195E8	0.31693989071038253
3.065557735E8	3.610410094637224
3.06559577E8	4.708125164343939
3.065633635E8	0.7578249336870027
3.065671335E8	5.225994694960212
3.065709005E8	17.844845908607866
3.065746505E8	6.0487152034261245
3.065783835E8	35.420375335120646
3.06582112E8	25.730882747518113
3.06585833E8	0.42584118438761775
3.06589543E8	5.489878542510121
3.065932395E8	51.17787418655097
3.065969265E8	54.38225718936516
3.06600612E8	17.035820895522388
3.066042955E8	9.963335143943508
3.06607968E8	0.9972699972699973
3.0661163E8	14.665665118819994
3.066152875E8	1.3286808976464148
3.06618939E8	0.311866264730063
3.066225875E8	0.1680372807017544
3.066262295E8	22.705170517051705
3.066298605E8	4.348593491450634
3.066334545E8	0.07439640651319483
3.06637011E8	0.0898338496198254
3.0664056E8	0.6707076402593741
3.066440915E8	41.026166097838455
3.066476025E8	6.507986309184256
3.066511055E8	5.793428571428572
3.06654603E8	24.92474964234621
3.066580945E8	15.392775229357799
3.066615705E8	0.11720554272517321
3.06665033E8	1.2175671771164402
3.06668493E8	0.028910089621277824
3.066719485E8	5.842120509849362
3.066753845E8	3.995614035087719
3.06678798E8	0.6034634575873202
3.066821985E8	0.3467884502062463
3.06685591E8	0.033618401651430256
3.066889815E8	15.25693215339233
3.066923705E8	12.270365997638725
3.066957585E8	0.9223730814639906
3.066991455E8	45.15652687536917
3.067025305E8	1.0998817966903074
3.06705914E8	35.152231746970145
3.067092965E8	0.0
3.06712672E8	0.07687741169486495
3.06716041E8	13.768180468981894
3.067194095E8	15.332541567695962
3.067227775E8	36.73159144893112
3.067248635E8	0.13805970149253732
3.06726541E8	0.44021952175617407
3.067294915E8	0.5223880597014925
3.067328405E8	5.695639187574671
3.067361665E8	0.6377118644067796
3.06739469E8	0.07240230233262648
3.06742768E8	0.011525629360024265
3.06746065E8	2.3833788292387017
3.067493595E8	13.78857837181045
3.067526505E8	36.852279635258355
3.06755933E8	0.042442748091603054
3.067591995E8	5.410067526089626
3.067624565E8	23.11855036855037
3.067657115E8	4.486170866625692
3.06768965E8	0.1306486320319705
3.06772208E8	10.45437673987009
3.067754395E8	0.2718266253869969
3.067786575E8	13.954460386774798
3.067818625E8	3.309925093632959
3.067850465E8	7.933312262958281
3.0678821E8	0.558963009800822
3.067913705E8	13.315072830905637
3.067945245E8	0.293015873015873
3.06797666E8	17.366421959782954
3.0680079E8	0.0
3.06803903E8	1.7206685953069754
3.068070135E8	0.04694533762057878
3.068101235E8	16.717041800643088
3.06813233E8	22.177549051141845
3.068163365E8	5.095222724338282
3.068194285E8	0.037589112119248216
3.06822513E8	21.80149205319494
3.068255925E8	48.872886866059815
3.068286625E8	2.480417754569191
3.068317255E8	20.164598301763554
3.068347845E8	0.918848167539267
3.068378385E8	0.06782437745740498
3.0684088E8	0.5222698779280766
3.06843903E8	42.208955223880594
3.068469175E8	26.297942932979428
3.068499285E8	42.233377659574465
3.068529315E8	16.3288859239493
3.06855925E8	0.6119103379056541
3.06858904E8	8.408555069046818
3.06861871E8	0.0
3.06864829E8	12.682819383259911
3.068677785E8	0.0
3.06870722E8	0.8730860837019394
3.068736605E8	4.924778761061947
3.06876586E8	4.282869893580501
3.06879498E8	0.5046375815870835
3.068824045E8	0.11888352860096485
3.068853035E8	12.216160220994475
3.06888198E8	0.05254061527825787
3.0689109E8	0.0
3.068939665E8	0.35744234800838576
3.06896809E8	0.8809776833156217
3.068996235E8	0.09871703492516037
3.069024245E8	37.831545064377686
3.06905212E8	0.4195753868297949
3.069079905E8	9.748020158387328
3.069107675E8	0.4092219020172911
3.06913543E8	2.6673873873873872
3.06916313E8	0.1132007233273056
3.06919067E8	32.62960262486329
3.069218095E8	13.278628738147338
3.069245455E8	8.178388278388278
3.06927266E8	25.050903725562524
3.06929975E8	6.261544144809752
3.069326695E8	0.030201342281879196
3.069353465E8	22.961077844311376
3.06938016E8	0.13760779902512185
3.06940674E8	112.85088712721782
3.06943317E8	5.72772089495639
3.069459505E8	0.026615969581749048
3.069485655E8	16.575384615384614
3.06951153E8	0.3537864077669903
3.069537225E8	42.25273010920437
3.069562725E8	0.21529968454258674
3.069587885E8	0.017227564102564104
3.069612825E8	15.298956661316211
3.069637735E8	24.76305220883534
3.0696626E8	29.763995167136528
3.06968739E8	27.792727272727273
3.06971213E8	0.07682976142337242
3.06973672E8	0.0
3.069761095E8	0.12880658436213993
3.06978536E8	2.0821295914156006
3.0698095E8	0.05280665280665281
3.06983354E8	0.07906783187682064
3.06985755E8	1.6690287619841602
3.06988152E8	0.890187891440501
3.06990543E8	35.16422287390029
3.069929255E8	0.14423885618166526
3.069953025E8	2.811868686868687
3.069976725E8	62.65820642978004
3.070000295E8	0.24595744680851064
3.07002367E8	0.06236559139784946
3.07004687E8	0.0
3.070070005E8	0.9576124567474048
3.070093035E8	0.07367044463818657
3.070115925E8	0.03415061295971979
3.07013868E8	15.498897220996913
3.07016134E8	57.62516556291391
3.07018396E8	2.7742363877822047
3.07020655E8	0.08410801239486498
3.070229135E8	0.162533215234721
3.0702516E8	24.829977628635348
3.07027389E8	0.5623031938821412
3.0702961E8	50.85669220369536
3.070318285E8	40.64111812443643
3.070340435E8	0.33499095840867993
3.070362525E8	10.364007252946509
3.07038456E8	7.753748296228987
3.07040653E8	0.0
3.0704284E8	1.1091242549289317
3.070450185E8	17.065257352941178
3.07047178E8	2.91740550629958
3.0704932E8	0.03923400280242877
3.07051452E8	1.796514366462553
3.070535745E8	0.04052780395852969
3.07055696E8	3.5898161244695896
3.07057816E8	26.701274185936764
3.07059934E8	0.10155880963627775
3.0706204E8	0.019570405727923627
3.070641345E8	0.18624641833810887
3.07066228E8	6.116579073100812
3.070683165E8	0.1751439539347409
3.070704E8	0.3701392222755641
3.07072481E8	16.863876863876865
3.07074558E8	0.2583132530120482
3.070766325E8	0.019286403085824494
3.070787045E8	4.31256038647343
3.07080772E8	0.5520581113801453
3.070828335E8	5.8420796890184645
3.07084889E8	0.033122260107160253
3.07086942E8	5.597661958110082
3.07088987E8	0.018654884634266077
3.070910185E8	3.972359328726555
3.07093044E8	11.099753086419753
3.07095069E8	21.49185185185185
3.07097091E8	4.164437840515107
3.07099108E8	0.961786600496278
3.071011185E8	9.016450648055832
3.07103122E8	0.21389305347326337
3.071051185E8	2.5251004016064256
3.071071095E8	9.036683417085428
3.071090915E8	17.001519756838906
3.07111059E8	0.22845486996430392
3.071130195E8	0.15
3.07114979E8	0.8443083205717202
3.07116933E8	24.36993329912776
3.071188785E8	1.1544799176107106
3.071208195E8	0.6917525773195876
3.07122752E8	0.027012987012987013
3.071246735E8	8.234098018769552
3.071265845E8	0.33771008403361347
3.07128479E8	0.0
3.07130355E8	0.3615425816818425
3.07132213E8	1.343428880475933
3.071340475E8	0.0
3.07135863E8	3.5008282716731087
3.071376725E8	8.949115044247788
3.07139478E8	3.1924570160843038
3.07141279E8	0.0
3.071430775E8	0.1518353726362625
3.07144871E8	0.8065958636109558
3.071466595E8	0.07997762863534676
3.07148442E8	9.083286437816545
3.07150216E8	2.139469226425748
3.071519825E8	0.1765039727582293
3.071537425E8	0.149032992036405
3.071554995E8	4.028473804100228
3.071572545E8	0.3916761687571266
3.07159008E8	0.0
3.071607605E8	2.199200913242009
3.071625115E8	1.4977142857142858
3.07164259E8	0.10028653295128939
3.07165998E8	0.0
3.071677295E8	0.12485549132947976
3.07169459E8	0.1683053788316946
3.07171187E8	23.646786334684425
3.07172911E8	67.63160952934341
3.071746285E8	5.060093348891482
3.071763405E8	10.054970760233918
3.0717805E8	0.13458162668227033
3.07179757E8	11.16950146627566
3.0718146E8	0.27454438565549677
3.07183154E8	0.0989922940130409
3.071848325E8	0.061676646706586825
3.071864995E8	27.66466346153846
3.07188158E8	14.357531760435572
3.07189806E8	2.4284844796104688
3.07191447E8	10.418547895057962
3.071930855E8	0.040293040293040296
3.07194713E8	87.92331478045764
3.07196327E8	2.7672253258845436
3.071979365E8	11.689054726368159
3.07199539E8	2.187852222917971
3.07201133E8	0.02451288497800126
3.072027235E8	0.02389937106918239
3.072043025E8	0.2072704081632653
3.07205867E8	0.024343369634849454
3.07207427E8	0.0
3.07208982E8	0.807865892972276
3.072105315E8	0.020671834625323
3.07212076E8	9.07657365347177
3.072136115E8	0.08169934640522876
3.072151395E8	6.809305373525557
3.072166655E8	12.174967234600262
3.07218189E8	0.03944773175542406
3.07219709E8	0.0
3.07221218E8	0.0513675783855904
3.072227155E8	0.0
3.072242065E8	0.7637954239569313
3.07225692E8	0.12188552188552189
3.072271765E8	24.46563342318059
3.07228659E8	11.059419311276164
3.072301395E8	0.0
3.072316155E8	0.020380434782608696
3.072330835E8	0.8729508196721312
3.0723454E8	19.265700483091788
3.072359815E8	8.164574616457461
3.072374155E8	0.0
3.07238849E8	21.6364270760642
3.072402775E8	0.19873595505617977
3.072416995E8	15.378169014084508
3.072431125E8	2.655049786628734
3.072445175E8	0.6552706552706553
3.07245921E8	0.04775481111903065
3.07247322E8	0.02573266619013581
3.072487205E8	1.796137339055794
3.072501165E8	0.32926829268292684
3.072515085E8	15.180575539568345
3.072528945E8	0.027496382054992764
3.07254274E8	1.7254901960784315
3.072556495E8	9.111353711790393
3.072570195E8	44.25988286969253
3.07258382E8	17.861662987490803
3.07259739E8	0.0
3.072610935E8	0.11004431314623338
3.072624475E8	9.53397341211226
3.072637995E8	8.006666666666666
3.07265146E8	0.10201042442293373
3.072664865E8	4.232436472346786
3.072678185E8	0.12669683257918551
3.072691435E8	0.028700906344410877
3.072704615E8	0.5137195121951219
3.07271773E8	15.971014492753623
3.072730825E8	15.575688073394495
3.072743855E8	0.0
3.072756825E8	1.4830246913580247
3.072769735E8	0.48289269051321926
3.07278257E8	0.0
3.07279535E8	0.11137254901960784
3.07280808E8	0.12431156569630213
3.07282078E8	2.6910953506698188
3.07283345E8	8.679051383399209
3.072846035E8	4.491214057507987
3.072858485E8	0.4701130856219709
3.072870805E8	5.875203915171289
3.07288306E8	4.48
3.072895305E8	0.03104575163398693
3.0729075E8	0.0
3.072919625E8	0.14132231404958678
3.0729317E8	1.271369294605809
3.072943745E8	0.0
3.07295576E8	0.0
3.07296769E8	1.8197135636057287
3.072979505E8	0.16326530612244897
3.072991265E8	0.0824829931972789
3.073002965E8	0.0
3.0730146E8	0.21410146173688735
3.0730262E8	4.301642178046673
3.073037765E8	0.291522491349481
3.073049325E8	0.15311418685121106
3.073060875E8	0.47227036395147315
3.07307234E8	0.04038630377524144
3.073083675E8	0.0
3.0730949E8	0.432408236347359
3.07310606E8	14.269058295964125
3.073117205E8	0.0
3.07312834E8	5.242587601078167
3.07313946E8	0.0
3.07315057E8	0.16831683168316833
3.073161665E8	2.8167870036101084
3.07317273E8	0.0
3.073183765E8	4.558076225045372
3.073194775E8	3.5945454545454547
3.073205775E8	1.29
3.07321677E8	0.1364877161055505
3.073227755E8	0.0
3.073238735E8	60.951730418943534
3.07324967E8	10.099173553719009
3.07326045E8	0.044048734770384255
3.07327112E8	0.8191190253045924
3.07328175E8	0.0
3.07329233E8	7.174077578051088
3.073302885E8	14.903225806451612
3.0733134E8	68.42993326978075
3.07332388E8	1.5902578796561604
3.073334315E8	0.1528846153846154
3.073344645E8	1.4785575048732944
3.073354855E8	2.283464566929134
3.073365005E8	1.4467455621301775
3.07337512E8	0.0
3.07338521E8	0.0
3.07339524E8	8.756268806419257
3.073405195E8	0.0
3.073415095E8	0.0
3.073424955E8	0.030425963488843813
3.07343481E8	0.0
3.07344466E8	0.05989847715736041
3.07345449E8	7.55861365953109
3.0734643E8	0.0
3.073474095E8	0.0
3.073483845E8	0.0
3.073493565E8	0.0
3.07350326E8	0.17993795243019647
3.073512895E8	0.0
3.07352248E8	0.0
3.07353193E8	9.182207931404072
3.07354126E8	0.2422293676312969
3.073550565E8	0.15193965517241378
3.073559835E8	0.5593952483801296
3.073569075E8	0.13557483731019523
3.073578275E8	0.05119825708061002
3.073587445E8	0.0
3.07359658E8	0.06037321624588365
3.07360568E8	7.397139713971397
3.07361477E8	0.0847084708470847
3.073623815E8	0.0
3.0736328E8	0.0
3.073641745E8	0.0
3.073650655E8	0.7932584269662921
3.07365955E8	0.4229471316085489
3.073668425E8	0.0
3.07367728E8	0.0
3.07368608E8	0.0
3.073694805E8	0.05747126436781609
3.0737035E8	26.294591484464902
3.073712185E8	0.0
3.07372084E8	6.0162224797219
3.073729445E8	0.0
3.07373801E8	4.285380116959065
3.07374652E8	0.0
3.07375497E8	28.602609727164886
3.07376337E8	3.4241338112305852
3.07377173E8	0.47305389221556887
3.073780065E8	1.9266826923076923
3.07378836E8	0.11366384522370013
3.073796625E8	0.048426150121065374
3.07380485E8	14.135531135531135
3.073812975E8	0.2196029776674938
3.073821025E8	0.7860696517412935
3.073829055E8	0.04987531172069826
3.07383704E8	0.0
3.073844975E8	1.2234848484848484
3.073852875E8	0.0
3.07386072E8	9.591549295774648
3.07386853E8	0.0
3.073876335E8	0.24871794871794872
3.07388411E8	5.452903225806452
3.073891845E8	0.10751295336787564
3.073899525E8	1.2238219895287958
3.073907155E8	0.89501312335958
3.073914765E8	0.3894736842105263
3.073922355E8	0.051451187335092345
3.07392992E8	0.1152317880794702
3.073937465E8	0.0
3.073944975E8	0.0
3.073952445E8	0.0
3.073959905E8	0.0
3.073967355E8	0.0
3.073974755E8	0.05434782608695652
3.073982085E8	92.08219178082192
3.07398938E8	0.0
3.07399665E8	0.06482758620689655
3.074003845E8	0.0546218487394958
3.074010975E8	0.0
3.07401809E8	0.2939521800281294
3.074025195E8	0.3873239436619718
3.074032295E8	0.0
3.074039365E8	0.18181818181818182
3.0740464E8	0.0
3.0740534E8	0.15781922525107603
3.074060365E8	0.2413793103448276
3.07406728E8	11.013100436681222
3.07407414E8	0.2145985401459854
3.07408095E8	0.0
3.07408771E8	0.0
3.074094455E8	0.0
3.07410119E8	0.14710252600297177
3.07410791E8	0.0
3.074114535E8	0.0
3.074121015E8	0.0
3.07412743E8	4.489859594383775
3.07413383E8	0.13615023474178403
3.07414021E8	0.0
3.07414658E8	1.317111459968603
3.07415294E8	0.0
3.074159275E8	0.0
3.074165575E8	0.0
3.07417184E8	0.0304
3.074178075E8	0.06913183279742766
3.074184285E8	0.14516129032258066
3.07419046E8	0.3073170731707317
3.074196585E8	0.07868852459016394
3.07420267E8	3.0675453047775947
3.07420871E8	0.0
3.07421472E8	0.0
3.074220725E8	5.328333333333333
3.07422671E8	0.0
3.074232665E8	0.06397306397306397
3.074238595E8	0.6587837837837838
3.074244515E8	0.0
3.07425042E8	3.609507640067912
3.074256305E8	0.08843537414965986
3.074262165E8	0.0
3.074268005E8	0.12157534246575342
3.074273815E8	0.24567474048442905
3.074279595E8	0.0
3.07428537E8	0.0658578856152513
3.07429113E8	0.24695652173913044
3.074296855E8	0.0
3.07430254E8	0.5414462081128748
3.07430819E8	0.09591474245115453
3.074313815E8	0.0
3.074319415E8	0.0
3.07432497E8	0.9529837251356239
3.074330485E8	0.038181818181818185
3.074335975E8	0.2572992700729927
3.074341455E8	21.162408759124087
3.07434693E8	0.0
3.0743524E8	0.0
3.074357865E8	0.575091575091575
3.074363325E8	0.1575091575091575
3.07436878E8	0.14678899082568808
3.07437422E8	0.0
3.07437964E8	0.0
3.07438504E8	3.131725417439703
3.074390425E8	74.54460966542752
3.07439579E8	0.0
3.074401125E8	0.0
3.07440644E8	0.3126177024482109
3.07441174E8	1.720226843100189
3.074417025E8	0.0
3.07442227E8	0.3723608445297505
3.07442747E8	0.0
3.07443264E8	133.7747572815534
3.074437785E8	0.0
3.0744429E8	0.0
3.07444798E8	1.621301775147929
3.074453045E8	0.0
3.0744581E8	0.10693069306930693
3.074463125E8	0.074
3.07446812E8	153.34869739478958
3.074473085E8	0.0
3.074478015E8	0.0
3.074482925E8	0.0
3.074487815E8	0.0
3.07449269E8	0.731006160164271
3.074497555E8	0.07818930041152264
3.07450239E8	0.0
3.0745072E8	0.30561330561330563
3.07451198E8	0.0
3.074516695E8	0.0
3.074521375E8	0.0
3.074526035E8	0.19181034482758622
3.07453067E8	0.0
3.07453528E8	0.0
3.07453982E8	0.7104677060133631
3.074544305E8	0.08928571428571429
3.074548775E8	0.0
3.07455321E8	0.10657596371882086
3.074557615E8	0.0
3.07456201E8	0.0
3.07456637E8	0.0
3.0745707E8	0.15935334872979215
3.07457503E8	0.0
3.07457932E8	0.0
3.07458353E8	3.4940047961630696
3.0745877E8	0.0
3.07459185E8	0.0
3.074595975E8	0.14805825242718446
3.07460009E8	0.0
3.07460419E8	0.30317848410757947
3.074608275E8	0.6740196078431373
3.07461234E8	0.5160493827160494
3.07461637E8	0.13216957605985039
3.07462037E8	0.0
3.07462436E8	0.0
3.074628295E8	0.0
3.074632175E8	0.0
3.07463604E8	0.6831168831168831
3.074639885E8	0.0
3.074643725E8	0.0
3.07464756E8	0.4804177545691906
3.074651385E8	4.7434554973821985
3.0746552E8	0.0
3.074659E8	0.0
3.074662785E8	0.0
3.07466655E8	3.8506666666666667
3.07467028E8	0.0
3.07467397E8	0.0
3.07467764E8	0.0
3.074681295E8	0.0
3.074684925E8	0.0
3.074688535E8	5.925
3.074692125E8	0.7932960893854749
3.07469565E8	20.538904899135446
3.0746991E8	0.0
3.07470252E8	0.25219941348973607
3.074705915E8	0.11538461538461539
3.07470929E8	0.18100890207715134
3.07471266E8	0.0
3.07471601E8	0.0
3.07471933E8	5.280966767371601
3.074722625E8	0.16158536585365854
3.0747259E8	0.0
3.07472917E8	0.0
3.074732435E8	0.1901840490797546
3.07473569E8	0.0
3.07473894E8	0.0
3.07474218E8	0.0
3.07474541E8	0.0
3.07474863E8	0.26479750778816197
3.074751825E8	0.0
3.074754995E8	0.0
3.074758155E8	0.0
3.0747613E8	0.0
3.074764425E8	0.0
3.074767535E8	0.0
3.07477063E8	0.3818770226537217
3.07477372E8	0.0
3.074776785E8	0.29605263157894735
3.074779805E8	0.0
3.0747828E8	0.0
3.074785785E8	0.0
3.07478873E8	0.17525773195876287
3.074791635E8	12.065517241379311
3.074794525E8	0.0
3.07479739E8	0.0
3.07480024E8	0.0
3.074803065E8	0.0
3.074805865E8	0.0
3.07480866E8	0.0
3.07481141E8	0.0
3.07481412E8	0.15498154981549817
3.074816825E8	1.1296296296296295
3.0748195E8	0.0
3.07482213E8	0.0
3.074824735E8	0.0
3.074827325E8	0.0
3.074829885E8	0.0
3.074832415E8	0.0
3.074834925E8	0.0
3.07483741E8	0.0
3.07483986E8	0.0
3.07484227E8	0.0
3.07484466E8	0.0
3.07484705E8	0.0
3.07484943E8	0.0
3.074851795E8	0.0
3.074854115E8	0.0
3.07485639E8	0.0
3.074858655E8	2.0530973451327434
3.074860915E8	0.0
3.074863175E8	0.3805309734513274
3.07486542E8	0.0
3.07486762E8	0.0
3.074869785E8	0.0
3.074871945E8	0.0
3.07487409E8	0.0
3.07487621E8	0.0
3.0748783E8	0.0
3.074880335E8	0.0
3.07488232E8	0.0
3.07488428E8	0.0
3.074886225E8	2.020618556701031
3.0748881E8	0.0
3.07488991E8	0.0
3.07489172E8	0.0
3.07489351E8	0.0
3.074895275E8	0.0
3.07489703E8	0.0
3.07489878E8	0.21714285714285714
3.07490053E8	0.0
3.074902265E8	0.0
3.07490395E8	0.0
3.074905575E8	0.0
3.074907135E8	0.0
3.07490864E8	0.0
3.07491012E8	1.1224489795918366
3.074911565E8	0.0
3.07491297E8	0.0
3.074914355E8	0.0
3.074915695E8	0.0
3.074916995E8	0.0
3.074918285E8	0.0
3.074919565E8	0.0
3.07492084E8	0.0
3.07492211E8	0.0
3.07492338E8	0.0
3.074924645E8	0.0
3.074925885E8	0.0
3.074927095E8	0.0
3.074928275E8	0.0
3.074929365E8	0.0
3.074930385E8	0.0
3.074931395E8	0.0
3.07493239E8	0.0
3.07493338E8	0.0
3.07493436E8	0.0
3.07493525E8	0.0
3.074936035E8	0.0
3.07493678E8	0.0
3.074937455E8	0.0
3.07493806E8	0.0
