#Insert size (bp)	insert size
2.0	726.0
3.0	622.0
4.0	637.0
5.0	629.0
6.0	678.0
7.0	676.0
8.0	677.0
9.0	752.0
10.0	731.0
11.0	785.0
12.0	808.0
13.0	789.0
14.0	780.0
15.0	789.0
16.0	802.0
17.0	815.0
18.0	904.0
19.0	37245.0
20.0	21485.0
21.0	9725.0
22.0	5114.0
23.0	3192.0
24.0	2201.0
25.0	2102.0
26.0	2018.0
27.0	1916.0
28.0	1676.0
29.0	1656.0
30.0	1707.0
31.0	1653.0
32.0	2164.0
33.0	1643.0
34.0	1736.0
35.0	1968.0
36.0	1900.0
37.0	1949.0
38.0	1967.0
39.0	1908.0
40.0	2091.0
41.0	2141.0
42.0	2083.0
43.0	2168.0
44.0	2304.0
45.0	2259.0
46.0	2225.0
47.0	2684.0
48.0	2297.0
49.0	2350.0
50.0	2421.0
51.0	2428.0
52.0	2461.0
53.0	2681.0
54.0	2544.0
55.0	2620.0
56.0	2797.0
57.0	3113.0
58.0	2806.0
59.0	2793.0
60.0	2571.0
61.0	2752.0
62.0	2827.0
63.0	2828.0
64.0	2868.0
65.0	2814.0
66.0	2967.0
67.0	3003.0
68.0	3089.0
69.0	3148.0
70.0	3202.0
71.0	3037.0
72.0	3177.0
73.0	3269.0
74.0	3346.0
75.0	3243.0
76.0	3300.0
77.0	3512.0
78.0	3427.0
79.0	3335.0
80.0	3419.0
81.0	3456.0
82.0	3620.0
83.0	3867.0
84.0	3570.0
85.0	3552.0
86.0	3715.0
87.0	3982.0
88.0	4166.0
89.0	3902.0
90.0	4006.0
91.0	4032.0
92.0	4368.0
93.0	4114.0
94.0	4161.0
95.0	4186.0
96.0	4531.0
97.0	4585.0
98.0	4622.0
99.0	4930.0
100.0	4770.0
101.0	4933.0
102.0	5184.0
103.0	5041.0
104.0	5201.0
105.0	5357.0
106.0	5355.0
107.0	5463.0
108.0	5354.0
109.0	5619.0
110.0	5568.0
111.0	5645.0
112.0	5782.0
113.0	6034.0
114.0	6071.0
115.0	6335.0
116.0	6904.0
117.0	7832.0
118.0	15592.0
119.0	16400.0
120.0	16938.0
121.0	17547.0
122.0	17600.0
123.0	18077.0
124.0	18191.0
125.0	18557.0
126.0	18592.0
127.0	19101.0
128.0	19740.0
129.0	20199.0
130.0	20656.0
131.0	21249.0
132.0	21769.0
133.0	22082.0
134.0	22229.0
135.0	22606.0
136.0	23053.0
137.0	23795.0
138.0	23909.0
139.0	24534.0
140.0	25424.0
141.0	25753.0
142.0	25913.0
143.0	26598.0
144.0	26467.0
145.0	27057.0
146.0	26980.0
147.0	27372.0
148.0	27843.0
149.0	28160.0
150.0	28474.0
151.0	28936.0
152.0	29049.0
153.0	29332.0
154.0	29369.0
155.0	29555.0
156.0	30188.0
157.0	30418.0
158.0	29759.0
159.0	30451.0
160.0	30465.0
161.0	31269.0
162.0	31238.0
163.0	31086.0
164.0	31425.0
165.0	31577.0
166.0	31684.0
167.0	32067.0
168.0	31794.0
169.0	32136.0
170.0	32207.0
171.0	32453.0
172.0	32591.0
173.0	32816.0
174.0	32567.0
175.0	32819.0
176.0	32833.0
177.0	32934.0
178.0	32762.0
179.0	32990.0
180.0	32376.0
181.0	32524.0
182.0	32723.0
183.0	32646.0
184.0	32777.0
185.0	32817.0
186.0	32745.0
187.0	32740.0
188.0	32737.0
189.0	32830.0
190.0	32543.0
191.0	32643.0
192.0	32372.0
193.0	32505.0
194.0	32117.0
195.0	32165.0
196.0	32254.0
197.0	32336.0
198.0	31837.0
199.0	32172.0
200.0	32056.0
201.0	31726.0
202.0	31716.0
203.0	32115.0
204.0	31526.0
205.0	31373.0
206.0	31548.0
207.0	31122.0
208.0	31325.0
209.0	31264.0
210.0	31080.0
211.0	30702.0
212.0	30675.0
213.0	30523.0
214.0	30626.0
215.0	30876.0
216.0	30559.0
217.0	30342.0
218.0	30291.0
219.0	30260.0
220.0	30514.0
221.0	30033.0
222.0	30036.0
223.0	30010.0
224.0	29770.0
225.0	30106.0
226.0	29634.0
227.0	29699.0
228.0	29418.0
229.0	29544.0
230.0	29151.0
231.0	29429.0
232.0	29285.0
233.0	29158.0
234.0	28783.0
235.0	28441.0
236.0	28710.0
237.0	28615.0
238.0	28295.0
239.0	28600.0
240.0	28464.0
241.0	28440.0
242.0	28030.0
243.0	27994.0
244.0	27877.0
245.0	27677.0
246.0	27743.0
247.0	27660.0
248.0	27726.0
249.0	27475.0
250.0	27396.0
251.0	27516.0
252.0	27511.0
253.0	27264.0
254.0	27191.0
255.0	27104.0
256.0	27022.0
257.0	27272.0
258.0	27263.0
259.0	26991.0
260.0	26859.0
261.0	26987.0
262.0	26750.0
263.0	27540.0
264.0	27314.0
265.0	27483.0
266.0	28105.0
267.0	28125.0
268.0	27956.0
269.0	28111.0
270.0	27971.0
271.0	27883.0
272.0	27598.0
273.0	27661.0
274.0	27862.0
275.0	27622.0
276.0	27673.0
277.0	27636.0
278.0	27416.0
279.0	27100.0
280.0	27357.0
281.0	27538.0
282.0	27525.0
283.0	27429.0
284.0	27513.0
285.0	27489.0
286.0	27013.0
287.0	27368.0
288.0	27418.0
289.0	27034.0
290.0	27458.0
291.0	27645.0
292.0	27391.0
293.0	27483.0
294.0	26938.0
295.0	26856.0
296.0	27481.0
297.0	27027.0
298.0	27048.0
299.0	27106.0
300.0	27109.0
301.0	27338.0
302.0	27306.0
303.0	27107.0
304.0	26902.0
305.0	27290.0
306.0	26967.0
307.0	26709.0
308.0	27012.0
309.0	27062.0
310.0	27149.0
311.0	26956.0
312.0	27133.0
313.0	27394.0
314.0	26981.0
315.0	27416.0
316.0	27079.0
317.0	26863.0
318.0	26841.0
319.0	27028.0
320.0	27209.0
321.0	27156.0
322.0	27110.0
323.0	27223.0
324.0	27169.0
325.0	27322.0
326.0	26977.0
327.0	26967.0
328.0	27270.0
329.0	27287.0
330.0	27442.0
331.0	27146.0
332.0	27245.0
333.0	27406.0
334.0	27247.0
335.0	27382.0
336.0	27554.0
337.0	27600.0
338.0	27939.0
339.0	27685.0
340.0	27674.0
341.0	28011.0
342.0	27665.0
343.0	28055.0
344.0	27982.0
345.0	28038.0
346.0	27927.0
347.0	28105.0
348.0	28384.0
349.0	28062.0
350.0	28730.0
351.0	28748.0
352.0	28453.0
353.0	28854.0
354.0	28907.0
355.0	28793.0
356.0	28812.0
357.0	29211.0
358.0	29540.0
359.0	29398.0
360.0	29422.0
361.0	29872.0
362.0	30070.0
363.0	30011.0
364.0	30312.0
365.0	30567.0
366.0	30889.0
367.0	30581.0
368.0	31053.0
369.0	31169.0
370.0	31316.0
371.0	31774.0
372.0	32187.0
373.0	32039.0
374.0	32021.0
375.0	32548.0
376.0	32748.0
377.0	33296.0
378.0	33368.0
379.0	33865.0
380.0	34169.0
381.0	34337.0
382.0	34763.0
383.0	35330.0
384.0	35868.0
385.0	35878.0
386.0	36580.0
387.0	37016.0
388.0	37189.0
389.0	37639.0
390.0	37876.0
391.0	38632.0
392.0	38942.0
393.0	39972.0
394.0	40429.0
395.0	40575.0
396.0	41642.0
397.0	42026.0
398.0	42711.0
399.0	43428.0
400.0	43535.0
401.0	44226.0
402.0	45082.0
403.0	45477.0
404.0	46812.0
405.0	47192.0
406.0	48026.0
407.0	49138.0
408.0	49543.0
409.0	49986.0
410.0	51093.0
411.0	51532.0
412.0	51925.0
413.0	53012.0
414.0	53609.0
415.0	54119.0
416.0	54809.0
417.0	56193.0
418.0	55923.0
419.0	57143.0
420.0	57659.0
421.0	57943.0
422.0	59010.0
423.0	58921.0
424.0	59899.0
425.0	60876.0
426.0	61326.0
427.0	61874.0
428.0	62662.0
429.0	62832.0
430.0	63460.0
431.0	64181.0
432.0	64717.0
433.0	64743.0
434.0	65324.0
435.0	66113.0
436.0	66577.0
437.0	67196.0
438.0	67677.0
439.0	67787.0
440.0	68393.0
441.0	69316.0
442.0	69217.0
443.0	70235.0
444.0	71016.0
445.0	71670.0
446.0	71604.0
447.0	72122.0
448.0	73005.0
449.0	73720.0
450.0	73593.0
451.0	74522.0
452.0	75095.0
453.0	75149.0
454.0	75355.0
455.0	77213.0
456.0	77250.0
457.0	77707.0
458.0	78749.0
459.0	79003.0
460.0	79513.0
461.0	80477.0
462.0	80853.0
463.0	81403.0
464.0	81819.0
465.0	82785.0
466.0	83190.0
467.0	83935.0
468.0	84752.0
469.0	85607.0
470.0	86219.0
471.0	86875.0
472.0	87196.0
473.0	88362.0
474.0	88942.0
475.0	89407.0
476.0	90438.0
477.0	91230.0
478.0	92372.0
479.0	93363.0
480.0	93704.0
481.0	95023.0
482.0	95128.0
483.0	96587.0
484.0	97693.0
485.0	98608.0
486.0	99414.0
487.0	100461.0
488.0	101733.0
489.0	103243.0
490.0	103199.0
491.0	104633.0
492.0	105405.0
493.0	106243.0
494.0	106977.0
495.0	108032.0
496.0	108677.0
497.0	110182.0
498.0	110916.0
499.0	110717.0
500.0	111886.0
501.0	111989.0
502.0	113943.0
503.0	113704.0
504.0	114373.0
505.0	114775.0
506.0	115461.0
507.0	115946.0
508.0	116768.0
509.0	117094.0
510.0	117275.0
511.0	117166.0
512.0	116574.0
513.0	116808.0
514.0	117114.0
515.0	117221.0
516.0	115719.0
517.0	115771.0
518.0	116045.0
519.0	115085.0
520.0	114949.0
521.0	113523.0
522.0	113021.0
523.0	112295.0
524.0	111203.0
525.0	110518.0
526.0	108916.0
527.0	108435.0
528.0	107111.0
529.0	105795.0
530.0	103834.0
531.0	102401.0
532.0	100683.0
533.0	98992.0
534.0	97563.0
535.0	96438.0
536.0	94417.0
537.0	92883.0
538.0	90461.0
539.0	88984.0
540.0	86778.0
541.0	85477.0
542.0	83037.0
543.0	80972.0
544.0	79733.0
545.0	77017.0
546.0	75241.0
547.0	73111.0
548.0	71635.0
549.0	68643.0
550.0	67824.0
551.0	65152.0
552.0	63160.0
553.0	61543.0
554.0	59457.0
555.0	57675.0
556.0	55469.0
557.0	53391.0
558.0	51928.0
559.0	49804.0
560.0	48295.0
561.0	46458.0
562.0	44522.0
563.0	43008.0
564.0	41295.0
565.0	39242.0
566.0	36461.0
567.0	34483.0
568.0	32970.0
569.0	31681.0
570.0	30250.0
571.0	29080.0
572.0	27540.0
573.0	26054.0
574.0	25077.0
575.0	23612.0
576.0	22271.0
577.0	21127.0
578.0	20002.0
579.0	19108.0
580.0	18034.0
581.0	17122.0
582.0	15968.0
583.0	15202.0
584.0	14414.0
585.0	13641.0
586.0	12853.0
587.0	12175.0
588.0	11769.0
589.0	10762.0
590.0	10320.0
591.0	9813.0
592.0	9436.0
593.0	8871.0
594.0	8537.0
595.0	8086.0
596.0	7695.0
597.0	7533.0
598.0	7176.0
599.0	6929.0
600.0	6702.0
601.0	6669.0
602.0	6172.0
603.0	5905.0
604.0	5951.0
605.0	5838.0
606.0	5479.0
607.0	5438.0
608.0	5247.0
609.0	5272.0
610.0	5073.0
611.0	4904.0
612.0	4898.0
613.0	4858.0
614.0	4693.0
615.0	4903.0
616.0	4713.0
617.0	4588.0
618.0	4555.0
619.0	4508.0
620.0	4466.0
621.0	4467.0
622.0	4300.0
623.0	4244.0
624.0	4359.0
625.0	4250.0
626.0	4173.0
627.0	4220.0
628.0	4191.0
629.0	4206.0
630.0	4210.0
631.0	4056.0
632.0	4064.0
633.0	4101.0
634.0	4027.0
635.0	3905.0
636.0	3914.0
637.0	3889.0
638.0	3848.0
639.0	3878.0
640.0	3772.0
641.0	3784.0
642.0	3793.0
643.0	3714.0
644.0	3715.0
645.0	3697.0
646.0	3662.0
647.0	3678.0
648.0	3548.0
649.0	3579.0
650.0	3604.0
651.0	3596.0
652.0	3420.0
653.0	3405.0
654.0	3459.0
655.0	3351.0
656.0	3421.0
657.0	3546.0
658.0	3226.0
659.0	3036.0
660.0	2934.0
661.0	2844.0
662.0	2938.0
663.0	2959.0
664.0	2879.0
665.0	2796.0
666.0	2796.0
667.0	2789.0
668.0	2719.0
669.0	2706.0
670.0	2707.0
671.0	2609.0
672.0	2638.0
673.0	2698.0
674.0	2567.0
675.0	2510.0
676.0	2591.0
677.0	2456.0
678.0	2368.0
679.0	2466.0
680.0	2536.0
681.0	2460.0
682.0	2349.0
683.0	2323.0
684.0	2392.0
685.0	2360.0
686.0	2239.0
687.0	2271.0
688.0	2316.0
689.0	2223.0
690.0	2168.0
691.0	2105.0
692.0	2195.0
693.0	2092.0
694.0	2160.0
695.0	2146.0
696.0	2075.0
697.0	2111.0
698.0	2075.0
699.0	2054.0
700.0	2069.0
701.0	1956.0
702.0	1926.0
703.0	1950.0
704.0	1979.0
705.0	1917.0
706.0	1951.0
707.0	1909.0
708.0	1840.0
709.0	1856.0
710.0	1822.0
711.0	1863.0
712.0	1821.0
713.0	1773.0
714.0	1807.0
715.0	1791.0
716.0	1751.0
717.0	1685.0
718.0	1691.0
719.0	1773.0
720.0	1689.0
721.0	1689.0
722.0	1661.0
723.0	1663.0
724.0	1713.0
725.0	1624.0
726.0	1592.0
727.0	1610.0
728.0	1528.0
729.0	1540.0
730.0	1601.0
731.0	1604.0
732.0	1383.0
733.0	1368.0
734.0	1428.0
735.0	1293.0
736.0	1327.0
737.0	1298.0
738.0	1324.0
739.0	1340.0
740.0	1254.0
741.0	1278.0
742.0	1300.0
743.0	1282.0
744.0	1270.0
745.0	1276.0
746.0	1303.0
747.0	1308.0
748.0	1297.0
749.0	1244.0
750.0	1242.0
751.0	1214.0
752.0	1302.0
753.0	1243.0
754.0	1221.0
755.0	1175.0
756.0	1143.0
757.0	1165.0
758.0	1153.0
759.0	1093.0
760.0	1171.0
761.0	1135.0
762.0	1145.0
763.0	1164.0
764.0	1160.0
765.0	1149.0
766.0	1091.0
767.0	1122.0
768.0	1053.0
769.0	1041.0
770.0	1125.0
771.0	1124.0
772.0	1101.0
773.0	1064.0
774.0	1043.0
775.0	1109.0
776.0	1053.0
777.0	1095.0
778.0	1056.0
779.0	1085.0
780.0	1118.0
781.0	1025.0
782.0	1029.0
783.0	983.0
784.0	1060.0
785.0	1014.0
786.0	1053.0
787.0	1015.0
788.0	1041.0
789.0	961.0
790.0	1023.0
791.0	1019.0
792.0	1003.0
793.0	1022.0
794.0	946.0
795.0	922.0
796.0	876.0
797.0	874.0
798.0	925.0
799.0	857.0
800.0	899.0
801.0	900.0
802.0	906.0
803.0	887.0
804.0	885.0
805.0	832.0
806.0	886.0
807.0	884.0
808.0	936.0
809.0	888.0
810.0	852.0
811.0	871.0
812.0	841.0
813.0	889.0
814.0	884.0
815.0	898.0
816.0	849.0
817.0	810.0
818.0	836.0
819.0	865.0
820.0	861.0
821.0	873.0
822.0	852.0
823.0	907.0
824.0	831.0
825.0	825.0
826.0	843.0
827.0	881.0
828.0	860.0
829.0	836.0
830.0	830.0
831.0	856.0
832.0	845.0
833.0	852.0
834.0	796.0
835.0	828.0
836.0	874.0
837.0	807.0
838.0	866.0
839.0	827.0
840.0	823.0
841.0	819.0
842.0	862.0
843.0	848.0
844.0	866.0
845.0	812.0
846.0	874.0
847.0	786.0
848.0	740.0
849.0	685.0
850.0	741.0
851.0	746.0
852.0	742.0
853.0	722.0
854.0	688.0
855.0	677.0
856.0	701.0
857.0	675.0
858.0	667.0
859.0	712.0
860.0	693.0
861.0	678.0
862.0	729.0
863.0	716.0
864.0	666.0
865.0	727.0
866.0	714.0
867.0	667.0
868.0	677.0
869.0	695.0
870.0	708.0
871.0	668.0
872.0	681.0
873.0	670.0
874.0	679.0
875.0	717.0
876.0	666.0
877.0	674.0
878.0	713.0
879.0	674.0
880.0	665.0
881.0	642.0
882.0	658.0
883.0	688.0
884.0	675.0
885.0	676.0
886.0	662.0
887.0	615.0
888.0	693.0
889.0	679.0
890.0	668.0
891.0	685.0
892.0	662.0
893.0	688.0
894.0	674.0
895.0	645.0
896.0	628.0
897.0	591.0
898.0	569.0
899.0	558.0
900.0	572.0
901.0	558.0
902.0	587.0
903.0	571.0
904.0	586.0
905.0	622.0
906.0	530.0
907.0	516.0
908.0	556.0
909.0	535.0
910.0	589.0
911.0	539.0
912.0	557.0
913.0	591.0
914.0	579.0
915.0	518.0
916.0	574.0
917.0	535.0
918.0	576.0
919.0	543.0
920.0	568.0
921.0	559.0
922.0	555.0
923.0	543.0
924.0	535.0
925.0	580.0
926.0	568.0
927.0	511.0
928.0	510.0
929.0	499.0
930.0	522.0
931.0	511.0
932.0	527.0
933.0	515.0
934.0	524.0
935.0	482.0
936.0	543.0
937.0	499.0
938.0	535.0
939.0	505.0
940.0	521.0
941.0	498.0
942.0	436.0
943.0	441.0
944.0	487.0
945.0	435.0
946.0	482.0
947.0	458.0
948.0	420.0
949.0	488.0
950.0	448.0
951.0	461.0
952.0	460.0
953.0	439.0
954.0	461.0
955.0	426.0
956.0	455.0
957.0	435.0
958.0	457.0
959.0	450.0
960.0	469.0
961.0	436.0
962.0	464.0
963.0	410.0
964.0	426.0
965.0	439.0
966.0	459.0
967.0	473.0
968.0	398.0
969.0	436.0
970.0	422.0
971.0	419.0
972.0	449.0
973.0	453.0
974.0	426.0
975.0	423.0
976.0	416.0
977.0	449.0
978.0	418.0
979.0	378.0
980.0	422.0
981.0	409.0
982.0	419.0
983.0	375.0
984.0	391.0
985.0	421.0
986.0	434.0
987.0	375.0
988.0	388.0
989.0	399.0
990.0	404.0
991.0	351.0
992.0	382.0
993.0	379.0
994.0	431.0
995.0	391.0
996.0	419.0
997.0	388.0
998.0	389.0
999.0	385.0
1000.0	374.0
1001.0	390.0
1002.0	390.0
1003.0	366.0
1004.0	399.0
1005.0	369.0
1006.0	371.0
1007.0	371.0
1008.0	336.0
1009.0	382.0
1010.0	402.0
1011.0	375.0
1012.0	421.0
1013.0	352.0
1014.0	368.0
1015.0	366.0
1016.0	386.0
1017.0	369.0
1018.0	341.0
1019.0	400.0
1020.0	382.0
1021.0	335.0
1022.0	317.0
1023.0	387.0
1024.0	367.0
1025.0	329.0
1026.0	388.0
1027.0	325.0
1028.0	346.0
1029.0	334.0
1030.0	349.0
