#Position (bp)	insert size
384368.0	1201.8453624214533
1153103.0	708.4020357616182
1921838.0	546.7443835451425
2690573.0	635.0790180741121
3459308.0	427.4899538478051
4228043.0	474.56384377338645
4996778.0	519.6832282317464
5765513.0	487.67938989659586
6534248.0	434.56503899052876
7302983.0	427.656689197661
8071718.0	453.0196158561504
8840453.0	418.5762664876853
9609188.0	427.96729054583113
1.0377923E7	415.4669555443335
1.0801324E7	407.2244177840508
1.11856915E7	660.3324264448677
1.1915393E7	522.885118089426
1.2684128E7	557.2810282397026
1.3452863E7	513.4843340430565
1.4221598E7	445.3945278115438
1.4990333E7	591.3269905764755
1.5759068E7	442.15421274515796
1.6527803E7	549.502966818356
1.7296538E7	448.72384838902656
1.8065273E7	526.5750426441595
1.8834008E7	440.6655883606066
1.9602743E7	451.36955995270455
2.018777E7	412.1625697170006
2.05721375E7	411.5630180658874
2.1140213E7	581.7272413623145
2.1908948E7	1189.436505564444
2.2677683E7	458.3215628798982
2.3446418E7	478.7499453011292
2.4215153E7	436.29063192519055
2.4983888E7	445.49704401326755
2.5752623E7	426.6725394949893
2.6521358E7	428.70962224592637
2.7290093E7	422.7642459642184
2.8058828E7	411.20393000869734
2.86485735E7	410.7137756107171
2.9032941E7	506.3879540531009
2.9596298E7	570.2474299526905
3.0365033E7	420.6992699948239
3.1133768E7	517.1481636173787
3.1902503E7	450.348000471865
3.2671238E7	440.96024543673303
3.3439973E7	422.75607647137076
3.4208708E7	420.4186163887867
3.4977443E7	413.83358012787403
3.5659712E7	411.71426808630656
3.60440795E7	662.3124885046901
3.6514913E7	414.3979384453003
3.7283648E7	630.3704205274412
3.8052383E7	559.1745501069285
3.8821118E7	511.00369481043055
3.9589853E7	451.319831759915
4.0358588E7	413.7833742073534
4.1127323E7	416.6188884963863
4.1896058E7	413.6293793551902
4.2664793E7	414.9790521547634
4.3049519E7	121.40131578947368
4.34338865E7	1034.989560374099
4.4202263E7	1602.8579578671504
4.4970998E7	1629.9614619852441
4.5739733E7	1095.037700355615
4.6508468E7	1374.2169277595308
4.7277203E7	671.3523875664544
4.8045938E7	436.54979358155475
4.8668911E7	431.8123578268
4.90532785E7	471.3424124513619
4.9583408E7	485.4761083796267
5.0352143E7	432.9824295260773
5.1120878E7	439.43805076249276
5.1889613E7	436.24123694399657
5.2658348E7	415.80973753629513
5.3427083E7	413.32379713914173
5.38687855E7	413.70591453407087
5.4253153E7	1836.6807013089597
5.4964553E7	2962.9946447649572
5.5733288E7	1794.2555070536541
5.6502023E7	742.3363816878102
5.7270758E7	565.679639236283
5.8039493E7	445.2584264065598
5.85039505E7	409.1060095253385
5.8888318E7	1187.7522809282132
5.9576963E7	845.0113241929886
6.0345698E7	970.4423550629014
6.1114433E7	459.8693802502073
6.1883168E7	409.1084156716822
6.2651903E7	417.01730406679235
6.3087631E7	398.5630805607161
6.34719985E7	700.7345696319142
6.4189373E7	649.929836929299
6.4958108E7	674.2407824096005
6.5726843E7	473.35600805948326
6.6495578E7	437.9079807093964
6.7140034E7	416.2724530470069
6.75244015E7	531.2623195943311
6.8033048E7	457.906463485038
6.8801783E7	469.17894685554893
6.9570518E7	440.40152190306435
7.0339253E7	413.14876844486815
7.11040115E7	413.67995051230224
7.1488379E7	418.9598337950139
7.1876723E7	478.77168302928027
7.2645458E7	473.4247876726644
7.3414193E7	436.9706468670282
7.4182928E7	418.199201868437
7.4951663E7	413.63580184684866
7.5358208E7	417.1710865993898
7.57425755E7	726.3126837619561
7.6489133E7	688.5297316936221
7.7257868E7	524.4706394480035
7.8026603E7	495.39775278172135
7.8795338E7	422.6559101467638
7.92080895E7	425.4394710071211
7.9592457E7	986.0058016669948
8.0332808E7	1212.438751730301
8.1101543E7	564.9482916433285
8.1870278E7	533.1710334460729
8.26063115E7	429.30512045255045
8.2990679E7	576.8825522303783
8.3407748E7	509.85403217846215
8.4176483E7	712.6244582849836
8.4945218E7	515.2630213413445
8.5713953E7	426.5965121123743
8.6362088E7	407.72942900726827
8.67464555E7	891.9151094500801
8.7251423E7	445.4253781674535
8.8020158E7	588.7884179013405
8.8788893E7	536.6314767706521
8.9557628E7	607.60930063648
9.0098611E7	404.5950495049505
9.04829785E7	1172.8869113750961
9.1095098E7	509.4474085628104
9.1863833E7	624.6499248693624
9.2632568E7	474.1348350592506
9.3401303E7	444.56917163070295
9.38242175E7	407.7346965020576
9.4208585E7	774.3166685681689
9.4938773E7	1014.7431755892563
9.5707508E7	594.9921112648148
9.6476243E7	425.5034803676499
9.71220675E7	424.44634949874245
9.7506435E7	1680.8288004274646
9.8013713E7	755.8312553029323
9.8782448E7	596.3646419915077
9.9551183E7	507.831515432815
1.00269334E8	414.4201482773659
1.006537015E8	730.106215213358
1.01088653E8	512.5788763951704
1.01857388E8	551.2657998342313
1.02626123E8	431.0801721359647
1.033545365E8	413.53443720040895
1.03738904E8	413.20160791589365
1.04163593E8	583.5638304145292
1.04932328E8	1077.9785943631823
1.05701063E8	586.4142196333734
1.06347158E8	491.8195240193918
1.067315255E8	591.7853359230159
1.07238533E8	762.1460815168073
1.08007268E8	472.20366326026044
1.08776003E8	422.5593824977901
1.09309377E8	434.4619939456439
1.096937445E8	488.6110686359687
1.10313473E8	415.5638327996689
1.11082208E8	414.93811440619953
1.11850943E8	421.5854204694275
1.12235708E8	19.5
1.126200755E8	569.4425838199111
1.13388413E8	515.7353149127521
1.14157148E8	468.4924204647452
1.147696095E8	400.74555645324176
1.15153977E8	415.2024672136056
1.15694618E8	452.39462391709174
1.16463353E8	565.6290921612515
1.17232088E8	415.2122524508839
1.17668795E8	421.2871480819937
1.180531625E8	429.23467833598545
1.18769558E8	430.5100339774899
1.19538293E8	414.1289813084112
1.2014897E8	414.38566109785205
1.205333375E8	561.8295541890853
1.21075763E8	539.7005427383106
1.21844498E8	429.56602240801544
1.225916085E8	424.6945064345756
1.22975976E8	770.5278996865204
1.23381968E8	467.19918356691073
1.24150703E8	435.7609137869392
1.24919438E8	446.80352003930653
1.253769895E8	401.6670877354157
1.25761357E8	663.1199542268631
1.26456908E8	459.98779469825155
1.27225643E8	441.6126472574473
1.277254535E8	443.0205739843459
1.28109821E8	789.251505653884
1.28763113E8	547.5096905048077
1.29531848E8	413.05975829605393
1.300272615E8	427.33461712732213
1.30411629E8	614.6383998970167
1.31069318E8	415.3226128055535
1.31838053E8	466.67244759767954
1.322676755E8	408.02238209432454
1.32652043E8	435.1045141147392
1.33375523E8	430.0105053810005
1.34030498E8	409.7475221144623
1.344148655E8	389.6931007137193
1.34912993E8	472.5171913202934
1.35681728E8	442.73725893870005
1.361569665E8	407.13741427482853
1.36541334E8	533.867027279449
1.37219198E8	466.6008335438242
1.37895604E8	401.9104758050529
1.382799715E8	912.4390026714159
1.38756668E8	564.0544292767935
1.39525403E8	425.99254354753873
1.400102465E8	393.59413694570856
1.40394614E8	890.6513215093028
1.41062873E8	431.71934058408203
1.417121025E8	410.84985797375896
1.4209647E8	420.0030914507335
1.42600343E8	445.6122679329
1.43369078E8	417.9499568903578
1.437831155E8	412.6876876876877
1.44167483E8	581.4823144423369
1.44906548E8	439.4702188733405
1.45465214E8	376.2699756132549
1.458495815E8	501.34725568942434
1.46444018E8	515.3605831555014
1.47106683E8	402.567106085573
1.474910505E8	433.0742999277862
1.47981488E8	430.3013150531617
1.48737048E8	419.98818106606785
1.491214155E8	401.49562878278414
1.49518958E8	501.09687341233337
1.50287693E8	446.45211531360445
1.50728883E8	409.80326606069946
1.511132505E8	470.84309255520094
1.51825163E8	433.14182992393347
1.52332369E8	429.8746613432197
1.527167365E8	415.8075699745547
1.53362633E8	415.86200769914126
1.5389724E8	415.86233988044404
1.542816075E8	392.77420244552724
1.54900103E8	432.7449924255176
1.55461321E8	363.94701210779846
1.558456885E8	423.4945534674871
1.56437573E8	430.53402275310293
1.57018682E8	410.7517659423655
1.574030495E8	400.0220160518371
1.57975043E8	519.5277971762563
1.585640605E8	422.352863893539
1.58948428E8	438.087755381873
1.59512513E8	444.02165459037127
1.6009777E8	410.33931288711716
1.604821375E8	432.10360962566847
1.61049983E8	407.649856654347
1.616289075E8	430.29920607525025
1.62013275E8	424.4033435261032
1.62587453E8	530.064084895259
1.631586895E8	418.37575276288794
1.63543057E8	413.54487853388264
1.64124923E8	414.3049154352244
1.64685819E8	408.90539764570775
1.650701865E8	470.8767655495443
1.65662393E8	404.50453886233015
1.66204869E8	418.2354353453127
1.665892365E8	377.2444987775061
1.67199863E8	419.0204938222949
1.67707403E8	371.75028901734106
1.680917705E8	425.5140809011777
1.68737333E8	433.38420101163194
1.69197014E8	409.74888375673595
1.695813815E8	449.59654066911423
1.70274803E8	416.552147601476
1.706842435E8	403.86172106824927
1.71068611E8	414.66066489655935
1.717757825E8	411.9601606556047
1.7216015E8	411.55853707016496
1.72581008E8	465.3214953271028
1.732448375E8	441.2285450945586
1.73629205E8	719.5322318926095
1.74118478E8	595.8070854420959
1.7470787E8	436.8198551803478
1.750922375E8	406.08986215320186
1.75655948E8	452.7524997422946
1.761671155E8	448.23955773955777
1.76551483E8	559.6702968654984
1.77193418E8	426.4015616376092
1.775981795E8	400.7004149377593
1.77982547E8	416.20829684212646
1.786433205E8	418.1184908532959
1.79027688E8	412.2538379839722
1.79499623E8	411.59510699100855
1.80059845E8	415.2218438486781
1.804442125E8	422.4595687331536
1.81037093E8	418.6235143597859
1.814629515E8	409.7629491367242
1.81847319E8	534.517363379055
1.824697645E8	390.8065612531402
1.82854132E8	413.2540162540163
1.83343298E8	682.8074343794206
1.83845386E8	410.8116936590722
1.842297535E8	469.8942297042862
1.848263935E8	433.8603096253085
1.85210761E8	385.7469484423392
1.85649503E8	416.92686172036815
1.861815255E8	418.2982271913027
1.86565893E8	463.30312803972765
1.871516995E8	402.3889429087373
1.87536067E8	453.42936729009153
1.87955708E8	487.5855220523768
1.88487033E8	408.87852596314906
1.888714005E8	425.99803622081606
1.89437117E8	460.6422619379025
1.898214845E8	881.5221427908273
1.90261913E8	415.5201053490615
1.907655555E8	418.95245497630333
1.91149923E8	425.22676623992413
1.917006725E8	416.63684694587135
1.9208504E8	417.7811696298781
1.92568118E8	417.971156040345
1.93014003E8	416.7660543256398
1.933983705E8	402.11832013076827
1.939421735E8	436.39954887218045
1.94326541E8	435.6518768650856
1.948700135E8	401.37792722883256
1.95254381E8	405.0985401459854
1.95643058E8	424.3944040010041
1.96173218E8	410.10813958324667
1.965575855E8	400.73491783095125
1.970859405E8	411.4545581007141
1.97470308E8	395.23528339712044
1.97949263E8	409.6204637401123
1.98379719E8	400.8617538688283
1.987640865E8	515.5924323531568
1.99284827E8	395.47003015371035
1.996691945E8	492.3048503611971
2.001689555E8	500.6219222597175
2.00553323E8	946.7847960530887
2.01024203E8	477.5784545156096
2.0143258E8	398.87230320699706
2.018169475E8	417.53531046246115
2.023091665E8	406.29957254808835
2.02693534E8	442.6569558101473
2.03168465E8	409.8720092662975
2.035528325E8	599.9223317916048
2.04022535E8	405.71863289659024
2.044069025E8	449.365593645485
2.048603755E8	414.13624908284686
2.05244743E8	402.1182795698925
2.05636613E8	454.09709305415316
2.060816995E8	400.7775259453656
2.06466067E8	424.4024052643522
2.069158215E8	394.17751821440964
2.07300189E8	487.2161126179642
2.07743072E8	453.1570748787933
2.081274395E8	453.82856181948125
2.08563085E8	408.410535315632
2.089474525E8	474.18383349822284
2.09377998E8	404.2737848041529
2.097623655E8	429.3174193548387
2.101865875E8	468.1135978297728
2.10570955E8	399.9081419624217
2.10991954E8	415.097900390625
2.113763215E8	397.04734576757534
2.117807295E8	418.5693249813014
2.12165097E8	683.0155440414508
2.12555228E8	410.57347789209723
2.12951007E8	391.5704467353952
2.133353745E8	425.02651224232744
2.137362725E8	400.21311475409834
2.1412064E8	405.554276559765
2.145168735E8	388.6243611584327
2.14901241E8	413.79357630563356
2.15295174E8	417.612634589502
2.156795415E8	456.2540244606846
2.160708055E8	415.01664321890826
2.16455173E8	475.60998113880817
2.16845987E8	381.6955736224029
2.172303545E8	415.439702308627
2.176193275E8	413.6498078266946
2.18003695E8	452.49436866037075
2.183870575E8	418.542513368984
2.18771425E8	433.67582376897445
2.191437085E8	439.2340143274078
2.19528076E8	429.03447243022464
2.19895419E8	412.0181664554288
2.202797865E8	426.82130460801915
2.20645687E8	407.49245901639347
2.21025053E8	418.92276043112804
2.21390679E8	409.39170506912444
2.217493495E8	402.9767991150178
2.22133717E8	366.99117468046256
2.22491112E8	419.9917174937621
2.228754795E8	494.5893095768374
2.232300165E8	414.89628595214435
2.23614384E8	583.7313432835821
2.239617555E8	424.7478605837348
2.24346123E8	413.3342947037231
2.2468963E8	410.24533967221316
2.250739975E8	629.8290381125227
2.254154375E8	472.54317374033036
2.25799805E8	689.9405037535957
2.261404185E8	410.69912132777137
2.26524786E8	417.8721750489876
2.2685767E8	418.2240924327794
2.272420375E8	416.78017822498435
2.275674865E8	400.9915032679739
2.27901798E8	423.6634872067065
2.282642395E8	481.83665143603133
2.28575658E8	419.6188010095382
2.289600255E8	495.39859715011596
2.29270193E8	453.04911724762337
2.296545605E8	436.03604273470825
2.299644725E8	456.3432006514346
2.3034884E8	407.7253121452894
2.30655893E8	385.3359511343805
2.309973965E8	417.13857593085356
2.313463715E8	400.70910436713547
2.31650276E8	394.4097995545657
2.320346435E8	456.17445482866043
2.32330417E8	410.11748363704857
2.327147845E8	389.5556785288609
2.33008396E8	381.7507385524372
2.333832675E8	433.5535077739856
2.336859445E8	378.52252252252254
2.33975938E8	408.07680872150644
2.343603055E8	424.46890430651916
2.346438945E8	417.68687307208955
2.35028262E8	434.76697750959954
2.353116695E8	416.5664074184864
2.35668032E8	416.75384906016814
2.359736405E8	401.327430293896
2.36248209E8	415.3472495885394
2.366325765E8	418.392212840916
2.36905892E8	429.66142545621483
2.372902595E8	410.1619905322711
2.375596255E8	411.55661375661373
2.378457775E8	400.54775384941
2.38209635E8	424.5929871802377
2.384723095E8	392.5150964495387
2.38856677E8	408.1087962962963
2.391161115E8	401.27926475330537
2.394117615E8	413.12588706151416
2.39756603E8	418.54186817366735
2.40012063E8	415.4765027322404
2.403964305E8	401.92119363000444
2.40651522E8	396.3060227889311
2.40935513E8	436.43953316434306
2.41282414E8	389.2849423631124
2.415260005E8	381.6718437463231
2.41910368E8	418.75753228120516
2.42153892E8	374.1111111111111
2.423992835E8	442.0099447513812
2.427812845E8	423.49787535410763
2.430194555E8	415.3621198365865
2.43354977E8	433.29976125583653
2.436401495E8	400.42714061272585
2.43875304E8	432.75819312654494
2.442596715E8	415.63435043200747
2.44494215E8	414.093226886428
2.447631205E8	416.1307005056207
2.451110035E8	375.14461945148145
2.45340206E8	377.30395091290035
2.45672164E8	422.3944534592123
2.45942791E8	428.8149872988992
2.46158155E8	405.06335011648
2.46536439E8	417.01894224496965
2.46757852E8	418.7414383561644
2.469695205E8	396.8246153846154
2.47353888E8	397.95721962453763
2.47564574E8	404.6197368421053
2.47805319E8	403.24771698889344
2.48157783E8	447.1024169428502
2.48365893E8	404.82463186077644
2.486381075E8	413.04380527891914
2.489579875E8	406.62225415725726
2.49165224E8	415.33601841196776
2.49467076E8	468.97883318436664
2.4975636E8	419.46263190023546
2.499626485E8	417.3937650148053
2.502879155E8	398.44410537023396
2.5054851E8	384.3236044205157
2.507484705E8	443.9105927112535
2.510885645E8	417.8954485089943
2.51332072E8	406.5698500394633
2.51527848E8	392.68104596935376
2.51873065E8	404.83182900839915
2.5210593E8	411.5656010656011
2.5229909E8	410.67357762777243
2.52643082E8	413.45253411306044
2.5287344E8	422.67309044872695
2.53058026E8	412.3890346083789
2.5338655E8	413.9914598345343
2.53626707E8	382.1967535661584
2.53810996E8	359.96300358994813
2.541215335E8	407.14732383519447
2.543774555E8	392.44745024875624
2.545591305E8	391.6035818839332
2.54848343E8	426.7256840492933
2.551248655E8	518.1758447641351
2.553049575E8	428.22028930698684
2.555674465E8	395.7417670254716
2.55866877E8	422.760448082723
2.560427725E8	401.90525289118017
2.562705875E8	408.3136113805367
2.56600938E8	409.8537726777358
2.56774153E8	407.61564059900167
2.569624935E8	424.6149568769859
2.57304699E8	422.6892832036458
2.57500726E8	416.247461928934
2.576711905E8	401.42967266227237
2.57986484E8	412.1054337867362
2.582258865E8	416.538698685705
2.583930965E8	418.7515911525616
2.586566015E8	410.83743915579834
2.58942833E8	557.8918995844481
2.5910475E8	401.7816518298714
2.593058495E8	415.2052815146985
2.59625725E8	476.68470458310327
2.59808993E8	404.43357664233577
2.59968316E8	404.4815872390705
2.60263454E8	408.02055988985774
2.60511936E8	423.15647279549717
2.60669987E8	411.71885989265223
2.60895678E8	401.5433179447209
2.61207803E8	403.6726622602666
2.613664795E8	429.5396600566572
2.61520696E8	409.75285430627946
2.61824593E8	416.04497036981473
2.62058165E8	444.60587480393554
2.622109925E8	406.20287995437695
2.624361765E8	418.09610983981696
2.627407855E8	402.2224643423138
2.62899969E8	418.5730724971231
2.63050826E8	406.11254295532643
2.633441895E8	423.9892232271152
2.635851015E8	412.0068159688413
2.63733667E8	413.59231411862993
2.639380475E8	429.53810775295665
2.64231582E8	408.8656896690555
2.64411569E8	423.51800740491416
2.645558915E8	417.93059066881176
2.648102425E8	402.9968497923727
2.65083559E8	407.69948964274994
2.65224529E8	406.6090458488228
2.653750005E8	395.7881738061078
2.65651351E8	402.0682933769652
2.65885247E8	433.5063205110779
2.66021552E8	407.674381227901
2.66196816E8	419.4037655734957
2.664682985E8	408.23298810237094
2.66677402E8	395.0077952175287
2.668104465E8	384.42172701949863
2.670024795E8	403.5120560555059
2.672676815E8	398.38071464232223
2.67460016E8	453.89392831016823
2.67590504E8	370.4541900390957
2.67790844E8	406.29240402940377
2.680494615E8	400.7405889332327
2.68233489E8	417.59748911094033
2.683623315E8	413.72009275678624
2.685626535E8	409.9657688373679
2.688141505E8	415.5816936811996
2.68998196E8	411.86609722396685
2.691212125E8	408.837166991553
2.69305491E8	396.17348277095505
2.69544969E8	417.3346437611072
2.69745058E8	411.50994116453643
2.698635095E8	398.99234068627453
2.700194335E8	398.76200472316975
2.7025476E8	443.407991678946
2.704832035E8	410.21342975206613
2.706000615E8	420.22052067381316
2.707192135E8	405.47300861614207
2.70946674E8	409.79005604253484
2.711728175E8	417.9882765623558
2.713243835E8	401.0895880361174
2.714361945E8	355.9556007275061
2.71620605E8	417.0660211267606
2.718435565E8	421.557661505606
2.720435135E8	405.4929797191888
2.721547675E8	336.0810936978993
2.722872195E8	394.536397209684
2.725064275E8	372.12266522988506
2.727249785E8	429.6010138476756
2.72867561E8	233.5675961132235
2.729767215E8	402.49336087341396
2.731596875E8	398.09193408499567
2.733731465E8	396.2453322888106
2.73574548E8	381.99573324905185
2.736806165E8	366.29036073329394
2.737972355E8	407.60858564561016
2.74008185E8	377.0516643550624
2.7421821E8	410.9947428946936
2.74380672E8	454.26223241590213
2.744841805E8	418.1439186546734
2.746317545E8	396.80762743628185
2.74835029E8	403.9513235615839
2.750368585E8	407.52767354596625
2.751721665E8	387.10287769784173
2.752717585E8	431.5266200915442
2.754346305E8	418.28331563242807
2.75629477E8	418.4186704384724
2.75822252E8	425.53760270965313
2.75947145E8	381.3501742160279
2.760430425E8	393.9494365790234
2.762057895E8	402.46557514693535
2.763968555E8	417.2162892554282
2.76587426E8	410.38803834597223
2.767135505E8	466.3630991464215
2.76808458E8	399.30183220829315
2.76967139E8	416.99092872570196
2.77156076E8	411.84293381037565
2.773432765E8	400.13525437749894
2.774748495E8	810.4013690105787
2.775673295E8	381.665243381725
2.77713495E8	409.1861814345992
2.77897569E8	410.11682352941176
2.780813245E8	394.84245166598106
2.78227624E8	387.6785185185185
2.78318713E8	378.96149119213436
2.78445831E8	416.0423520923521
2.78624475E8	394.59804546420224
2.78799759E8	416.15838391502274
2.7896884E8	419.4861638632664
2.79055951E8	395.85593220338984
2.791480645E8	417.55405532114395
2.793219045E8	438.31093836757356
2.794951505E8	451.6686264902825
2.796670295E8	414.678762541806
2.797860375E8	533.1208365608056
2.798713395E8	412.73155142359093
2.80007599E8	410.089072639732
2.801762495E8	403.0384430176565
2.8034403E8	411.5940941349213
2.80507948E8	410.8105005357416
2.805915035E8	418.0485436893204
2.80677891E8	414.3877181055971
2.80844071E8	394.3163903234575
2.810100155E8	380.1983575489577
2.81175222E8	410.17452830188677
2.813072575E8	409.2056200572102
2.81389511E8	404.70186953062847
2.81503931E8	393.11396062849917
2.816671245E8	397.38218303435696
2.81829173E8	436.257242529956
2.819906385E8	419.7608877023194
2.820985375E8	393.0464316423044
2.821788915E8	390.4161290322581
2.823119855E8	409.4675699048717
2.82471554E8	410.52454954954953
2.8263049E8	409.2100344318741
2.827887405E8	416.37030180635026
2.82881078E8	395.5187436676798
2.829592085E8	403.4258301351577
2.831008305E8	420.4268065496617
2.832545715E8	416.1078410078193
2.8340819E8	416.39202485758676
2.8356106E8	402.6981958079066
2.83650187E8	406.78748280605225
2.837259075E8	388.71431028551774
2.838639935E8	414.6119077872572
2.84014566E8	432.10385923489895
2.841642325E8	376.8664013644116
2.843131325E8	388.40021459227466
2.844097475E8	408.45720984759674
2.844837785E8	408.29401913875597
2.84609444E8	412.9139997365995
2.847568575E8	395.6533923303835
2.84903889E8	412.265991902834
2.850507725E8	398.2814371257485
2.85162443E8	391.3955250811981
2.85235427E8	372.67952353942144
2.8534268E8	397.42985893416926
2.85486983E8	406.2545573770492
2.85630282E8	396.9569892473118
2.85773144E8	424.90923807468164
2.859069595E8	397.09702179920174
2.859767315E8	398.74152542372883
2.86052856E8	428.43007751937984
2.861903485E8	409.22840827980014
2.86326707E8	425.8463970112795
2.86461012E8	416.53771603941203
2.865942015E8	423.6723578992868
2.866994605E8	422.2510242085661
2.867650045E8	425.38881215469615
2.868562865E8	397.1335705045278
2.86985097E8	405.48291233283805
2.87113018E8	416.58422812885055
2.872400565E8	424.25954832281633
2.8736678E8	390.85994623655915
2.874684495E8	450.30911381772364
2.875308515E8	418.03981069042317
2.876171135E8	411.41637478108584
2.877417145E8	404.20021074815594
2.87865989E8	407.63439552420334
2.87989856E8	412.5105479452055
2.881135245E8	406.18709431080566
2.88225463E8	371.0544884359075
2.882869705E8	398.3884476534296
2.883595355E8	405.78803479495826
2.884818635E8	412.9104625550661
2.88604014E8	409.36432740599975
2.88725668E8	405.43307285102094
2.88845977E8	413.2670807453416
2.889652565E8	402.97731848074085
2.890345995E8	417.1688888888889
2.89094055E8	383.47097650941566
2.892031115E8	405.9592882178485
2.893211245E8	389.4653591441671
2.8943711E8	402.17881627056676
2.89550763E8	413.5540411286466
2.896633655E8	411.78379953379954
2.897663725E8	403.34212840809147
2.898226395E8	404.5182849936948
2.89887659E8	404.7518342128974
2.899984115E8	406.4733155436958
2.901089365E8	399.90750371471023
2.90218437E8	408.4737873591377
2.903262345E8	416.8954954954955
2.9043256E8	402.15220949263505
2.905335855E8	341.1224371931851
2.905862925E8	330.61290322580646
2.906432345E8	408.2859569648924
2.907479405E8	410.1465157832043
2.90851896E8	405.93058709049626
2.90955247E8	407.80209858467543
2.91058116E8	418.4600594028451
2.91160204E8	406.7026106696935
2.912615545E8	396.3117705901967
2.91331315E8	400.239539748954
2.9138107E8	393.635900700191
2.91461273E8	410.9980611805256
2.91559725E8	408.6137339055794
2.91657178E8	406.9064200217628
2.917545145E8	382.2558589031167
2.91851644E8	280.29311359623307
2.91948596E8	392.93333333333334
2.920451375E8	373.51093685513825
2.9210626E8	416.31754705525196
2.921538905E8	412.243729903537
2.922360205E8	387.69287707802454
2.923310645E8	399.2472737989979
2.924255295E8	397.7362718542231
2.925187585E8	411.97811249705813
2.92610929E8	373.35933806146573
2.92702327E8	402.08706833210874
2.92792108E8	401.47027649769586
2.928622145E8	392.77597173144875
2.929062585E8	422.7354211663067
2.92967363E8	409.8569214876033
2.930529085E8	400.2918410041841
2.931380435E8	417.826068466936
2.9322235E8	389.88213399503724
2.93305647E8	424.36855036855036
2.93388439E8	401.11413267408324
2.93470965E8	410.6293333333333
2.935531875E8	415.0853940579968
2.936254925E8	413.79168213887857
2.936664795E8	386.45244956772336
2.9371692E8	400.67909967845657
2.937980535E8	399.83194978740636
2.938782955E8	415.23455684870186
2.93957456E8	417.23793103448276
2.940359865E8	354.1340579710145
2.94113718E8	399.66346153846155
2.94190606E8	426.8363304665103
2.94267212E8	407.1758241758242
2.9434356E8	437.57642857142855
2.94403587E8	402.33968657348584
2.944416325E8	419.07695490277206
2.944955125E8	392.198732718894
2.9457076E8	419.8815120711563
2.9464554E8	400.08210726150924
2.947198625E8	401.67465975372653
2.947938495E8	286.1190476190476
2.94867693E8	388.5762536261915
2.94941437E8	409.16021798365125
2.950150255E8	393.06447280053726
2.9508846E8	379.1277823577906
2.951596985E8	409.497619047619
2.951959055E8	410.95862068965516
2.9523318E8	297.65128205128207
2.953042615E8	407.60550458715596
2.95375117E8	395.35043352601156
2.95445692E8	404.64026646928204
2.95515887E8	392.10538641686185
2.955858525E8	409.90237899917963
2.956554665E8	411.95056153757093
2.957244435E8	384.5140781108084
2.957929165E8	402.1664490861619
2.958609135E8	393.65145228215766
2.959283655E8	384.4549356223176
2.95962472E8	493.94117647058823
2.959959795E8	413.2817827069213
2.960623185E8	405.0632790028763
2.961285905E8	408.5173801683132
2.961944545E8	413.12912565141863
2.96259386E8	383.61482024944974
2.963231915E8	410.9300962745919
2.963866495E8	408.1049589291147
2.964495135E8	391.0847772277228
2.96511883E8	402.65735414954804
2.96574108E8	403.3372206025267
2.966360135E8	404.95443870361674
2.966975155E8	391.928078817734
2.967299425E8	360.6904761904762
2.967605265E8	397.8542350623769
2.968197085E8	366.31382441977803
2.968803715E8	414.1972271914132
2.969406465E8	385.909963099631
2.970003935E8	379.0591362126246
2.97059853E8	414.805902685456
2.971191925E8	403.2131616595136
2.971783685E8	416.75422832980973
2.972373605E8	380.8813025210084
2.972962345E8	416.80677290836655
2.973550285E8	406.2307095773556
2.974136535E8	399.70756733646857
2.974716695E8	409.29761904761904
2.975006415E8	0.0
2.975297915E8	326.7892720306513
2.975874835E8	414.5708515651296
2.97644944E8	408.8581183611533
2.977022745E8	409.8957890259464
2.977593955E8	407.2660891089109
2.97816386E8	389.92437810945273
2.97873337E8	420.977723378213
2.97929694E8	412.4190836485918
2.979853355E8	372.9782114437287
2.98040566E8	392.5301689460982
2.980954345E8	427.9728014505893
2.98150189E8	407.29126984126987
2.982045775E8	389.15707317073173
2.98250394E8	405.03807184525635
2.98277297E8	390.3969804618117
2.98312184E8	410.2590163934426
2.983655255E8	412.1775700934579
2.98418571E8	396.4742413549753
2.98471025E8	392.7739761534474
2.985229515E8	413.7385257301808
2.98574718E8	411.56253298153035
2.98626245E8	407.3538361929427
2.986775555E8	409.77931449188213
2.987287515E8	381.6545981173063
2.9877965E8	411.32428157131557
2.98830158E8	406.8347406513872
2.98880377E8	396.9650832318311
2.9893041E8	414.9993710691824
2.989803155E8	408.8689581095596
2.9902156E8	411.5543259557344
2.99046443E8	398.8966861598441
2.990795815E8	404.4150168098618
2.991287095E8	397.2383465259455
2.991776335E8	408.1394262841895
2.99226409E8	401.8276343335659
2.992750675E8	386.9125
2.99323612E8	387.56475300400535
2.993721015E8	425.385195035461
2.99420364E8	399.3780617678381
2.994682855E8	397.30776992936427
2.995160355E8	409.59371015724605
2.99563736E8	385.7427117075428
2.99611366E8	337.28146453089244
2.99658856E8	410.36273569830615
2.99706222E8	400.84576802507837
2.99753043E8	403.48558951965066
2.997914265E8	396.688202247191
2.998145535E8	378.0232558139535
2.998454455E8	398.41834271922767
2.998912785E8	387.49590643274854
2.999369015E8	399.30029296875
2.99982407E8	379.06990881458967
3.000278035E8	354.28962131837307
3.00072936E8	411.0751445086705
3.001178095E8	378.6638433033351
3.001626E8	393.5179340028694
3.002072585E8	393.1463414634146
3.0025153E8	424.4676025917927
3.002951105E8	399.0842105263158
3.00338256E8	384.9207579672696
3.00381246E8	393.51451612903224
3.00424041E8	406.3041203400916
3.00466617E8	385.1389521640091
3.00509036E8	407.52121032334617
3.005513965E8	380.88752399232243
3.005739685E8	469.61764705882354
3.0059498E8	422.29650507328074
3.006355E8	413.2746113989637
3.00677186E8	431.6745890756774
3.00718655E8	395.5077262693157
3.007599975E8	401.2061143984221
3.008009635E8	416.0796970789758
3.00841504E8	435.59809027777777
3.00881871E8	410.15876777251185
3.009221625E8	384.4560934891486
3.00962411E8	390.7065868263473
3.01002529E8	414.0971302428256
3.010424755E8	419.75742574257424
3.010823325E8	414.14285714285717
3.011221535E8	411.4
3.01161883E8	406.6487603305785
3.012013185E8	398.36711281070745
3.01240271E8	420.23361261705276
3.01278813E8	404.0385259631491
3.013171725E8	389.8208020050125
3.013402245E8	400.879781420765
3.01359325E8	408.4487004103967
3.01393599E8	415.1576354679803
3.01431711E8	402.4331210191083
3.014697935E8	402.1448382126348
3.015075635E8	418.14727540500735
3.01544826E8	368.29554995801846
3.015818905E8	409.3715170278638
3.01618727E8	424.8928410625844
3.01655231E8	405.4687953555878
3.01691575E8	367.00487276664865
3.01727817E8	419.0905520905521
3.017639465E8	391.60888252149
3.018000005E8	397.281007751938
3.018360275E8	364.3133802816901
3.018718265E8	384.1062146892655
3.019074095E8	368.0576923076923
3.0194275E8	416.3553345388788
3.01977819E8	405.36706948640483
3.020128525E8	378.6321167883212
3.02047874E8	398.4587628865979
3.020828745E8	411.62283515073767
3.021066125E8	405.5832012678288
3.021240165E8	397.4643660915229
3.0215234E8	408.43027413587606
3.021865385E8	393.31710615280593
3.022202135E8	436.1075085324232
3.02253491E8	405.425583443417
3.022863395E8	409.53826530612247
3.02318457E8	381.4622641509434
3.023501625E8	372.512893982808
3.02381257E8	396.5553097345133
3.024117055E8	407.66050295857985
3.024418645E8	372.5566750629723
3.024718665E8	411.5821371610845
3.02501802E8	407.06959498003425
3.0253152E8	413.51186440677964
3.02561013E8	413.3261261261261
3.025904035E8	422.0884758364312
3.026196635E8	409.10291130670277
3.02648696E8	419.9695290858726
3.026774925E8	366.5570175438597
3.0270614E8	397.4741379310345
3.0273473E8	386.4142739950779
3.0276322E8	394.3747680890538
3.02791553E8	422.75771405217625
3.02819683E8	400.1067323481117
3.02847463E8	414.48765432098764
3.02871419E8	364.99107142857144
3.028851665E8	407.51666666666665
3.029023805E8	404.7773195876289
3.02929608E8	408.0699300699301
3.029566585E8	412.140409328891
3.02983539E8	406.32749077490774
3.030103E8	402.5146443514644
3.03036936E8	423.693094629156
3.030633795E8	369.45335820895525
3.03089659E8	421.07533926064576
3.031158375E8	368.50384615384615
3.03141897E8	402.91288343558284
3.0316784E8	394.67894736842106
3.03193613E8	417.7293942403178
3.03219033E8	404.7669831994156
3.03244142E8	393.2886297376093
3.03269183E8	409.89463722397477
3.032941495E8	403.95475460122697
3.03318984E8	396.93537015276144
3.03343729E8	415.94034090909093
3.03368407E8	389.9166666666667
3.03392961E8	389.5694682675815
3.034173935E8	462.875
3.034417695E8	409.8586065573771
3.03466092E8	420.6007950028393
3.03490315E8	280.26153846153846
3.03514472E8	399.9117647058824
3.03538466E8	400.38994413407823
3.035622675E8	394.0364464692483
3.03585904E8	420.2357414448669
3.036094165E8	423.9404609475032
3.03632882E8	393.4723926380368
3.036474595E8	383.18232044198896
3.03659146E8	391.0618181818182
3.036795675E8	351.8540540540541
3.03702759E8	419.1124586549063
3.037259045E8	410.43629343629345
3.03749014E8	413.65743944636677
3.037721115E8	371.40237154150196
3.03795153E8	422.7473002159827
3.038181055E8	386.17518248175185
3.03840977E8	420.2656875834446
3.038636995E8	415.371335504886
3.038862345E8	410.70486656200944
3.03908542E8	409.08811475409834
3.03930611E8	391.8837209302326
3.039525865E8	410.21617852161785
3.03974351E8	408.20892687559353
3.039958025E8	424.14248704663214
3.040171415E8	413.70922384701913
3.04038313E8	408.047311827957
3.040591685E8	414.0
3.04079863E8	409.9048473967684
3.04100481E8	407.7899709302326
3.04120937E8	412.85763648928815
3.041411265E8	367.4626532887402
3.04161089E8	416.21014139444173
3.041809935E8	408.6435124508519
3.04200889E8	408.74307036247336
3.042207195E8	410.3085106382979
3.042404435E8	399.12389380530976
3.04260093E8	368.55897435897435
3.042797115E8	408.95903290799197
3.04299283E8	443.139735480161
3.043188045E8	412.72477064220186
3.0433822E8	426.2857142857143
3.04357514E8	407.1081081081081
3.043766445E8	190.5
3.04395624E8	408.2912032355915
3.044120845E8	306.38461538461536
3.044215395E8	305.8333333333333
3.044334495E8	422.94195888754535
3.044520715E8	408.55
3.04470397E8	426.45979899497485
3.04488589E8	404.40588235294115
3.0450666E8	371.9579831932773
3.0452464E8	76.7062937062937
3.04542522E8	390.875
3.04560353E8	392.0
3.045781455E8	423.5242165242165
3.045958945E8	397.2247838616715
3.04613409E8	359.31111111111113
3.04630615E8	391.30434782608694
3.046477165E8	411.6917148362235
3.04664782E8	414.68225806451613
3.046818275E8	428.45535714285717
3.04698855E8	412.40641025641025
3.047157445E8	415.42403628117916
3.047322845E8	415.01625
3.047485745E8	418.74107142857144
3.047647915E8	395.2904411764706
3.04780937E8	398.55263157894734
3.04797045E8	416.43454545454546
3.04813105E8	410.1988950276243
3.04829099E8	236.0
3.04844809E8	390.6528822055138
3.04860144E8	421.3411695881091
3.04875228E8	410.82960077896786
3.048899345E8	390.9709976798144
3.04904393E8	415.79088471849866
3.04918797E8	437.7962962962963
3.04933121E8	405.37823834196894
3.049473325E8	404.08641975308643
3.049613855E8	423.43243243243245
3.049753525E8	423.3284268629255
3.04989176E8	432.54416961130744
3.050028535E8	405.6827195467422
3.050165075E8	410.4587869362364
3.05030149E8	410.72222222222223
3.05043766E8	413.1085568326948
3.05057328E8	423.78256189451025
3.050707775E8	409.6496062992126
3.050840815E8	417.1828793774319
3.050973185E8	364.46666666666664
3.0511055E8	414.2204724409449
3.051237565E8	422.67134831460675
3.051369355E8	407.9330855018587
3.05150043E8	405.6666666666667
3.05163013E8	417.3941605839416
3.05175888E8	403.9960053262317
3.05185055E8	0.0
3.051914585E8	379.48275862068965
3.052015075E8	392.475
3.05214187E8	360.3076923076923
3.052267085E8	433.28978007761964
3.05239162E8	411.40410958904107
3.052514665E8	407.05102040816325
3.052635855E8	199.0
3.05275651E8	369.2039800995025
3.052876965E8	405.8551881413911
3.052997075E8	405.76363636363635
3.05311672E8	411.3744075829384
3.053236175E8	375.1363636363636
3.053355615E8	416.994750656168
3.05347491E8	412.25436408977555
3.0535937E8	412.6455696202532
3.053711045E8	145.75
3.053827095E8	355.72972972972974
3.05394203E8	410.985
3.05405586E8	379.42753623188406
3.05416915E8	289.5
3.054282015E8	387.37142857142857
3.054393975E8	386.36193222782987
3.05450508E8	412.55440414507774
3.054616145E8	378.36871508379886
3.05472713E8	391.3979591836735
3.054837595E8	415.26339285714283
3.05494683E8	394.0486111111111
3.055054885E8	407.3222591362126
3.055161465E8	411.05336617405584
3.05526661E8	387.27450980392155
3.05537127E8	425.37759381898456
3.055475015E8	418.15384615384613
3.055577785E8	406.90526315789475
3.05567969E8	405.36559139784947
3.05578E8	356.39766081871346
3.05587934E8	345.88607594936707
3.055978485E8	399.4737793851718
3.056077465E8	354.3682588597843
3.05617534E8	416.4381846635368
3.05627204E8	417.24285714285713
3.0563683E8	360.13793103448273
3.056464125E8	299.46153846153845
3.05655943E8	365.2448132780083
3.05665429E8	398.4516129032258
3.056749135E8	407.1358024691358
3.05684391E8	402.3333333333333
3.056938605E8	437.06718924972006
3.05703288E8	403.92452830188677
3.0571261E8	362.95535714285717
3.057218545E8	348.0263157894737
3.057310705E8	392.2995169082126
3.057402675E8	378.9421965317919
3.057494535E8	359.9642857142857
3.057585785E8	401.27525252525254
3.05767648E8	417.50611246943765
3.05776642E8	414.07209302325583
3.057855425E8	409.61252446183954
3.05794349E8	244.55555555555554
3.05803082E8	376.3139534883721
3.058116615E8	373.71287128712873
3.058200515E8	410.0945945945946
3.058282875E8	404.9674796747967
3.058363865E8	409.91954022988506
3.058444065E8	416.91037735849056
3.058523285E8	380.92356687898086
3.058601015E8	382.35341365461846
3.058677105E8	0.0
3.058752425E8	416.8186274509804
3.05882709E8	420.60305343511453
3.058900985E8	396.63316582914575
3.05897348E8	416.1885245901639
3.059044835E8	19.0
3.059115865E8	390.0980392156863
3.059186575E8	395.7535211267606
3.059257075E8	384.80281690140845
3.059327345E8	406.515
3.059397415E8	423.6136363636364
3.05946737E8	428.90506329113924
3.05953382E8	411.4859437751004
3.059568435E8	317.22222222222223
3.059606085E8	404.4160839160839
3.059675075E8	40.666666666666664
3.05974393E8	0.0
3.059812595E8	424.90384615384613
3.0598811E8	329.07142857142856
3.05994947E8	382.3333333333333
3.060017745E8	425.85096153846155
3.06008546E8	419.625
3.06015243E8	247.2
3.06021916E8	422.30357142857144
3.06028584E8	414.5612648221344
3.060351805E8	291.85714285714283
3.060416715E8	448.02222222222224
3.06048088E8	436.7647058823529
3.06054431E8	381.66505636070855
3.06060702E8	406.56081081081084
3.06066934E8	426.24356775300174
3.060731045E8	411.3636363636364
3.06079204E8	366.1034482758621
3.060852755E8	416.62573099415204
3.06091306E8	28.5
3.060973105E8	401.3460076045627
3.06103308E8	354.71153846153845
3.06109298E8	412.17218543046357
3.06115231E8	409.5083333333333
3.06121083E8	0.0
3.061268995E8	404.1786179921773
3.061326905E8	429.59322033898303
3.061384525E8	411.991103202847
3.06144196E8	0.0
3.06149915E8	361.12048192771084
3.061556135E8	425.32669322709165
3.061612865E8	410.5162601626016
3.061668935E8	420.1804347826087
3.061724375E8	406.28637951105935
3.06177958E8	0.0
3.06183465E8	290.3333333333333
3.0618895E8	408.5283505154639
3.061944175E8	394.7741935483871
3.061998695E8	390.0919540229885
3.062052965E8	0.0
3.062107035E8	423.41597337770384
3.062160895E8	401.23498694516974
3.06221455E8	414.3720930232558
3.062267975E8	291.75
3.062321055E8	155.0
3.062373925E8	0.0
3.062426715E8	390.2352941176471
3.06247945E8	421.17171717171715
3.062532015E8	339.27777777777777
3.062584425E8	429.2857142857143
3.06263673E8	438.0
3.062688905E8	398.9248322147651
3.06274102E8	418.32758620689657
3.06279276E8	416.6389380530973
3.062844135E8	406.67021276595744
3.062895485E8	282.8
3.06294667E8	0.0
3.06299761E8	396.12626262626264
3.063048415E8	447.9888888888889
3.063099165E8	401.0670103092784
3.063149815E8	0.0
3.063200175E8	595.1666666666666
3.063250325E8	449.4590747330961
3.06330018E8	445.4
3.063349735E8	0.0
3.063399235E8	410.75
3.06344861E8	344.2173913043478
3.063497735E8	397.5405405405405
3.06354609E8	438.15963606286186
3.06359362E8	394.3175
3.06364072E8	387.55555555555554
3.06368756E8	397.2758620689655
3.063734225E8	393.25
3.063780725E8	458.8888888888889
3.06382707E8	394.42857142857144
3.063873235E8	326.25
3.06391931E8	378.1015625
3.063965295E8	408.67914438502675
3.06401082E8	401.3783783783784
3.064055785E8	396.18243243243245
3.06410055E8	665.0
3.0641452E8	354.2162162162162
3.0641896E8	425.88461538461536
3.064233765E8	347.4848484848485
3.06427766E8	435.4340659340659
3.064321085E8	393.59550561797755
3.06436424E8	466.90909090909093
3.06440737E8	178.0
3.064450465E8	0.0
3.06449342E8	212.5
3.06453625E8	0.0
3.06457902E8	434.2857142857143
3.064621725E8	385.86206896551727
3.06466441E8	358.68027210884355
3.06470704E8	409.43408360128615
3.064749595E8	459.9572072072072
3.064792095E8	174.0
3.06483446E8	392.45631067961165
3.064876545E8	444.07696202531645
3.064918455E8	19.0
3.0649603E8	430.250380131779
3.065001735E8	175.66666666666666
3.06504273E8	364.242825607064
3.065083565E8	0.0
3.06512427E8	371.6470588235294
3.06516488E8	418.35238095238094
3.065205265E8	437.7060931899642
3.065245425E8	370.5967741935484
3.06528524E8	0.0
3.06532471E8	415.5466666666667
3.065364115E8	416.26614481409
3.065403375E8	0.0
3.0654423E8	403.8095238095238
3.06548097E8	416.0
3.0655195E8	62.0
3.065557735E8	418.1
3.06559577E8	288.6585365853659
3.065633635E8	369.46153846153845
3.065671335E8	301.0
3.065709005E8	425.3799283154122
3.065746505E8	337.58666666666664
3.065783835E8	496.5134615384615
3.06582112E8	397.6564705882353
3.06585833E8	424.625
3.06589543E8	378.8888888888889
3.065932395E8	402.4716267339218
3.065969265E8	429.77474402730377
3.06600612E8	392.8543307086614
3.066042955E8	439.14666666666665
3.06607968E8	253.0
3.0661163E8	375.38505747126436
3.066152875E8	474.0769230769231
3.06618939E8	407.0
3.066225875E8	0.0
3.066262295E8	412.9634831460674
3.066298605E8	427.7704918032787
3.066334545E8	48.0
3.06637011E8	21.0
3.0664056E8	56.333333333333336
3.066440915E8	471.92223950233284
3.066476025E8	412.6170212765957
3.066511055E8	418.26785714285717
3.06654603E8	408.17478510028656
3.066580945E8	402.1117318435754
3.066615705E8	203.5
3.06665033E8	412.6111111111111
3.06668493E8	20.0
3.066719485E8	352.05479452054794
3.066753845E8	440.5344827586207
3.06678798E8	104.66666666666667
3.066821985E8	461.5
3.06685591E8	0.0
3.066889815E8	413.68372093023254
3.066923705E8	371.56345177664974
3.066957585E8	374.6
3.066991455E8	409.59708737864077
3.067025305E8	380.6666666666667
3.06705914E8	404.8667917448405
3.067092965E8	0.0
3.06712672E8	0.0
3.06716041E8	413.6508875739645
3.067194095E8	396.07035175879395
3.067227775E8	446.7307692307692
3.067248635E8	352.0
3.06726541E8	179.2
3.067294915E8	424.0
3.067328405E8	403.15942028985506
3.067361665E8	462.0
3.06739469E8	19.0
3.06742768E8	19.0
3.06746065E8	395.36842105263156
3.067493595E8	377.578431372549
3.067526505E8	440.5532710280374
3.06755933E8	0.0
3.067591995E8	408.2298850574713
3.067624565E8	415.0457317073171
3.067657115E8	400.5135135135135
3.06768965E8	19.0
3.06772208E8	314.9514563106796
3.067754395E8	325.25
3.067786575E8	427.30526315789473
3.067818625E8	396.55172413793105
3.067850465E8	417.08
3.0678821E8	349.3333333333333
3.067913705E8	396.23463687150837
3.067945245E8	19.0
3.06797666E8	414.88950276243094
3.0680079E8	0.0
3.06803903E8	399.7857142857143
3.068070135E8	20.0
3.068101235E8	433.6062176165803
3.06813233E8	396.3481012658228
3.068163365E8	388.88709677419354
3.068194285E8	19.333333333333332
3.06822513E8	415.5017543859649
3.068255925E8	404.7808641975309
3.068286625E8	322.8333333333333
3.068317255E8	431.58301158301157
3.068347845E8	221.0
3.068378385E8	0.0
3.0684088E8	482.0
3.06843903E8	395.44612794612794
3.068469175E8	327.7136929460581
3.068499285E8	422.7588126159555
3.068529315E8	403.4556213017751
3.06855925E8	228.0
3.06858904E8	413.78688524590166
3.06861871E8	0.0
3.06864829E8	302.5981308411215
3.068677785E8	0.0
3.06870722E8	407.22222222222223
3.068736605E8	338.5
3.06876586E8	346.15384615384613
3.06879498E8	490.7142857142857
3.068824045E8	0.0
3.068853035E8	390.56875
3.06888198E8	0.0
3.0689109E8	0.0
3.068939665E8	256.3333333333333
3.06896809E8	452.875
3.068996235E8	0.0
3.069024245E8	406.01518438177874
3.06905212E8	0.0
3.069079905E8	423.3333333333333
3.069107675E8	287.3333333333333
3.06913543E8	353.3076923076923
3.06916313E8	0.0
3.06919067E8	421.30845771144277
3.069218095E8	416.66137566137564
3.069245455E8	419.99029126213594
3.06927266E8	440.82154882154884
3.06929975E8	396.28333333333336
3.069326695E8	19.0
3.069353465E8	393.14736842105265
3.06938016E8	0.0
3.06940674E8	422.05602836879433
3.06943317E8	447.84
3.069459505E8	20.0
3.069485655E8	378.3142857142857
3.06951153E8	474.3333333333333
3.069537225E8	434.54526748971193
3.069562725E8	0.0
3.069587885E8	22.0
3.069612825E8	421.55828220858893
3.069637735E8	434.4301075268817
3.0696626E8	450.7194029850746
3.06968739E8	391.53879310344826
3.06971213E8	0.0
3.06973672E8	0.0
3.069761095E8	196.0
3.06978536E8	413.5263157894737
3.0698095E8	342.0
3.06983354E8	25.0
3.06985755E8	408.5625
3.06988152E8	637.1666666666666
3.06990543E8	409.0426136363636
3.069929255E8	567.0
3.069953025E8	410.9310344827586
3.069976725E8	362.2106969205835
3.070000295E8	523.0
3.07002367E8	0.0
3.07004687E8	0.0
3.070070005E8	211.33333333333334
3.070093035E8	504.0
3.070115925E8	19.5
3.07013868E8	418.4968152866242
3.07016134E8	423.8424242424242
3.07018396E8	367.2
3.07020655E8	0.0
3.070229135E8	0.0
3.0702516E8	416.79583333333335
3.07027389E8	423.1666666666667
3.0702961E8	403.9754098360656
3.070318285E8	448.720987654321
3.070340435E8	0.0
3.070362525E8	388.80898876404495
3.07038456E8	411.34722222222223
3.07040653E8	0.0
3.0704284E8	0.0
3.070450185E8	331.9264705882353
3.07047178E8	414.3809523809524
3.0704932E8	20.0
3.07051452E8	432.0
3.070535745E8	20.0
3.07055696E8	347.35714285714283
3.07057816E8	411.850622406639
3.07059934E8	0.0
3.0706204E8	0.0
3.070641345E8	0.0
3.07066228E8	412.8490566037736
3.070683165E8	0.0
3.070704E8	418.5
3.07072481E8	371.19310344827585
3.07074558E8	388.75
3.070766325E8	20.0
3.070787045E8	365.03125
3.07080772E8	458.0
3.070828335E8	374.03846153846155
3.07084889E8	0.0
3.07086942E8	429.95652173913044
3.07088987E8	19.0
3.070910185E8	335.72
3.07093044E8	390.77647058823527
3.07095069E8	399.8054054054054
3.07097091E8	395.94871794871796
3.07099108E8	329.5
3.071011185E8	380.23809523809524
3.07103122E8	456.0
3.071051185E8	386.3333333333333
3.071071095E8	363.21153846153845
3.071090915E8	413.1006289308176
3.07111059E8	484.5
3.071130195E8	515.0
3.07114979E8	532.0
3.07116933E8	390.35121951219514
3.071188785E8	75.5
3.071208195E8	482.8
3.07122752E8	0.0
3.071246735E8	403.70454545454544
3.071265845E8	19.0
3.07128479E8	0.0
3.07130355E8	0.0
3.07132213E8	106.83333333333333
3.071340475E8	0.0
3.07135863E8	390.3703703703704
3.071376725E8	435.9846153846154
3.07139478E8	302.92
3.07141279E8	0.0
3.071430775E8	0.0
3.07144871E8	353.0
3.071466595E8	0.0
3.07148442E8	409.94117647058823
3.07150216E8	310.93333333333334
3.071519825E8	187.0
3.071537425E8	0.0
3.071554995E8	398.0
3.071572545E8	0.0
3.07159008E8	0.0
3.071607605E8	123.0
3.071625115E8	334.375
3.07164259E8	19.0
3.07165998E8	0.0
3.071677295E8	0.0
3.07169459E8	0.0
3.07171187E8	278.4362745098039
3.07172911E8	212.79334916864607
3.071746285E8	359.6363636363636
3.071763405E8	398.30434782608694
3.0717805E8	55.333333333333336
3.07179757E8	305.62295081967216
3.0718146E8	390.3333333333333
3.07183154E8	0.0
3.071848325E8	0.0
3.071864995E8	362.29145728643215
3.07188158E8	444.79411764705884
3.07189806E8	341.3333333333333
3.07191447E8	447.81538461538463
3.071930855E8	0.0
3.07194713E8	379.4367283950617
3.07196327E8	401.7142857142857
3.071979365E8	357.3544303797468
3.07199539E8	433.35714285714283
3.07201133E8	19.0
3.072027235E8	19.0
3.072043025E8	0.0
3.07205867E8	0.0
3.07207427E8	0.0
3.07208982E8	203.5
3.072105315E8	0.0
3.07212076E8	435.83673469387753
3.072136115E8	0.0
3.072151395E8	364.39473684210526
3.072166655E8	415.9080459770115
3.07218189E8	0.0
3.07219709E8	0.0
3.07221218E8	0.0
3.072227155E8	0.0
3.072242065E8	500.8
3.07225692E8	0.0
3.072271765E8	389.3641975308642
3.07228659E8	352.52272727272725
3.072301395E8	0.0
3.072316155E8	0.0
3.072330835E8	437.75
3.0723454E8	414.8076923076923
3.072359815E8	287.33962264150944
3.072374155E8	0.0
3.07238849E8	429.8897058823529
3.072402775E8	151.0
3.072416995E8	410.8611111111111
3.072431125E8	313.1764705882353
3.072445175E8	488.6666666666667
3.07245921E8	0.0
3.07247322E8	0.0
3.072487205E8	214.5
3.072501165E8	0.0
3.072515085E8	405.8452380952381
3.072528945E8	19.0
3.07254274E8	420.0
3.072556495E8	260.38461538461536
3.072570195E8	455.4163701067616
3.07258382E8	434.21153846153845
3.07259739E8	0.0
3.072610935E8	0.0
3.072624475E8	301.0816326530612
3.072637995E8	378.79487179487177
3.07265146E8	0.0
3.072664865E8	349.30434782608694
3.072678185E8	0.0
3.072691435E8	19.0
3.072704615E8	262.0
3.07271773E8	418.85
3.072730825E8	331.46835443037975
3.072743855E8	0.0
3.072756825E8	363.7142857142857
3.072769735E8	434.0
3.07278257E8	0.0
3.07279535E8	0.0
3.07280808E8	0.0
3.07282078E8	397.90909090909093
3.07283345E8	290.3636363636364
3.072846035E8	292.42857142857144
3.072858485E8	0.0
3.072870805E8	482.61290322580646
3.07288306E8	288.7692307692308
3.072895305E8	19.0
3.0729075E8	0.0
3.072919625E8	0.0
3.0729317E8	310.5
3.072943745E8	0.0
3.07295576E8	0.0
3.07296769E8	346.5
3.072979505E8	0.0
3.072991265E8	0.0
3.073002965E8	0.0
3.0730146E8	0.0
3.0730262E8	356.05
3.073037765E8	322.0
3.073049325E8	0.0
3.073060875E8	203.0
3.07307234E8	0.0
3.073083675E8	0.0
3.0730949E8	0.0
3.07310606E8	317.5925925925926
3.073117205E8	0.0
3.07312834E8	356.45
3.07313946E8	0.0
3.07315057E8	19.0
3.073161665E8	268.7857142857143
3.07317273E8	0.0
3.073183765E8	314.8888888888889
3.073194775E8	166.64285714285714
3.073205775E8	449.6666666666667
3.07321677E8	0.0
3.073227755E8	0.0
3.073238735E8	383.0633802816901
3.07324967E8	356.8181818181818
3.07326045E8	0.0
3.07327112E8	0.0
3.07328175E8	0.0
3.07329233E8	248.8181818181818
3.073302885E8	339.80281690140845
3.0733134E8	403.5014925373134
3.07332388E8	293.1666666666667
3.073334315E8	408.0
3.073344645E8	0.0
3.073354855E8	293.3333333333333
3.073365005E8	198.0
3.07337512E8	0.0
3.07338521E8	0.0
3.07339524E8	226.76
3.073405195E8	0.0
3.073415095E8	0.0
3.073424955E8	0.0
3.07343481E8	0.0
3.07344466E8	0.0
3.07345449E8	475.1
3.0734643E8	0.0
3.073474095E8	0.0
3.073483845E8	0.0
3.073493565E8	0.0
3.07350326E8	0.0
3.073512895E8	0.0
3.07352248E8	0.0
3.07353193E8	347.7894736842105
3.07354126E8	0.0
3.073550565E8	0.0
3.073559835E8	0.0
3.073569075E8	232.0
3.073578275E8	0.0
3.073587445E8	0.0
3.07359658E8	0.0
3.07360568E8	537.0714285714286
3.07361477E8	0.0
3.073623815E8	0.0
3.0736328E8	0.0
3.073641745E8	0.0
3.073650655E8	512.5
3.07365955E8	0.0
3.073668425E8	0.0
3.07367728E8	0.0
3.07368608E8	0.0
3.073694805E8	0.0
3.0737035E8	362.340206185567
3.073712185E8	0.0
3.07372084E8	419.94736842105266
3.073729445E8	0.0
3.07373801E8	237.125
3.07374652E8	0.0
3.07375497E8	334.3170731707317
3.07376337E8	390.45454545454544
3.07377173E8	538.0
3.073780065E8	94.4
3.07378836E8	0.0
3.073796625E8	20.0
3.07380485E8	317.1515151515151
3.073812975E8	0.0
3.073821025E8	432.3333333333333
3.073829055E8	20.0
3.07383704E8	0.0
3.073844975E8	284.0
3.073852875E8	0.0
3.07386072E8	293.8965517241379
3.07386853E8	0.0
3.073876335E8	19.0
3.07388411E8	288.5
3.073891845E8	0.0
3.073899525E8	177.5
3.073907155E8	251.0
3.073914765E8	179.0
3.073922355E8	0.0
3.07392992E8	0.0
3.073937465E8	0.0
3.073944975E8	0.0
3.073952445E8	0.0
3.073959905E8	0.0
3.073967355E8	0.0
3.073974755E8	20.0
3.073982085E8	362.2246835443038
3.07398938E8	0.0
3.07399665E8	0.0
3.074003845E8	0.0
3.074010975E8	0.0
3.07401809E8	349.0
3.074025195E8	0.0
3.074032295E8	0.0
3.074039365E8	0.0
3.0740464E8	0.0
3.0740534E8	22.0
3.074060365E8	0.0
3.07406728E8	298.90909090909093
3.07407414E8	491.0
3.07408095E8	0.0
3.07408771E8	0.0
3.074094455E8	0.0
3.07410119E8	0.0
3.07410791E8	0.0
3.074114535E8	0.0
3.074121015E8	0.0
3.07412743E8	434.0
3.07413383E8	0.0
3.07414021E8	0.0
3.07414658E8	284.0
3.07415294E8	0.0
3.074159275E8	0.0
3.074165575E8	0.0
3.07417184E8	0.0
3.074178075E8	22.0
3.074184285E8	19.0
3.07419046E8	0.0
3.074196585E8	0.0
3.07420267E8	378.0
3.07420871E8	0.0
3.07421472E8	0.0
3.074220725E8	411.0
3.07422671E8	0.0
3.074232665E8	19.0
3.074238595E8	0.0
3.074244515E8	0.0
3.07425042E8	172.42857142857142
3.074256305E8	0.0
3.074262165E8	0.0
3.074268005E8	0.0
3.074273815E8	0.0
3.074279595E8	0.0
3.07428537E8	19.0
3.07429113E8	0.0
3.074296855E8	0.0
3.07430254E8	0.0
3.07430819E8	0.0
3.074313815E8	0.0
3.074319415E8	0.0
3.07432497E8	0.0
3.074330485E8	0.0
3.074335975E8	0.0
3.074341455E8	225.3913043478261
3.07434693E8	0.0
3.0743524E8	0.0
3.074357865E8	0.0
3.074363325E8	0.0
3.07436878E8	0.0
3.07437422E8	0.0
3.07437964E8	0.0
3.07438504E8	152.0
3.074390425E8	166.56521739130434
3.07439579E8	0.0
3.074401125E8	0.0
3.07440644E8	0.0
3.07441174E8	107.0
3.074417025E8	0.0
3.07442227E8	0.0
3.07442747E8	0.0
3.07443264E8	199.49775784753362
3.074437785E8	0.0
3.0744429E8	0.0
3.07444798E8	302.0
3.074453045E8	0.0
3.0744581E8	0.0
3.074463125E8	0.0
3.07446812E8	205.90967741935484
3.074473085E8	0.0
3.074478015E8	0.0
3.074482925E8	0.0
3.074487815E8	0.0
3.07449269E8	0.0
3.074497555E8	19.0
3.07450239E8	0.0
3.0745072E8	0.0
3.07451198E8	0.0
3.074516695E8	0.0
3.074521375E8	0.0
3.074526035E8	0.0
3.07453067E8	0.0
3.07453528E8	0.0
3.07453982E8	0.0
3.074544305E8	0.0
3.074548775E8	0.0
3.07455321E8	0.0
3.074557615E8	0.0
3.07456201E8	0.0
3.07456637E8	0.0
3.0745707E8	0.0
3.07457503E8	0.0
3.07457932E8	0.0
3.07458353E8	156.0
3.0745877E8	0.0
3.07459185E8	0.0
3.074595975E8	0.0
3.07460009E8	0.0
3.07460419E8	0.0
3.074608275E8	0.0
3.07461234E8	0.0
3.07461637E8	0.0
3.07462037E8	0.0
3.07462436E8	0.0
3.074628295E8	0.0
3.074632175E8	0.0
3.07463604E8	0.0
3.074639885E8	0.0
3.074643725E8	0.0
3.07464756E8	0.0
3.074651385E8	63.5
3.0746552E8	0.0
3.074659E8	0.0
3.074662785E8	0.0
3.07466655E8	277.0
3.07467028E8	0.0
3.07467397E8	0.0
3.07467764E8	0.0
3.074681295E8	0.0
3.074684925E8	0.0
3.074688535E8	129.0
3.074692125E8	0.0
3.07469565E8	129.5
3.0746991E8	0.0
3.07470252E8	0.0
3.074705915E8	0.0
3.07470929E8	0.0
3.07471266E8	0.0
3.07471601E8	0.0
3.07471933E8	233.5
3.074722625E8	0.0
3.0747259E8	0.0
3.07472917E8	0.0
3.074732435E8	0.0
3.07473569E8	0.0
3.07473894E8	0.0
3.07474218E8	0.0
3.07474541E8	0.0
3.07474863E8	0.0
3.074751825E8	0.0
3.074754995E8	0.0
3.074758155E8	0.0
3.0747613E8	0.0
3.074764425E8	0.0
3.074767535E8	0.0
3.07477063E8	0.0
3.07477372E8	0.0
3.074776785E8	0.0
3.074779805E8	0.0
3.0747828E8	0.0
3.074785785E8	0.0
3.07478873E8	0.0
3.074791635E8	145.25
3.074794525E8	0.0
3.07479739E8	0.0
3.07480024E8	0.0
3.074803065E8	0.0
3.074805865E8	0.0
3.07480866E8	0.0
3.07481141E8	0.0
3.07481412E8	21.0
3.074816825E8	0.0
3.0748195E8	0.0
3.07482213E8	0.0
3.074824735E8	0.0
3.074827325E8	0.0
3.074829885E8	0.0
3.074832415E8	0.0
3.074834925E8	0.0
3.07483741E8	0.0
3.07483986E8	0.0
3.07484227E8	0.0
3.07484466E8	0.0
3.07484705E8	0.0
3.07484943E8	0.0
3.074851795E8	0.0
3.074854115E8	0.0
3.07485639E8	0.0
3.074858655E8	0.0
3.074860915E8	0.0
3.074863175E8	0.0
3.07486542E8	0.0
3.07486762E8	0.0
3.074869785E8	0.0
3.074871945E8	0.0
3.07487409E8	0.0
3.07487621E8	0.0
3.0748783E8	0.0
3.074880335E8	0.0
3.07488232E8	0.0
3.07488428E8	0.0
3.074886225E8	0.0
3.0748881E8	0.0
3.07488991E8	0.0
3.07489172E8	0.0
3.07489351E8	0.0
3.074895275E8	0.0
3.07489703E8	0.0
3.07489878E8	0.0
3.07490053E8	0.0
3.074902265E8	0.0
3.07490395E8	0.0
3.074905575E8	0.0
3.074907135E8	0.0
3.07490864E8	0.0
3.07491012E8	0.0
3.074911565E8	0.0
3.07491297E8	0.0
3.074914355E8	0.0
3.074915695E8	0.0
3.074916995E8	0.0
3.074918285E8	0.0
3.074919565E8	0.0
3.07492084E8	0.0
3.07492211E8	0.0
3.07492338E8	0.0
3.074924645E8	0.0
3.074925885E8	0.0
3.074927095E8	0.0
3.074928275E8	0.0
3.074929365E8	0.0
3.074930385E8	0.0
3.074931395E8	0.0
3.07493239E8	0.0
3.07493338E8	0.0
3.07493436E8	0.0
3.07493525E8	0.0
3.074936035E8	0.0
3.07493678E8	0.0
3.074937455E8	0.0
3.07493806E8	0.0
