# Position (bp)	A	C	G	T	N
0.0	32.044477937172225	20.599897587850975	23.4795264215958	23.876098053381	0.0
1.0	30.630363779992788	18.86946336207483	19.774836155992475	30.71315666947576	0.012180032464146099
2.0	28.91855401504801	20.3107273148421	20.520640324146267	30.2440659396402	0.006012406323426256
3.0	28.7858328842242	20.87600533294949	20.97883705795484	29.358655422855325	6.693020161478499E-4
4.0	29.619081891037663	20.71036161969618	20.82662852532068	28.843362331298543	5.656326469377784E-4
5.0	30.204731749261875	20.320948087334344	20.440622288139416	29.033094303483498	6.035717808705287E-4
6.0	29.53075059338714	20.54529877626243	21.005998917961737	28.917681102596593	2.706097921055306E-4
7.0	29.33839983270109	20.524569991638046	20.51409085538874	29.622550095211437	3.892250606886701E-4
8.0	29.445312074037393	20.429907686017927	20.5810222603591	29.54325508592952	5.028936560601359E-4
9.0	29.553589923207024	20.46042457864562	20.63960278535701	29.346147191575767	2.3552121458329944E-4
10.0	29.61928521945687	20.40522147446835	20.639459599617602	29.335925339503817	1.0836695335965141E-4
11.0	29.576503164292767	20.448108329072305	20.499380145523876	29.47587478448492	1.335766261333633E-4
12.0	29.623781039869655	20.461634972926532	20.606638543480354	29.307798579877524	1.4686384593567427E-4
13.0	29.645423411031196	20.42105957738645	20.442696076010233	29.49036801960345	4.52915968665243E-4
14.0	29.569479100260725	20.420300783225663	20.495438394729746	29.512409159980386	0.0023725618034832942
15.0	29.52675806478373	20.454210498076435	20.593677992352692	29.425027441071677	3.2600371547210724E-4
16.0	29.51905842967706	20.462489363822165	20.586374591814018	29.431595570998077	4.8204368868426064E-4
17.0	29.45001347582526	20.449985375035933	20.593338027098625	29.506261406289035	4.017157511490664E-4
18.0	29.39386882146129	20.544372961208055	20.735601837585406	29.322869031265807	0.0032873484794413927
19.0	29.444552000637493	20.52021789782228	20.63749004303991	29.397493922754602	2.4613574570977705E-4
20.0	29.424553670164254	20.52156483266799	20.61936807380964	29.434079723122696	4.337002354167097E-4
21.0	29.439701866348795	20.545965448179903	20.665822446619583	29.34736653595439	0.001143702897328948
22.0	29.449443249654518	20.564881734157677	20.579158904272234	29.405707104151546	8.090077640264733E-4
23.0	29.467157523467097	20.50080500403247	20.549378685369106	29.482332263839066	3.2652329226217703E-4
24.0	29.41935388416386	20.57223119790165	20.660174573845467	29.347920030004275	3.2031408473844286E-4
25.0	29.43939233264902	20.556773287432467	20.60261069106607	29.400930493962946	2.9319488949884425E-4
26.0	29.357389793387366	20.567783157055388	20.61818441242636	29.456226223544807	4.1641358608078836E-4
27.0	29.36635661610832	20.593226240611642	20.708547797086705	29.331273035469035	5.963107243008452E-4
28.0	29.402857402021947	20.59164361069082	20.654347999360684	29.350299299312553	8.51688613993058E-4
29.0	29.43596695488186	20.547174953753462	20.58792276254265	29.427891290568464	0.0010440382535616105
30.0	29.37183147272434	20.617372663631	20.671312214596547	29.337122231408248	0.0023614176398693044
31.0	29.43509691709043	20.563439037064775	20.59296222657619	29.40781664202773	6.851772408726395E-4
32.0	29.395011735564825	20.581439189667396	20.60026520637872	29.42154523816519	0.0017386302238672762
33.0	29.398855127660433	20.572169152546095	20.671364543752922	29.35133286703652	0.006278309004034967
34.0	29.43772055167571	20.589712688860022	20.619651545955968	29.33615565377774	0.016759559730562385
35.0	29.40634850068646	20.54446689290181	20.582590231266405	29.46613510335798	4.5927178734801483E-4
36.0	29.36918004631584	20.618110877570683	20.680284244865437	29.331854103963835	5.707272842036673E-4
37.0	29.416281784316634	20.559383450496416	20.612342626917634	29.411240032927093	7.521053422174737E-4
38.0	29.378378802780876	20.586044036465704	20.609976302615863	29.424977277574627	6.235805629333849E-4
39.0	29.35062235061572	20.6064833399084	20.67015539249942	29.372313743750972	4.251732254927743E-4
40.0	29.37770361802578	20.628171208684787	20.639384123876614	29.354255339113767	4.8571029905598894E-4
41.0	29.37678545905642	20.56354320746881	20.591658194647316	29.467593483939154	4.196548882960917E-4
42.0	29.356222168064683	20.64192387436555	20.657757674150574	29.343789969164934	3.0631425426007965E-4
43.0	29.435847595535652	20.57948898040964	20.56215411964148	29.422134803329524	3.745010836983253E-4
44.0	29.384476203106548	20.59516741325661	20.557875600727126	29.46216101446294	3.1976844677472177E-4
45.0	29.35328727981346	20.619313192362934	20.645435836121386	29.381628616121002	3.3507558121935823E-4
46.0	29.400056977056504	20.619341361895607	20.600583257155563	29.379675556577574	3.428473147478519E-4
47.0	29.369246564608797	20.569490358372132	20.587898470617947	29.472871802737217	4.928036639118436E-4
48.0	29.38477103528223	20.63362240545084	20.64481684599805	29.33638002178155	4.096914873259568E-4
49.0	29.402930977587598	20.586432785235417	20.578834523895278	29.430721670638054	0.0010800426436520778
50.0	29.369738163060276	20.610938566292404	20.558881318794782	29.457375613031928	0.0030663388206060484
51.0	29.32662948492752	20.641600677736115	20.63335824117159	29.397424111310517	9.874848542596748E-4
52.0	29.372266964883003	20.626379650103065	20.569320245843926	29.430129941494165	0.0019031976758380675
53.0	29.33063330557965	20.578013286995628	20.556328709221887	29.533680157790315	0.0013445404125189075
54.0	29.355049094455065	20.648938157135614	20.595555392108768	29.399709807304973	7.475489955747236E-4
55.0	29.406561432124654	20.61704431039726	20.535961425019313	29.439987772565026	4.4505989373999833E-4
56.0	29.392544500208096	20.60010160214862	20.55210743391802	29.45480678053506	4.396831902030419E-4
57.0	29.375933272473002	20.611690714946164	20.574549844136474	29.437299025529928	5.271429144262846E-4
58.0	29.395084711384616	20.597955331673575	20.53885180232896	29.465518403192636	0.0025897514202075644
59.0	29.37526903337433	20.561799638930733	20.532920892097685	29.529434899019307	5.755365779474367E-4
60.0	29.36147731742695	20.623343670078278	20.582079280761572	29.432530581612497	5.691501207050761E-4
61.0	29.402176242568203	20.598104180710187	20.51490046805986	29.483687291964145	0.0011318166976087265
62.0	29.379052414783708	20.593692699321576	20.503072777629956	29.523519518002892	6.625902618681078E-4
63.0	29.37296497085037	20.60752035129254	20.558659220171418	29.45953305514556	0.0013224025401135102
64.0	29.42346225159605	20.559820004973837	20.49744737573225	29.51844684373163	8.235239662337793E-4
65.0	29.390703057869384	20.54260693618598	20.471148294561146	29.59169052200818	0.0038511893753045553
66.0	29.370727315604395	20.605255268627516	20.539896123888763	29.483425713559335	6.95578319996372E-4
67.0	29.420509267734495	20.584798795587613	20.49262852901733	29.50169054031085	3.728673497073934E-4
68.0	29.37549376645786	20.552409947798267	20.502026193100107	29.56958296279595	4.871298478152942E-4
69.0	29.37569167739358	20.58533232438049	20.528646625821406	29.50715214525127	0.0031772271532471497
70.0	29.399983773468925	20.59549411418475	20.463293563831282	29.540660837441262	5.677110737809058E-4
71.0	29.44547693205241	20.515299908725236	20.423028206199014	29.61182291685652	0.004372036166818279
72.0	29.426009927197345	20.556417507660004	20.484992603876975	29.529705679534164	0.0028742817315107506
73.0	29.45656209535193	20.523655016947703	20.434042080905247	29.584801374059055	9.394327360680951E-4
74.0	29.410743212701707	20.522897179994374	20.416106389210633	29.64997327690441	2.799411888713986E-4
75.0	29.417033119975773	20.542264281649857	20.46907391183403	29.571320972434922	3.0771410542312607E-4
76.0	29.447959542315168	20.532190339771958	20.43676566879405	29.582771377561812	3.130715570162697E-4
77.0	29.44560949128269	20.51112128912562	20.401110385217184	29.641803120517253	3.557138572634212E-4
78.0	29.415461480639554	20.54961709954097	20.492257349554055	29.542335320726053	3.2874953936906057E-4
79.0	29.458495751163788	20.528107594489345	20.427459536079173	29.585436641272793	5.004769948989296E-4
80.0	29.457911870817206	20.49754717354219	20.419459389498776	29.622540956839003	0.0025406093028244505
81.0	29.425198884656258	20.52585332872912	20.470546627236633	29.57787821035319	5.229490247932795E-4
82.0	29.471574827036935	20.520775496391586	20.412738036391517	29.593727426695043	0.001184213484917879
83.0	29.463045734696635	20.467154404393725	20.3753135232514	29.693868180258853	6.181573993910507E-4
84.0	29.46181503134288	20.519322081713952	20.444377876246616	29.572255703620918	0.002229307075628218
85.0	29.501743335389225	20.48348383524435	20.377484898948715	29.63645647701568	8.31453402028064E-4
86.0	29.49047495680887	20.454885260544334	20.375603155648008	29.677000345937838	0.0020362810609509765
87.0	29.466418027278756	20.50375671643071	20.418458291813923	29.608321145752786	0.0030458187238231386
88.0	29.498202089963137	20.49063583787242	20.387667844843303	29.622436149093723	0.001058078227407032
89.0	29.507162563623762	20.43726893202993	20.353869263857856	29.699381408412556	0.002317832075894015
90.0	29.478661251379663	20.52552815445087	20.41128499513588	29.583622237521162	9.03361512421742E-4
91.0	29.525750288197795	20.46158525670887	20.359699181545565	29.649769759422394	0.003195514125375483
92.0	29.51975667964204	20.456548097937773	20.346028734596906	29.677557097910785	1.0938991249435992E-4
93.0	29.50574876676399	20.47421146794621	20.3755935271157	29.644269201114458	1.770370596379487E-4
94.0	29.527405618809077	20.470012519162104	20.336891992832808	29.665547132108237	1.4273708777214192E-4
95.0	29.531844456577318	20.4328076491699	20.307329846520297	29.72798972636861	2.8321363875318706E-5
96.0	29.514999314461036	20.47161239480818	20.35558818598077	29.657774305667132	2.5799082877002497E-5
97.0	29.580928729831633	20.42970519577755	20.300513664021288	29.68883499911188	1.7411257649091945E-5
98.0	29.548129889234986	20.38772821790637	20.31283408000804	29.75130487548001	2.937370588631148E-6
99.0	29.519807288493322	20.43139272990504	20.336660816222498	29.712112388983204	2.677639594054367E-5
100.0	29.566047542257014	20.427384915572738	20.301257979563736	29.705261360462142	4.820214436879653E-5
101.0	29.584725592662526	20.361787346510546	20.27080225034619	29.78256574002168	1.190704590587523E-4
102.0	29.550750062186783	20.420501801907843	20.32328088948283	29.701545850266857	0.003921396155688527
103.0	29.602523208447685	20.398256338034443	20.263277158826934	29.735886828547365	5.6466143574769286E-5
104.0	29.60216657256779	20.367647788455887	20.244898369396655	29.785105984001582	1.8128557808981232E-4
105.0	29.60552723919368	20.398240453606352	20.248122803892155	29.748109503307813	0.0
106.0	29.657372843752324	20.35850849431671	20.195136566263407	29.78898209566756	0.0
107.0	29.658635348894396	20.2852594076681	20.152642490116683	29.90346275332082	0.0
108.0	29.633869936536218	20.34734514451956	20.19006524390445	29.828719675039768	0.0
109.0	29.679082150312997	20.286954905171193	20.122516252351346	29.911446692164468	0.0
110.0	29.67343529364278	20.250500716246805	20.10614326443685	29.969920725673564	0.0
111.0	29.618960513333864	20.30170833105634	20.153746123639397	29.925585031970396	0.0
112.0	29.66323108002954	20.278513414133116	20.128547359261457	29.929708146575884	0.0
113.0	29.65410929676182	20.237026699998335	20.09960757495651	30.00923815300538	1.8275277953271212E-5
114.0	29.624747204422142	20.291684225019505	20.149360985230718	29.934207585327634	0.0
115.0	29.74556894055138	20.182220243805503	20.130098523098734	29.942112292544387	0.0
116.0	29.792226837121476	20.114924308256874	20.077035549264274	30.015813305357376	0.0
117.0	29.594674131495836	20.26144846396784	20.069611924586084	30.074265479950235	0.0
118.0	29.470184194035916	20.338202578074853	20.01458320051076	30.177030027378475	0.0
119.0	29.50667748556155	20.27470659051013	20.007857487576832	30.210758436351487	0.0
120.0	29.71097014950825	20.29020581828113	20.016451147131107	29.9823684558223	4.429257210465325E-6
121.0	30.101685994445027	20.029933482609692	19.595910185661925	30.27247033728336	0.0
122.0	30.028407589700954	19.818801800574555	18.74696814086743	31.40581735341404	5.115443016036556E-6
123.0	27.187370610063493	21.222045384088716	18.810801806415064	32.779782199432724	0.0
124.0	23.843482147865	21.709205742732777	18.94661610813769	35.50069600126453	0.0
