#Position (bp)	mapping quality
384368.0	53.35179699611938
1153103.0	57.91909841023066
1921838.0	58.9757786591664
2690573.0	59.07963668069647
3459308.0	59.74972124306472
4228043.0	58.99507922686102
4996778.0	59.118625044965015
5765513.0	59.78258835657734
6534248.0	58.21730556234833
7302983.0	57.45781756378981
8071718.0	58.80818847165371
8840453.0	53.0385447429574
9609188.0	56.45650858484398
1.0377923E7	54.25367242042284
1.0801324E7	45.05758451413229
1.11856915E7	56.56904999295389
1.1915393E7	58.787401318121155
1.2684128E7	59.50797627010154
1.3452863E7	59.397411996377954
1.4221598E7	59.18603656597518
1.4990333E7	59.27389875596893
1.5759068E7	58.73817641854131
1.6527803E7	57.835459503122806
1.7296538E7	57.65392364043017
1.8065273E7	51.637923324403246
1.8834008E7	52.62536524990067
1.9602743E7	54.840617483983046
2.018777E7	48.177360341178954
2.05721375E7	46.45346971538204
2.1140213E7	47.56310999507715
2.1908948E7	53.2150462376721
2.2677683E7	58.32759300315084
2.3446418E7	57.89201204903446
2.4215153E7	59.42563488950806
2.4983888E7	58.30205480587786
2.5752623E7	57.844784978246814
2.6521358E7	59.269117601167274
2.7290093E7	55.086655525345506
2.8058828E7	53.844292316577
2.86485735E7	57.29420637987718
2.9032941E7	56.000686518590086
2.9596298E7	58.295794122309914
3.0365033E7	58.4997305727206
3.1133768E7	59.49429669558644
3.1902503E7	59.84945364119862
3.2671238E7	58.72364884214218
3.3439973E7	58.28042988267615
3.4208708E7	57.85372336899575
3.4977443E7	58.220173608682074
3.5659712E7	56.55971580330741
3.60440795E7	51.31872801950044
3.6514913E7	57.35791282949445
3.7283648E7	57.079509988389226
3.8052383E7	58.85820347277078
3.8821118E7	57.22643075196812
3.9589853E7	51.085701877286354
4.0358588E7	59.29277921243525
4.1127323E7	57.73798425319034
4.1896058E7	59.329552967802
4.2664793E7	58.70782457108345
4.3049519E7	23.52990270208577
4.34338865E7	49.64314939474175
4.4202263E7	44.260427383495575
4.4970998E7	36.2307623244982
4.5739733E7	33.456494294953906
4.6508468E7	35.47766731625627
4.7277203E7	39.810859858182354
4.8045938E7	38.91674144864363
4.8668911E7	31.415520974554425
4.90532785E7	46.71074805802699
4.9583408E7	59.07890741290329
5.0352143E7	59.34163490996235
5.1120878E7	59.425341559944634
5.1889613E7	59.347210970838496
5.2658348E7	59.496575048236224
5.3427083E7	58.77426918573976
5.38687855E7	59.78419569768279
5.4253153E7	52.7458789732713
5.4964553E7	50.676261414474155
5.5733288E7	48.42647517125614
5.6502023E7	54.54287013192572
5.7270758E7	55.054396003766364
5.8039493E7	55.9990607718886
5.85039505E7	56.23795605369002
5.8888318E7	47.158113720046735
5.9576963E7	47.34071510180344
6.0345698E7	48.5007866255576
6.1114433E7	44.82307209752421
6.1883168E7	49.14170650186725
6.2651903E7	44.275216944894474
6.3087631E7	43.14241758333432
6.34719985E7	29.763388017623
6.4189373E7	48.057026112900694
6.4958108E7	48.52937628743416
6.5726843E7	50.81212162171346
6.6495578E7	51.97373633267907
6.7140034E7	47.273973081575726
6.75244015E7	53.62822701517832
6.8033048E7	56.80839460281445
6.8801783E7	58.01613310221698
6.9570518E7	57.59819354962443
7.0339253E7	57.363368122189925
7.11040115E7	56.08148523706969
7.1488379E7	3.173232429940649
7.1876723E7	56.302308892106375
7.2645458E7	58.88366005755999
7.3414193E7	58.96953925169666
7.4182928E7	59.59255465864993
7.4951663E7	59.31777934470566
7.5358208E7	55.94003213654202
7.57425755E7	43.650646344229116
7.6489133E7	51.75267271390664
7.7257868E7	50.9410951663841
7.8026603E7	52.464685269043414
7.8795338E7	52.458466605554186
7.92080895E7	43.55658904453394
7.9592457E7	47.86368001581967
8.0332808E7	39.17419544057173
8.1101543E7	46.78109062425358
8.1870278E7	46.97260905360155
8.26063115E7	31.5890448026213
8.2990679E7	48.76216633598677
8.3407748E7	44.61801835532868
8.4176483E7	46.11390454654527
8.4945218E7	46.79271954730935
8.5713953E7	47.49116537451087
8.6362088E7	46.511877146981355
8.67464555E7	30.28228499541472
8.7251423E7	47.195382217638574
8.8020158E7	49.58063387637474
8.8788893E7	43.93340240895138
8.9557628E7	38.416044948233946
9.0098611E7	30.83521913677363
9.04829785E7	51.26157626676046
9.1095098E7	55.47265872395116
9.1863833E7	53.69753880120591
9.2632568E7	52.64281984400062
9.3401303E7	50.812655793078086
9.38242175E7	16.888681822179667
9.4208585E7	22.704850088828795
9.4938773E7	45.40914180102136
9.5707508E7	42.57821660466662
9.6476243E7	47.71068676468722
9.71220675E7	35.10040057045258
9.7506435E7	39.73144767890758
9.8013713E7	45.73752834158232
9.8782448E7	47.64365728264341
9.9551183E7	37.27892370887596
1.00269334E8	42.733978205298826
1.006537015E8	32.93293646595692
1.01088653E8	49.05462774129936
1.01857388E8	53.09371079003788
1.02626123E8	53.145735346593945
1.033545365E8	54.26977643713487
1.03738904E8	33.793210147165155
1.04163593E8	32.82073477373267
1.04932328E8	34.9597466934851
1.05701063E8	44.57139766521156
1.06347158E8	37.990289107440915
1.067315255E8	44.020405683780886
1.07238533E8	50.322053116755534
1.08007268E8	46.59782166451502
1.08776003E8	46.33043598334774
1.09309377E8	53.25439758417878
1.096937445E8	55.09885587554991
1.10313473E8	56.449464813292686
1.11082208E8	59.637466272408595
1.11850943E8	44.10970360975395
1.12235708E8	0.8944210246477536
1.126200755E8	43.07418831402265
1.13388413E8	41.031285610737775
1.14157148E8	45.09390954955285
1.147696095E8	43.13027783546303
1.15153977E8	43.58581119285129
1.15694618E8	44.76822372076839
1.16463353E8	48.03518686614335
1.17232088E8	51.161744094971525
1.17668795E8	47.55429755038449
1.180531625E8	58.217255186494114
1.18769558E8	59.16812770924971
1.19538293E8	57.97384623795569
1.2014897E8	58.907914784897784
1.205333375E8	49.66952419426735
1.21075763E8	48.115356708304915
1.21844498E8	52.575238208724144
1.225916085E8	32.78561937873785
1.22975976E8	45.58679260695853
1.23381968E8	55.33158505967283
1.24150703E8	54.08242018183582
1.24919438E8	49.94152004862751
1.253769895E8	47.87989610725733
1.25761357E8	44.08587146076133
1.26456908E8	46.01209810660187
1.27225643E8	45.83393955930951
1.277254535E8	43.04993102430261
1.28109821E8	41.62701151024421
1.28763113E8	52.10559808109334
1.29531848E8	50.38373438916012
1.300272615E8	39.52469040883517
1.30411629E8	43.009539805698104
1.31069318E8	35.161521363318265
1.31838053E8	45.58512702230074
1.322676755E8	44.99620117718854
1.32652043E8	48.75182169877093
1.33375523E8	50.23226713976017
1.34030498E8	48.23249200932641
1.344148655E8	31.300336883680746
1.34912993E8	46.35274748112701
1.35681728E8	46.79650678897656
1.361569665E8	43.505297254402635
1.36541334E8	29.291030694381377
1.37219198E8	39.37230603366996
1.37895604E8	41.117897109167124
1.382799715E8	35.95920468561403
1.38756668E8	45.14133155941264
1.39525403E8	42.77282276793053
1.400102465E8	45.29626853201677
1.40394614E8	42.7718548744902
1.41062873E8	52.70031695066711
1.417121025E8	48.10416003083985
1.4209647E8	41.69778851274397
1.42600343E8	44.254033631388275
1.43369078E8	44.99687635995341
1.437831155E8	10.256503406751484
1.44167483E8	38.230499283026454
1.44906548E8	28.41377732628752
1.45465214E8	23.643360409644988
1.458495815E8	45.8153280874728
1.46444018E8	44.23795840325812
1.47106683E8	43.090467779418866
1.474910505E8	48.41570266629149
1.47981488E8	38.44491179633021
1.48737048E8	35.80166479936532
1.491214155E8	35.9172222510239
1.49518958E8	44.745267467131995
1.50287693E8	50.107099625317396
1.50728883E8	50.98744107248085
1.511132505E8	50.82215201086362
1.51825163E8	48.739306765072755
1.52332369E8	46.02103706136122
1.527167365E8	58.19470213050063
1.53362633E8	58.97297941285878
1.5389724E8	52.78191456977726
1.542816075E8	28.079919581726532
1.54900103E8	26.47837752516822
1.55461321E8	29.60183777101528
1.558456885E8	54.973473816317664
1.56437573E8	57.108227343850395
1.57018682E8	53.094384210789485
1.574030495E8	13.870561703497023
1.57975043E8	27.40502482209374
1.585640605E8	47.914293337250776
1.58948428E8	57.212205772240324
1.59512513E8	55.722708846379334
1.6009777E8	52.29268568728492
1.604821375E8	28.356008674710544
1.61049983E8	41.64663927898922
1.616289075E8	48.33453966584965
1.62013275E8	53.09396071086152
1.62587453E8	39.808116859616526
1.631586895E8	32.17895712383434
1.63543057E8	54.82174133882413
1.64124923E8	54.770721878319954
1.64685819E8	38.9333321232857
1.650701865E8	45.623282897884074
1.65662393E8	47.32518963603085
1.66204869E8	45.69795538346245
1.665892365E8	28.734409415997124
1.67199863E8	48.16279945133207
1.67707403E8	25.61942404471873
1.680917705E8	55.97334897746822
1.68737333E8	50.31411540058475
1.69197014E8	48.06452472685144
1.695813815E8	46.629821238350154
1.70274803E8	41.26767493073695
1.706842435E8	43.23533354173772
1.71068611E8	48.80912250604741
1.717757825E8	46.22632664840509
1.7216015E8	40.27291681725819
1.72581008E8	55.05881972407186
1.732448375E8	54.19793544248199
1.73629205E8	46.13049113814183
1.74118478E8	39.51955677038427
1.7470787E8	37.73513902924933
1.750922375E8	39.59050203060212
1.75655948E8	43.095992336290735
1.761671155E8	27.45144635005689
1.76551483E8	46.414467035494255
1.77193418E8	49.611929565164
1.775981795E8	21.907182775497425
1.77982547E8	58.360749973529444
1.786433205E8	57.630803449501144
1.79027688E8	46.20496803396968
1.79499623E8	46.66488420550185
1.80059845E8	51.95295855039956
1.804442125E8	48.76262107328248
1.81037093E8	51.14901635086465
1.814629515E8	29.408539665200472
1.81847319E8	27.508008737181875
1.824697645E8	31.681320904394
1.82854132E8	53.516729444061234
1.83343298E8	36.8362444168372
1.83845386E8	47.59877961775806
1.842297535E8	25.131491244708062
1.848263935E8	39.6595378610215
1.85210761E8	39.83344214087427
1.85649503E8	54.20703363556964
1.861815255E8	56.823547048164585
1.86565893E8	37.83857560393451
1.871516995E8	39.82846971702344
1.87536067E8	48.01339259596187
1.87955708E8	47.262993240895554
1.88487033E8	42.555605545926475
1.888714005E8	34.26978512099242
1.89437117E8	48.26317001161596
1.898214845E8	46.020955081020006
1.90261913E8	47.73972216659797
1.907655555E8	50.74071045152347
1.91149923E8	47.67121961439376
1.917006725E8	45.79473274458382
1.9208504E8	48.62514132735412
1.92568118E8	47.00903870949003
1.93014003E8	54.85629106277326
1.933983705E8	29.916480566681074
1.939421735E8	33.80858466597079
1.94326541E8	39.15076517851442
1.948700135E8	37.53075422229868
1.95254381E8	36.16867891711185
1.95643058E8	49.01656601982644
1.96173218E8	40.70509013905692
1.965575855E8	36.63181670675971
1.970859405E8	36.68979831397405
1.97470308E8	28.585453153247276
1.97949263E8	38.6908263309254
1.98379719E8	25.984763047260508
1.987640865E8	28.08808061453019
1.99284827E8	33.01236160138636
1.996691945E8	29.184327874359884
2.001689555E8	31.196856753210117
2.00553323E8	39.921836926307854
2.01024203E8	37.91998396468238
2.0143258E8	30.128963996829786
2.018169475E8	34.04850089355362
2.023091665E8	39.76187313011407
2.02693534E8	39.246938838241846
2.03168465E8	47.96573056285692
2.035528325E8	25.053982356935485
2.04022535E8	34.70900018611208
2.044069025E8	35.60384552430653
2.048603755E8	37.66454381745297
2.05244743E8	2.6009211160499115
2.05636613E8	47.410335190268476
2.060816995E8	33.70936966378869
2.06466067E8	51.21649211941345
2.069158215E8	32.30939320617383
2.07300189E8	48.34582759238111
2.07743072E8	40.64690450364071
2.081274395E8	42.390369138716096
2.08563085E8	36.98665737791453
2.089474525E8	34.97833913069679
2.09377998E8	49.71319485482813
2.097623655E8	31.86091963951513
2.101865875E8	23.119326238179042
2.10570955E8	31.292804902870373
2.10991954E8	47.64132397149457
2.113763215E8	21.691812128759135
2.117807295E8	43.829566896754734
2.12165097E8	33.62293280649959
2.12555228E8	38.52475280131417
2.12951007E8	33.69963578126211
2.133353745E8	28.45425335392682
2.137362725E8	37.00677486122056
2.1412064E8	31.68123242003267
2.145168735E8	29.792375320415204
2.14901241E8	57.625574356342746
2.15295174E8	58.73696770221325
2.156795415E8	41.76590085107394
2.160708055E8	5.901805708278103
2.16455173E8	42.35087476914197
2.16845987E8	15.464104628834871
2.172303545E8	56.40555764897715
2.176193275E8	58.098070595086575
2.18003695E8	38.509724149362505
2.183870575E8	31.02430080332475
2.18771425E8	39.992327669638414
2.191437085E8	41.268600304303575
2.19528076E8	47.21205297659519
2.19895419E8	33.01833105853807
2.202797865E8	43.249609686096
2.20645687E8	36.1789674801033
2.21025053E8	47.56957856646167
2.21390679E8	50.236877263298524
2.217493495E8	34.42025897742724
2.22133717E8	30.89634060058421
2.22491112E8	32.27019007514519
2.228754795E8	34.23165226324645
2.232300165E8	39.06649181674327
2.23614384E8	22.105186352725614
2.239617555E8	27.741988082934427
2.24346123E8	55.255695930073855
2.2468963E8	40.81528054638569
2.250739975E8	25.72718351458445
2.254154375E8	32.58387910783984
2.25799805E8	32.08984349105351
2.261404185E8	35.206784439310496
2.26524786E8	57.18799515386833
2.2685767E8	58.68133886859817
2.272420375E8	35.67299330589074
2.275674865E8	11.812372435612733
2.27901798E8	48.03449840182016
2.282642395E8	38.20482932333884
2.28575658E8	46.332484363080674
2.289600255E8	43.317784905644594
2.29270193E8	46.112174750730524
2.296545605E8	36.86856059040783
2.299644725E8	42.44275731530202
2.3034884E8	29.47947345291548
2.30655893E8	27.801699091963833
2.309973965E8	42.57337492671332
2.313463715E8	33.557668340749146
2.31650276E8	32.54652886224705
2.320346435E8	25.186860521271715
2.32330417E8	50.62180192645245
2.327147845E8	32.44038901454037
2.33008396E8	30.448680400646296
2.333832675E8	42.03209051095777
2.336859445E8	10.34808654436935
2.33975938E8	48.597482998108305
2.343603055E8	48.071148359820036
2.346438945E8	54.93600700585886
2.35028262E8	39.502850408100976
2.353116695E8	28.418764910749307
2.35668032E8	43.399862699383426
2.359736405E8	43.632102438735984
2.36248209E8	46.93290492642624
2.366325765E8	45.520173520395986
2.36905892E8	46.41597569757161
2.372902595E8	41.99257295834695
2.375596255E8	42.065446925394895
2.378457775E8	27.567092315398746
2.38209635E8	38.18751711190697
2.384723095E8	39.325554486012535
2.38856677E8	31.60456604685604
2.391161115E8	35.200532266665356
2.394117615E8	44.369666159326734
2.39756603E8	58.64872236219156
2.40012063E8	56.917928396798494
2.403964305E8	22.177501291335556
2.40651522E8	21.236168424574597
2.40935513E8	37.0197615776075
2.41282414E8	26.73353972033804
2.415260005E8	27.149146549869496
2.41910368E8	56.59187699479553
2.42153892E8	32.742671663766565
2.423992835E8	32.95304071869774
2.427812845E8	48.85178598910362
2.430194555E8	37.94095472295824
2.43354977E8	49.79003542573296
2.436401495E8	30.188809430895088
2.43875304E8	48.05513783231527
2.442596715E8	48.45020479142531
2.44494215E8	39.01333906972651
2.447631205E8	47.829989237705895
2.451110035E8	27.98406746091032
2.45340206E8	29.848119725838764
2.45672164E8	53.362299296915765
2.45942791E8	24.85486064927398
2.46158155E8	33.64644501816673
2.46536439E8	52.73506674036345
2.46757852E8	25.56563948070516
2.469695205E8	29.378042013308846
2.47353888E8	39.291910005527065
2.47564574E8	41.39541100678242
2.47805319E8	22.465330680493203
2.48157783E8	48.970582523607966
2.48365893E8	48.038642629711894
2.486381075E8	42.64115550923838
2.489579875E8	32.85827398154945
2.49165224E8	33.545808534126905
2.49467076E8	38.30553795886697
2.4975636E8	46.918474013123365
2.499626485E8	43.648512347287586
2.502879155E8	39.23631227737143
2.5054851E8	27.84651811257174
2.507484705E8	34.571348537547564
2.510885645E8	46.84578084353596
2.51332072E8	33.0352943569714
2.51527848E8	22.197840157444965
2.51873065E8	33.22553161319918
2.5210593E8	53.64673092367102
2.5229909E8	48.68195631062884
2.52643082E8	26.45616429305441
2.5287344E8	53.19792574854953
2.53058026E8	53.962929976897954
2.5338655E8	31.656528224145383
2.53626707E8	39.67283268965226
2.53810996E8	32.71633744851031
2.541215335E8	29.422660380181938
2.543774555E8	25.366643481785438
2.545591305E8	32.5417809953792
2.54848343E8	46.3904579275882
2.551248655E8	38.9741013080771
2.553049575E8	45.14543913262297
2.555674465E8	26.719009107081902
2.55866877E8	41.516369514998985
2.560427725E8	32.828277148676776
2.562705875E8	38.893346076323155
2.56600938E8	25.408771654166937
2.56774153E8	40.35033156528406
2.569624935E8	38.44214572845816
2.57304699E8	54.96660541929609
2.57500726E8	34.27509522433685
2.576711905E8	25.914645655085316
2.57986484E8	42.03740997558763
2.582258865E8	58.43535505282492
2.583930965E8	46.29820492027075
2.586566015E8	46.69993407186654
2.58942833E8	36.324490485380295
2.5910475E8	32.93693397806619
2.593058495E8	46.36397404146603
2.59625725E8	41.00166221834028
2.59808993E8	43.295332739398404
2.59968316E8	30.03874543988782
2.60263454E8	37.151530736332575
2.60511936E8	46.88040027096523
2.60669987E8	45.405947140191664
2.60895678E8	43.8454541130169
2.61207803E8	36.56319398953178
2.613664795E8	53.96497752325024
2.61520696E8	44.82568622912073
2.61824593E8	56.4543063798504
2.62058165E8	39.16345040982004
2.622109925E8	37.85262327044722
2.624361765E8	59.0225230462458
2.627407855E8	21.719886216467653
2.62899969E8	25.08355260159199
2.63050826E8	32.46312060547749
2.633441895E8	38.51387233033923
2.635851015E8	21.254290291188795
2.63733667E8	7.355762663966276
2.639380475E8	43.642171039555286
2.64231582E8	34.0353875292086
2.64411569E8	34.800680000950315
2.645558915E8	18.15372547259562
2.648102425E8	44.14119729292311
2.65083559E8	33.27056888359607
2.65224529E8	52.50960979090061
2.653750005E8	40.602724814452564
2.65651351E8	32.95045325934452
2.65885247E8	38.56792958744346
2.66021552E8	39.20079128125286
2.66196816E8	41.69001652003762
2.664682985E8	34.03466109293499
2.66677402E8	27.428492253875998
2.668104465E8	19.502957042634065
2.670024795E8	41.77200313397754
2.672676815E8	11.710335362244564
2.67460016E8	31.29375733492557
2.67590504E8	19.28144224220851
2.67790844E8	31.19525643616014
2.680494615E8	29.772869422625238
2.68233489E8	43.24384092012586
2.683623315E8	38.230587743452
2.685626535E8	45.32005892457255
2.688141505E8	40.064990430398225
2.68998196E8	31.23690327736496
2.691212125E8	33.94725728925438
2.69305491E8	26.164200384254197
2.69544969E8	39.00724862543112
2.69745058E8	33.73622464793422
2.698635095E8	45.97424454935906
2.700194335E8	42.28624820940585
2.7025476E8	35.224430450462094
2.704832035E8	48.716589989105216
2.706000615E8	55.42734341920438
2.707192135E8	26.608345509154656
2.70946674E8	35.29111186384837
2.711728175E8	27.609827574747168
2.713243835E8	13.02176602687128
2.714361945E8	28.904454847052882
2.71620605E8	45.18881675133898
2.718435565E8	48.059140098103356
2.720435135E8	33.22570328226824
2.721547675E8	16.67091661343779
2.722872195E8	28.141835481858948
2.725064275E8	36.421677566326395
2.727249785E8	32.7852054143364
2.72867561E8	43.3251581312223
2.729767215E8	33.54135113733904
2.731596875E8	25.75111118036151
2.733731465E8	17.054972519350336
2.73574548E8	24.450100635809978
2.736806165E8	10.624617153970123
2.737972355E8	45.47491937002581
2.74008185E8	27.256447447669093
2.7421821E8	32.36220290364126
2.74380672E8	52.01757342403934
2.744841805E8	44.47769444447963
2.746317545E8	28.544861672665938
2.74835029E8	36.519268169047685
2.750368585E8	47.63864116388514
2.751721665E8	15.648687453834727
2.752717585E8	34.07572293320721
2.754346305E8	53.81718475555161
2.75629477E8	49.13611099069486
2.75822252E8	49.69474203511709
2.75947145E8	26.48028120622671
2.760430425E8	25.53842863916548
2.762057895E8	46.99237212479457
2.763968555E8	45.84079635738898
2.76587426E8	30.867390824108483
2.767135505E8	28.447930625939605
2.76808458E8	31.984095003175124
2.76967139E8	52.73836994706961
2.77156076E8	28.862452907672257
2.773432765E8	34.75241986531615
2.774748495E8	27.353132708677215
2.775673295E8	32.74153898651513
2.77713495E8	19.747653166447392
2.77897569E8	33.579123011636135
2.780813245E8	20.50958458431137
2.78227624E8	39.5124823205648
2.78318713E8	23.534312002412243
2.78445831E8	44.70748458691061
2.78624475E8	33.829880960823296
2.78799759E8	36.28870108525629
2.7896884E8	49.5547010045406
2.79055951E8	7.257532765842454
2.791480645E8	46.52717810222631
2.793219045E8	21.934308460177537
2.794951505E8	22.031491463203373
2.796670295E8	41.12160260818337
2.797860375E8	40.44140477726484
2.798713395E8	46.958797897640345
2.80007599E8	41.06521507510984
2.801762495E8	49.308678800600255
2.8034403E8	42.6797113948854
2.80507948E8	38.79937328493502
2.805915035E8	34.318021076455196
2.80677891E8	23.981960291731255
2.80844071E8	34.65982418416951
2.810100155E8	34.21776188896543
2.81175222E8	33.996220154142904
2.813072575E8	30.10241041072433
2.81389511E8	36.274196228917724
2.81503931E8	29.169745863926252
2.816671245E8	28.182278726857373
2.81829173E8	40.13644437695551
2.819906385E8	43.97847525330064
2.820985375E8	33.586283868755004
2.821788915E8	29.01533957747771
2.823119855E8	29.751019264350745
2.82471554E8	41.88477179241433
2.8263049E8	40.83591318945437
2.827887405E8	56.67329419715694
2.82881078E8	9.360333265596424
2.829592085E8	25.142747207905686
2.831008305E8	47.433077255535316
2.832545715E8	35.881572730895485
2.8340819E8	42.903446962800466
2.8356106E8	23.983464095621677
2.83650187E8	11.061225430516728
2.837259075E8	25.067742756053004
2.838639935E8	42.27845248730957
2.84014566E8	2.4536412892299992
2.841642325E8	29.020850703685735
2.843131325E8	26.998274643302267
2.844097475E8	29.015181190527294
2.844837785E8	35.13434854797313
2.84609444E8	35.22890235430296
2.847568575E8	32.74827140234378
2.84903889E8	44.65426908357733
2.850507725E8	21.975598602690965
2.85162443E8	24.461416694015973
2.85235427E8	23.09178273136225
2.8534268E8	25.36453710166063
2.85486983E8	31.67773990558336
2.85630282E8	22.394294148830525
2.85773144E8	52.80693074036882
2.859069595E8	22.126303617212944
2.859767315E8	37.69962410963713
2.86052856E8	27.063149198676708
2.861903485E8	51.1711908395246
2.86326707E8	51.61250781874095
2.86461012E8	38.36340504065062
2.865942015E8	37.90439691003498
2.866994605E8	9.771121225804842
2.867650045E8	7.978809284403886
2.868562865E8	29.05764412178782
2.86985097E8	31.174313418740212
2.87113018E8	45.046912401024514
2.872400565E8	35.84545535032839
2.8736678E8	34.506700042075835
2.874684495E8	31.337829300364252
2.875308515E8	47.479555286682974
2.876171135E8	18.57012093108192
2.877417145E8	34.38573957152879
2.87865989E8	34.72137728627732
2.87989856E8	36.20501802863621
2.881135245E8	39.72056847569728
2.88225463E8	27.251600056831652
2.882869705E8	27.538528078923896
2.883595355E8	44.41115804819595
2.884818635E8	54.244448094597324
2.88604014E8	45.22888138443149
2.88725668E8	32.62671966247588
2.88845977E8	39.77260037999349
2.889652565E8	48.691552984689245
2.890345995E8	39.855709364234265
2.89094055E8	16.329173950345076
2.892031115E8	41.917228823264544
2.893211245E8	27.17346669605344
2.8943711E8	38.78420239931182
2.89550763E8	41.59681000823531
2.896633655E8	28.658588756935263
2.897663725E8	41.070655298766184
2.898226395E8	41.74394963410479
2.89887659E8	31.800006477123418
2.899984115E8	40.562766563782105
2.901089365E8	50.96360396104356
2.90218437E8	29.184809696744107
2.903262345E8	40.73790682766376
2.9043256E8	31.667629547778997
2.905335855E8	10.568637923120123
2.905862925E8	53.19048239895697
2.906432345E8	23.28582978097898
2.907479405E8	36.36901745527059
2.90851896E8	24.042186130024668
2.90955247E8	25.793639202673212
2.91058116E8	49.85362866579478
2.91160204E8	25.07236354307944
2.912615545E8	29.171109757639137
2.91331315E8	27.322788731733947
2.9138107E8	29.355820878603442
2.91461273E8	32.75720343617124
2.91559725E8	3.1757474791758002
2.91657178E8	33.396788549576364
2.917545145E8	20.950956629556735
2.91851644E8	26.581952777387254
2.91948596E8	3.6186477667158563
2.920451375E8	29.911201472469518
2.9210626E8	45.58299389400111
2.921538905E8	58.278951057684466
2.922360205E8	23.489592004044077
2.923310645E8	34.69641569347855
2.924255295E8	32.2223245157086
2.925187585E8	29.282288698737368
2.92610929E8	6.559871818269654
2.92702327E8	32.985383115886215
2.92792108E8	24.35574781740429
2.928622145E8	36.70114370959722
2.929062585E8	36.87368541308335
2.92967363E8	39.56864283962942
2.930529085E8	25.630702100928566
2.931380435E8	15.245074215368833
2.9322235E8	23.324759984367965
2.93305647E8	10.943447493940106
2.93388439E8	25.851805356836635
2.93470965E8	34.61729183037237
2.935531875E8	33.14108037444365
2.936254925E8	4.45395336982185
2.936664795E8	3.9888831401283684
2.9371692E8	27.865239925387147
2.937980535E8	26.610732706256794
2.938782955E8	45.14163253846079
2.93957456E8	58.94660526376494
2.940359865E8	24.396501360674428
2.94113718E8	42.733277309155746
2.94190606E8	38.23667858228988
2.94267212E8	1.6260711351097548
2.9434356E8	11.793267247820673
2.94403587E8	35.16930079111476
2.944416325E8	25.648989685236465
2.944955125E8	27.95576578200761
2.9457076E8	33.3357244924621
2.9464554E8	24.53238226367799
2.947198625E8	37.211881826609165
2.947938495E8	2.5198472732512065
2.94867693E8	37.61137761812255
2.94941437E8	23.844974199016637
2.950150255E8	26.193246535556106
2.9508846E8	38.72268529054028
2.951596985E8	21.819902377780057
2.951959055E8	26.70515074838101
2.9523318E8	5.575474652865815
2.953042615E8	4.6177913927965974
2.95375117E8	16.620899217355102
2.95445692E8	36.7067807391842
2.95515887E8	50.25193656985109
2.955858525E8	0.9444380911091046
2.956554665E8	45.634532879590225
2.957244435E8	4.093039825646375
2.957929165E8	33.01418384710119
2.958609135E8	4.363709466658626
2.959283655E8	21.99681841646561
2.95962472E8	6.268967661691542
2.959959795E8	7.533690556499612
2.960623185E8	9.22592963677799
2.961285905E8	43.9139518170261
2.961944545E8	29.98810184419321
2.96259386E8	34.5796632057441
2.963231915E8	39.2156261913611
2.963866495E8	42.49958841176905
2.964495135E8	32.12616266116346
2.96511883E8	3.7578548450143083
2.96574108E8	6.797351553917301
2.966360135E8	43.338064275425445
2.966975155E8	9.890863981898656
2.967299425E8	45.97899938233478
2.967605265E8	28.747736028522606
2.968197085E8	24.227859532459004
2.968803715E8	28.766085318664345
2.969406465E8	29.060215354380887
2.970003935E8	21.82932668504774
2.97059853E8	57.99069251299956
2.971191925E8	43.620185180114454
2.971783685E8	29.455733460868732
2.972373605E8	27.575766999416047
2.972962345E8	21.599805027002212
2.973550285E8	30.03334541927529
2.974136535E8	33.49876077101874
2.974716695E8	4.734780388151175
2.975006415E8	0.0
2.975297915E8	36.80182934895587
2.975874835E8	31.930070461934314
2.97644944E8	15.691420296298233
2.977022745E8	30.691816770488927
2.977593955E8	25.60492028643536
2.97816386E8	39.54103432734366
2.97873337E8	25.373874188863653
2.97929694E8	46.82311631093128
2.979853355E8	18.026883341836136
2.98040566E8	41.67829425018777
2.980954345E8	9.68503822623623
2.98150189E8	42.387591360569715
2.982045775E8	27.506979302530862
2.98250394E8	13.762902359968198
2.98277297E8	12.145299879062962
2.98312184E8	10.456383285959658
2.983655255E8	5.8480506497834055
2.98418571E8	39.88940604247555
2.98471025E8	19.696332983889945
2.985229515E8	39.62693213574366
2.98574718E8	32.99132173971999
2.98626245E8	7.072226555639762
2.986775555E8	39.64423565545788
2.987287515E8	29.850473500741742
2.9877965E8	52.5155926699547
2.98830158E8	23.182613101768347
2.98880377E8	6.294861612150241
2.9893041E8	32.3332222175924
2.989803155E8	50.43946502427516
2.9902156E8	30.747384806529237
2.99046443E8	27.167891522616706
2.990795815E8	42.35346199924507
2.991287095E8	21.457528460489325
2.991776335E8	28.190867004387133
2.99226409E8	27.358509402918735
2.992750675E8	2.5693044495182935
2.99323612E8	23.789242614777063
2.993721015E8	40.345669219692056
2.99420364E8	24.082025138305596
2.994682855E8	22.966681420999535
2.995160355E8	37.598750435710286
2.99563736E8	28.919728399324875
2.99611366E8	34.8044239636497
2.99658856E8	13.24174436762445
2.99706222E8	27.285222953123544
2.99753043E8	27.25908409346495
2.997914265E8	28.931551093470308
2.998145535E8	30.736439138333765
2.998454455E8	28.626380336504152
2.998912785E8	49.33374722368608
2.999369015E8	4.546741307922971
2.99982407E8	17.27498173800119
3.000278035E8	13.307543989014798
3.00072936E8	26.682857786665917
3.001178095E8	6.694502965990622
3.001626E8	3.978342263676655
3.002072585E8	38.52127517992363
3.0025153E8	35.620756045435
3.002951105E8	30.445798632087683
3.00338256E8	36.767033875277384
3.00381246E8	29.552291913765437
3.00424041E8	28.25056555987208
3.00466617E8	28.62600855793978
3.00509036E8	22.26109964507838
3.005513965E8	28.825322623662178
3.005739685E8	25.22999117906498
3.0059498E8	36.02569628460809
3.006355E8	42.94551994134492
3.00677186E8	2.7055502244128977
3.00718655E8	27.362734405607736
3.007599975E8	42.450312572755664
3.008009635E8	42.9941990339707
3.00841504E8	47.57951708559001
3.00881871E8	18.288810648838105
3.009221625E8	19.235787662553435
3.00962411E8	23.451373544625163
3.01002529E8	6.615118716034149
3.010424755E8	29.065660643473283
3.010823325E8	39.140492851165355
3.011221535E8	30.406630433648722
3.01161883E8	6.6025375400016415
3.012013185E8	26.498922600798288
3.01240271E8	6.759052560757796
3.01278813E8	33.93793182950683
3.013171725E8	24.945456520322377
3.013402245E8	30.646083696423144
3.01359325E8	39.539731396267456
3.01393599E8	30.324675050362902
3.01431711E8	5.6961913455562465
3.014697935E8	20.83352545481559
3.015075635E8	32.2280101931237
3.01544826E8	28.083568467074475
3.015818905E8	13.562739612475392
3.01618727E8	41.87324758224674
3.01655231E8	1.898143985614283
3.01691575E8	13.094725603981196
3.01727817E8	57.826625957574905
3.017639465E8	10.296023034011156
3.018000005E8	26.170533707970545
3.018360275E8	15.115603891355354
3.018718265E8	39.33754277531935
3.019074095E8	4.288077581289219
3.0194275E8	45.83844354357273
3.01977819E8	4.891579761253701
3.020128525E8	23.970183414328265
3.02047874E8	4.460806223238199
3.020828745E8	10.283557712918594
3.021066125E8	6.412029491656965
3.021240165E8	9.20264268221528
3.0215234E8	32.951353702202404
3.021865385E8	26.20429085878713
3.022202135E8	26.283951317589075
3.02253491E8	8.608903161411268
3.022863395E8	41.67838939291306
3.02318457E8	10.836642922519799
3.023501625E8	7.732203938713138
3.02381257E8	24.02828207306712
3.024117055E8	26.56551150129088
3.024418645E8	25.307112556561087
3.024718665E8	35.699358992993986
3.02501802E8	24.84442575140156
3.0253152E8	34.70566097778639
3.02561013E8	4.909893041076898
3.025904035E8	5.561547404424525
3.026196635E8	43.73414185606365
3.02648696E8	0.607353312085846
3.026774925E8	25.861149967943113
3.0270614E8	35.79064380875093
3.0273473E8	35.71723523260792
3.0276322E8	21.04428978399625
3.02791553E8	4.133145477475766
3.02819683E8	30.305734176849526
3.02847463E8	37.782547604050585
3.02871419E8	27.75226312149389
3.028851665E8	21.801637634831366
3.029023805E8	32.43667529989095
3.02929608E8	18.851610742620892
3.029566585E8	36.84546083367351
3.02983539E8	48.81256854875168
3.030103E8	33.096918837912945
3.03036936E8	45.26435056415639
3.030633795E8	23.978903577311314
3.03089659E8	50.543809568838824
3.031158375E8	27.932013981399894
3.03141897E8	20.034315772931976
3.0316784E8	4.104913481084833
3.03193613E8	34.47040918880115
3.03219033E8	49.62553012109754
3.03244142E8	32.05614836120805
3.03269183E8	34.231472121101014
3.032941495E8	26.266567569909242
3.03318984E8	38.74345062583381
3.03343729E8	10.29749896505417
3.03368407E8	27.421518792663544
3.03392961E8	26.160705889355118
3.034173935E8	1.4529470034670628
3.034417695E8	46.534428413251256
3.03466092E8	25.353480850999894
3.03490315E8	19.32852603882242
3.03514472E8	36.314120030741286
3.03538466E8	10.38133201339596
3.035622675E8	40.39818285813043
3.03585904E8	32.531632308405705
3.036094165E8	7.416012215211002
3.03632882E8	45.918290307912734
3.036474595E8	31.313461459149586
3.03659146E8	30.318620640518684
3.036795675E8	10.873816133893868
3.03702759E8	46.402016097974276
3.037259045E8	28.202814437907456
3.03749014E8	37.93547919576273
3.037721115E8	24.050995750877128
3.03795153E8	16.09307993200762
3.038181055E8	8.170049079705919
3.03840977E8	46.96373691803879
3.038636995E8	39.6475367294794
3.038862345E8	33.19542096831613
3.03908542E8	36.48438918683341
3.03930611E8	30.17338846320387
3.039525865E8	2.54289004452203
3.03974351E8	33.70890247414488
3.039958025E8	14.80264929320127
3.040171415E8	5.673238381167396
3.04038313E8	37.59061705677796
3.040591685E8	31.161535047011824
3.04079863E8	27.308441781056732
3.04100481E8	44.03700427127567
3.04120937E8	26.648923132954693
3.041411265E8	31.75505366726297
3.04161089E8	8.036626375014182
3.041809935E8	35.48843305590144
3.04200889E8	9.70377396962739
3.042207195E8	36.57851082085995
3.042404435E8	26.766190171249146
3.04260093E8	13.283903935432011
3.042797115E8	30.36291891532599
3.04299283E8	4.304891597625623
3.043188045E8	32.27287685426381
3.0433822E8	2.5665316297912124
3.04357514E8	39.72331584604771
3.043766445E8	8.34170081967213
3.04395624E8	2.5744156391555113
3.044120845E8	12.905559786747906
3.044215395E8	25.44179104477612
3.044334495E8	24.355123144163926
3.044520715E8	28.037548599869897
3.04470397E8	33.442956269993765
3.04488589E8	34.52529136415743
3.0450666E8	19.23793607009573
3.0452464E8	8.516986116230495
3.04542522E8	12.701585924916367
3.04560353E8	22.850193508291195
3.045781455E8	41.280844320744364
3.045958945E8	3.7834996067392472
3.04613409E8	20.36771804968668
3.04630615E8	31.92881743780136
3.046477165E8	22.9026681937728
3.04664782E8	29.373992675038323
3.046818275E8	7.470746314496314
3.04698855E8	45.97506279153211
3.047157445E8	19.38391313766319
3.047322845E8	38.98723761373057
3.047485745E8	4.174570165001983
3.047647915E8	15.632489934708431
3.04780937E8	7.6169907016060865
3.04797045E8	25.841305912459347
3.04813105E8	51.75183384678417
3.04829099E8	10.41095890410959
3.04844809E8	8.75859376475848
3.04860144E8	13.211242901258602
3.04875228E8	46.00516343222265
3.048899345E8	14.370610838743872
3.04904393E8	30.358004834425522
3.04918797E8	3.5104935471900385
3.04933121E8	20.90618338167384
3.049473325E8	3.9331342185284983
3.049613855E8	42.59664737942932
3.049753525E8	2.1361373680816595
3.04989176E8	16.279685134726005
3.050028535E8	16.139735112769756
3.050165075E8	27.137650083205592
3.05030149E8	26.877152865622264
3.05043766E8	7.157732174641398
3.05057328E8	11.465700018782456
3.050707775E8	18.39500342752685
3.050840815E8	2.507216005693725
3.050973185E8	1.4494172494172495
3.0511055E8	20.244199051279743
3.051237565E8	3.0151620069823135
3.051369355E8	5.088073992636531
3.05150043E8	34.267506633986265
3.05163013E8	28.638791307862096
3.05175888E8	38.22815622519853
3.05185055E8	6.224899598393574
3.051914585E8	27.241458512776344
3.052015075E8	22.342794849644164
3.05214187E8	1.8059367396593673
3.052267085E8	36.40079219329517
3.05239162E8	33.395946103495945
3.052514665E8	25.584935268732835
3.052635855E8	4.022172949002218
3.05275651E8	38.30969571549015
3.052876965E8	11.3490646388497
3.052997075E8	30.379915171047028
3.05311672E8	22.529843490261268
3.053236175E8	34.12067583217032
3.053355615E8	30.383401102652684
3.05347491E8	34.055871772323925
3.0535937E8	18.66037361351884
3.053711045E8	2.4203821656050954
3.053827095E8	28.41025744982769
3.05394203E8	37.85429994878242
3.05405586E8	43.2516411193449
3.05416915E8	3.525133874589739
3.054282015E8	8.338097028958256
3.054393975E8	3.809497506161057
3.05450508E8	30.893723809749282
3.054616145E8	28.088385809697286
3.05472713E8	18.460224304808726
3.054837595E8	48.21845190150643
3.05494683E8	39.21794213719085
3.055054885E8	24.060411230560483
3.055161465E8	2.4860373174915282
3.05526661E8	14.379444405174242
3.05537127E8	5.774039412004904
3.055475015E8	33.43425814234017
3.055577785E8	11.695943587862084
3.05567969E8	3.6579658206520285
3.05578E8	19.138981329036326
3.05587934E8	40.61148016467066
3.055978485E8	20.289629533311267
3.056077465E8	6.899629602192755
3.05617534E8	45.3922226784981
3.05627204E8	34.26764176005374
3.0563683E8	30.286256643887622
3.056464125E8	31.15826357796379
3.05655943E8	18.74339851710532
3.05665429E8	0.8185595567867036
3.056749135E8	52.54640985617126
3.05684391E8	35.15775573407115
3.056938605E8	46.97222024582437
3.05703288E8	22.76402259527409
3.0571261E8	23.203751772445163
3.057218545E8	4.073627419866709
3.057310705E8	23.687232524964337
3.057402675E8	31.862896821356575
3.057494535E8	14.128084415584416
3.057585785E8	29.355001162160068
3.05767648E8	6.812549272557873
3.05776642E8	44.9232305991427
3.057855425E8	24.117410041226936
3.05794349E8	23.29802197802198
3.05803082E8	17.397798368575277
3.058116615E8	29.44602012808783
3.058200515E8	36.95881254892515
3.058282875E8	32.876785865246426
3.058363865E8	53.48603541272486
3.058444065E8	42.80882149696934
3.058523285E8	20.80325894157202
3.058601015E8	5.117808881515876
3.058677105E8	2.7
3.058752425E8	56.76298504650255
3.05882709E8	18.575258906726546
3.058900985E8	32.46542932563821
3.05897348E8	35.90697406007445
3.059044835E8	0.74090407938258
3.059115865E8	0.39606290788488285
3.059186575E8	17.179386205721425
3.059257075E8	30.575068870523417
3.059327345E8	18.686124465589806
3.059397415E8	1.1099059677869845
3.05946737E8	22.532790217954886
3.05953382E8	3.3966733098267667
3.059568435E8	3.3449715370018978
3.059606085E8	2.3810258387967607
3.059675075E8	28.31336405529954
3.05974393E8	0.0
3.059812595E8	30.72092643274376
3.0598811E8	9.828661598049061
3.05994947E8	6.910231900922617
3.060017745E8	2.927716173418339
3.06008546E8	33.82988173893732
3.06015243E8	6.856404136833731
3.06021916E8	2.1499004456243482
3.06028584E8	12.425003376325208
3.060351805E8	1.6297840090943538
3.060416715E8	52.09595584075517
3.06048088E8	13.740026075619296
3.06054431E8	28.672790990656836
3.06060702E8	30.103369642675354
3.06066934E8	10.853666264434843
3.060731045E8	14.218469656992085
3.06079204E8	2.1384455239417073
3.060852755E8	52.24815162680924
3.06091306E8	20.243243243243242
3.060973105E8	21.880660397798675
3.06103308E8	34.91875752972605
3.06109298E8	25.1000513478819
3.06115231E8	40.417227374674184
3.06121083E8	0.0
3.061268995E8	56.48432047980558
3.061326905E8	25.936947935368043
3.061384525E8	20.211846474379843
3.06144196E8	0.0
3.06149915E8	26.981327010204513
3.061556135E8	30.333992256293804
3.061612865E8	32.23925886603764
3.061668935E8	19.128499972815746
3.061724375E8	32.5106258196797
3.06177958E8	0.0
3.06183465E8	23.47577442414615
3.0618895E8	38.076405892727614
3.061944175E8	27.854169910218484
3.061998695E8	54.688388712885875
3.062052965E8	0.0
3.062107035E8	18.793579963619067
3.062160895E8	40.78127174064283
3.06221455E8	3.629959115687462
3.062267975E8	23.169296375266523
3.062321055E8	0.0
3.062373925E8	0.0
3.062426715E8	0.9649370665296686
3.06247945E8	34.800342465753424
3.062532015E8	0.0
3.062584425E8	49.88050593587041
3.06263673E8	27.6202976693336
3.062688905E8	49.28029357348254
3.06274102E8	39.46606453301918
3.06279276E8	30.97910977692028
3.062844135E8	37.465086958134016
3.062895485E8	9.803850782190132
3.06294667E8	6.0
3.06299761E8	3.101980116218226
3.063048415E8	5.199779943414021
3.063099165E8	50.475371791732755
3.063149815E8	0.0
3.063200175E8	5.3426573426573425
3.063250325E8	56.08928016279004
3.06330018E8	0.2008230452674897
3.063349735E8	0.0
3.063399235E8	44.625531914893614
3.06344861E8	13.576981418278347
3.063497735E8	39.17534590364231
3.06354609E8	3.268093264437912
3.06359362E8	4.669908273767525
3.06364072E8	20.87609011627907
3.06368756E8	13.027678432592133
3.063734225E8	12.97446526280882
3.063780725E8	21.492716909436353
3.06382707E8	47.814478085599106
3.063873235E8	45.543373493975906
3.06391931E8	2.111554061080875
3.063965295E8	4.173576806459305
3.06401082E8	10.357956418238418
3.064055785E8	44.841134994858734
3.06410055E8	0.0
3.0641452E8	2.3348409687773564
3.0641896E8	2.1711371363808083
3.064233765E8	32.80956231678965
3.06427766E8	0.34730067598851744
3.064321085E8	8.517965918729278
3.06436424E8	0.7632027257240205
3.06440737E8	4.246437054631829
3.064450465E8	0.0
3.06449342E8	0.1566265060240964
3.06453625E8	0.0
3.06457902E8	14.885794177312352
3.064621725E8	30.92603550295858
3.06466441E8	27.009837209302326
3.06470704E8	59.65147832551756
3.064749595E8	4.570679547518784
3.064792095E8	18.09727626459144
3.06483446E8	20.242132285361137
3.064876545E8	0.6207763712693618
3.064918455E8	10.460526315789474
3.0649603E8	27.942604922467346
3.065001735E8	0.0
3.06504273E8	25.030074593615705
3.065083565E8	0.0
3.06512427E8	38.85327403014578
3.06516488E8	28.054938762525847
3.065205265E8	16.008356789709335
3.065245425E8	11.347263233145805
3.06528524E8	0.0
3.06532471E8	2.9553721694116555
3.065364115E8	59.830022934421095
3.065403375E8	0.0
3.0654423E8	12.219481485720827
3.06548097E8	0.0
3.0655195E8	1.7454844006568144
3.065557735E8	31.722950342216397
3.06559577E8	29.784138508796424
3.065633635E8	6.519425971298565
3.065671335E8	21.56847020607045
3.065709005E8	24.736377441638876
3.065746505E8	8.374634923444553
3.065783835E8	10.111180914031396
3.06582112E8	9.720080501360806
3.06585833E8	33.873577749683946
3.06589543E8	18.295624385447393
3.065932395E8	8.489748018480057
3.065969265E8	4.393134550243698
3.06600612E8	14.578253181897828
3.066042955E8	11.021698241788197
3.06607968E8	11.569395017793594
3.0661163E8	9.184891322568028
3.066152875E8	32.4918640576725
3.06618939E8	2.8330404217926186
3.066225875E8	0.2495921696574225
3.066262295E8	0.31408982993362083
3.066298605E8	22.19558599695586
3.066334545E8	0.0
3.06637011E8	7.210031347962382
3.0664056E8	4.30348886086591
3.066440915E8	0.9555973046420054
3.066476025E8	53.09900512775562
3.066511055E8	15.235044631848893
3.06654603E8	13.240345761777942
3.066580945E8	31.241571987334698
3.066615705E8	0.0
3.06665033E8	55.33246321784528
3.06668493E8	18.4
3.066719485E8	16.99201666088164
3.066753845E8	16.953750457372852
3.06678798E8	24.127918287937742
3.066821985E8	11.271028037383177
3.06685591E8	7.0
3.066889815E8	41.294928558999246
3.066923705E8	3.429207158664486
3.066957585E8	0.03456
3.066991455E8	56.63402877697842
3.067025305E8	1.0711982804943578
3.06705914E8	0.2858308106289943
3.067092965E8	0.0
3.06712672E8	3.861003861003861
3.06716041E8	14.823822356365204
3.067194095E8	35.64200232378001
3.067227775E8	4.73599165804449
3.067248635E8	0.0
3.06726541E8	12.206589492430988
3.067294915E8	21.574285714285715
3.067328405E8	22.93560228643348
3.067361665E8	11.677740863787376
3.06739469E8	6.359832635983263
3.06742768E8	0.0
3.06746065E8	23.820055993891575
3.067493595E8	36.91961138526612
3.067526505E8	2.986382831315364
3.06755933E8	0.0
3.067591995E8	6.013616248723476
3.067624565E8	0.06448441693014853
3.067657115E8	2.2491437183175775
3.06768965E8	37.985882352941175
3.06772208E8	12.263203053344773
3.067754395E8	2.2414578587699316
3.067786575E8	41.78452322410479
3.067818625E8	44.31447430457332
3.067850465E8	28.772837735548386
3.0678821E8	10.7579185520362
3.067913705E8	6.979048253228377
3.067945245E8	9.261105092091007
3.06797666E8	31.30991196309434
3.0680079E8	0.0
3.06803903E8	26.159349897253875
3.068070135E8	1.917808219178082
3.068101235E8	8.663839199846125
3.06813233E8	18.32902102973169
3.068163365E8	31.280836236933798
3.068194285E8	42.06896551724138
3.06822513E8	1.3542863093998274
3.068255925E8	2.3269807693586904
3.068286625E8	23.736184210526314
3.068317255E8	0.6955979528375227
3.068347845E8	0.0
3.068378385E8	6.434782608695652
3.0684088E8	4.397978521794062
3.06843903E8	4.604895489548955
3.068469175E8	12.550591708511014
3.068499285E8	8.194437884727405
3.068529315E8	15.359276055072108
3.06855925E8	22.389830508474578
3.06858904E8	9.71183657119968
3.06861871E8	0.0
3.06864829E8	24.11179095305528
3.068677785E8	0.0
3.06870722E8	18.524551831644583
3.068736605E8	5.283848227244453
3.06876586E8	4.784866944533504
3.06879498E8	0.0
3.068824045E8	0.0
3.068853035E8	3.5531403697212958
3.06888198E8	8.5
3.0689109E8	0.0
3.068939665E8	0.0
3.06896809E8	30.43264977885002
3.068996235E8	29.595667870036102
3.069024245E8	14.451052686311769
3.06905212E8	9.904802744425385
3.069079905E8	9.333087149187593
3.069107675E8	0.886443661971831
3.06913543E8	29.91664415022967
3.06916313E8	0.0
3.06919067E8	0.6446599555322168
3.069218095E8	6.781488602032408
3.069245455E8	23.091100461324853
3.06927266E8	0.7629908853974938
3.06929975E8	43.13988200589971
3.069326695E8	18.765432098765434
3.069353465E8	5.4310861911592125
3.06938016E8	5.384196185286103
3.06940674E8	0.0381010363214269
3.06943317E8	8.328323622881356
3.069459505E8	5.142857142857143
3.069485655E8	0.0
3.06951153E8	0.0
3.069537225E8	2.3366655590016245
3.069562725E8	0.0
3.069587885E8	13.534883720930232
3.069612825E8	5.3418754098360655
3.069637735E8	24.478851767758677
3.0696626E8	0.7884688244208703
3.06968739E8	20.2595839330106
3.06971213E8	12.01578947368421
3.06973672E8	0.0
3.069761095E8	12.389776357827476
3.06978536E8	2.1906838453914768
3.0698095E8	0.0
3.06983354E8	0.0
3.06985755E8	5.989010989010989
3.06988152E8	2.7335834896810507
3.06990543E8	50.11899400741032
3.069929255E8	0.0
3.069953025E8	40.50336775931747
3.069976725E8	11.858706219113715
3.070000295E8	19.965397923875432
3.07002367E8	0.0
3.07004687E8	0.0
3.070070005E8	22.806684733514
3.070093035E8	0.0
3.070115925E8	19.487179487179485
3.07013868E8	4.867600182149363
3.07016134E8	17.89745711418086
3.07018396E8	0.5169937769267592
3.07020655E8	0.7578947368421053
3.070229135E8	0.0
3.0702516E8	1.715181547887197
3.07027389E8	0.4248
3.0702961E8	5.6468972361786784
3.070318285E8	0.6731379379201704
3.070340435E8	15.288798920377868
3.070362525E8	43.68368105672921
3.07038456E8	33.10002343841556
3.07040653E8	0.0
3.0704284E8	21.698635799917323
3.070450185E8	12.88643830451877
3.07047178E8	1.2463211772232885
3.0704932E8	26.095238095238095
3.07051452E8	30.558206607236496
3.070535745E8	4.186046511627907
3.07055696E8	1.0830049908064092
3.07057816E8	57.506610109579356
3.07059934E8	0.0
3.0706204E8	59.0
3.070641345E8	0.0
3.07066228E8	20.223793157319168
3.070683165E8	0.0
3.070704E8	1.1348897535667963
3.07072481E8	0.13051911009697661
3.07074558E8	10.311567164179104
3.070766325E8	46.0
3.070787045E8	2.2689593368432845
3.07080772E8	0.4070175438596491
3.070828335E8	16.95292356317059
3.07084889E8	54.0
3.07086942E8	41.97815871910895
3.07088987E8	0.0
3.070910185E8	21.169980119284293
3.07093044E8	39.872313920896914
3.07095069E8	0.37232600353852163
3.07097091E8	29.320290199809705
3.07099108E8	12.593911248710011
3.071011185E8	33.400287499308895
3.07103122E8	1.0373831775700935
3.071051185E8	20.033996023856858
3.071071095E8	52.5755991770005
3.071090915E8	6.164268049223802
3.07111059E8	0.0
3.071130195E8	41.7312925170068
3.07114979E8	31.33192261185006
3.07116933E8	0.3308630018738026
3.071188785E8	9.979482604817127
3.071208195E8	5.926974664679583
3.07122752E8	0.0
3.071246735E8	17.080731969860064
3.071265845E8	0.0
3.07128479E8	0.0
3.07130355E8	0.0
3.07132213E8	3.214573268921095
3.071340475E8	0.0
3.07135863E8	26.130599369085175
3.071376725E8	0.7543263288009888
3.07139478E8	8.9774148714385
3.07141279E8	0.0
3.071430775E8	0.0
3.07144871E8	1.3846153846153846
3.071466595E8	0.6293706293706294
3.07148442E8	6.5499659252834395
3.07150216E8	46.86276062285563
3.071519825E8	25.064308681672024
3.071537425E8	0.0
3.071554995E8	3.2524738478936954
3.071572545E8	4.005822416302766
3.07159008E8	0.0
3.071607605E8	36.116273033999484
3.071625115E8	38.07935902327356
3.07164259E8	8.685714285714285
3.07165998E8	0.0
3.071677295E8	0.0
3.07169459E8	0.0
3.07171187E8	6.31840442724913
3.07172911E8	18.467489733147758
3.071746285E8	42.25308428456128
3.071763405E8	30.779516110271025
3.0717805E8	19.108695652173914
3.07179757E8	26.62072043688301
3.0718146E8	0.0
3.07183154E8	10.658682634730539
3.071848325E8	35.970873786407765
3.071864995E8	9.204653082504237
3.07188158E8	25.16774111995955
3.07189806E8	2.9786967418546366
3.07191447E8	0.3605059732958538
3.071930855E8	10.0
3.07194713E8	6.699870579298315
3.07196327E8	1.3755047106325706
3.071979365E8	1.1860502234517982
3.07199539E8	34.54493417286778
3.07201133E8	40.0
3.072027235E8	40.0
3.072043025E8	4.578461538461538
3.07205867E8	11.0
3.07207427E8	0.0
3.07208982E8	1.2250598563447725
3.072105315E8	0.0
3.07212076E8	0.9034103095731751
3.072136115E8	0.0
3.072151395E8	26.095178519872967
3.072166655E8	4.234673556165563
3.07218189E8	4.0
3.07219709E8	0.0
3.07221218E8	0.0
3.072227155E8	0.0
3.072242065E8	5.552422907488987
3.07225692E8	0.0
3.072271765E8	2.584900983281461
3.07228659E8	36.405030832163135
3.072301395E8	0.0
3.072316155E8	0.0
3.072330835E8	51.561815336463226
3.0723454E8	3.332210918469695
3.072359815E8	8.591988384010932
3.072374155E8	0.0
3.07238849E8	4.105273343009192
3.072402775E8	0.0
3.072416995E8	32.54774007418602
3.072431125E8	2.644253951245647
3.072445175E8	0.0
3.07245921E8	0.0
3.07247322E8	0.0
3.072487205E8	33.80446037435285
3.072501165E8	5.150326797385621
3.072515085E8	16.431259182029287
3.072528945E8	40.0
3.07254274E8	46.45412457912458
3.072556495E8	19.55355859094177
3.072570195E8	0.8224747349443424
3.07258382E8	1.204745818571311
3.07259739E8	0.0
3.072610935E8	0.0
3.072624475E8	1.1029514292354172
3.072637995E8	50.71366453881025
3.07265146E8	0.0
3.072664865E8	0.0
3.072678185E8	0.0
3.072691435E8	0.0
3.072704615E8	1.2952522255192878
3.07271773E8	16.835705415990066
3.072730825E8	13.60467285132283
3.072743855E8	0.0
3.072756825E8	0.0
3.072769735E8	0.0
3.07278257E8	0.0
3.07279535E8	0.0
3.07280808E8	3.0632911392405062
3.07282078E8	0.5346998535871157
3.07283345E8	5.161125785590673
3.072846035E8	9.46807753868042
3.072858485E8	21.835051546391753
3.072870805E8	4.923226433430515
3.07288306E8	3.6488702623906706
3.072895305E8	40.0
3.0729075E8	0.0
3.072919625E8	1.9883040935672514
3.0729317E8	12.523498694516972
3.072943745E8	0.0
3.07295576E8	0.0
3.07296769E8	0.5101851851851852
3.072979505E8	2.25
3.072991265E8	0.0
3.073002965E8	0.0
3.0730146E8	0.0
3.0730262E8	14.412497488446856
3.073037765E8	0.0
3.073049325E8	0.0
3.073060875E8	17.144954128440368
3.07307234E8	0.0
3.073083675E8	0.0
3.0730949E8	0.19254658385093168
3.07310606E8	13.646637335009428
3.073117205E8	0.0
3.07312834E8	6.525278491859469
3.07313946E8	0.0
3.07315057E8	8.128342245989305
3.073161665E8	1.4706824735661648
3.07317273E8	0.0
3.073183765E8	30.386621540911804
3.073194775E8	4.799949418310572
3.073205775E8	0.0
3.07321677E8	0.0
3.073227755E8	0.0
3.073238735E8	7.096032872618603
3.07324967E8	13.852336788507001
3.07326045E8	4.0
3.07327112E8	16.884439359267734
3.07328175E8	0.0
3.07329233E8	3.59804826585784
3.073302885E8	10.640628978864273
3.0733134E8	13.294052909463243
3.07332388E8	0.0
3.073334315E8	0.0
3.073344645E8	0.0
3.073354855E8	5.727586206896552
3.073365005E8	1.2603953646898431
3.07337512E8	0.0
3.07338521E8	0.0
3.07339524E8	14.145360824742268
3.073405195E8	0.0
3.073415095E8	0.0
3.073424955E8	3.0
3.07343481E8	0.0
3.07344466E8	0.0
3.07345449E8	11.099932569116655
3.0734643E8	0.0
3.073474095E8	0.0
3.073483845E8	0.0
3.073493565E8	0.0
3.07350326E8	0.0
3.073512895E8	0.0
3.07352248E8	0.0
3.07353193E8	3.1082059063849656
3.07354126E8	7.929203539823009
3.073550565E8	6.085106382978723
3.073559835E8	0.0
3.073569075E8	0.0
3.073578275E8	0.0
3.073587445E8	0.0
3.07359658E8	0.0
3.07360568E8	5.708953004164188
3.07361477E8	0.0
3.073623815E8	0.0
3.0736328E8	0.0
3.073641745E8	0.0
3.073650655E8	1.0028328611898016
3.07365955E8	4.781914893617022
3.073668425E8	0.0
3.07367728E8	0.0
3.07368608E8	0.0
3.073694805E8	0.0
3.0737035E8	0.3036323851203501
3.073712185E8	0.0
3.07372084E8	0.0
3.073729445E8	0.0
3.07373801E8	7.837063318777292
3.07374652E8	0.0
3.07375497E8	19.785044790975448
3.07376337E8	0.9431263084438242
3.07377173E8	19.131645569620254
3.073780065E8	9.374298190892077
3.07378836E8	0.0
3.073796625E8	46.0
3.07380485E8	41.7522674267945
3.073812975E8	2.4745762711864407
3.073821025E8	0.0
3.073829055E8	46.0
3.07383704E8	0.0
3.073844975E8	0.0
3.073852875E8	0.0
3.07386072E8	2.8105726872246697
3.07386853E8	0.0
3.073876335E8	21.90721649484536
3.07388411E8	9.58116422148604
3.073891845E8	0.0
3.073899525E8	11.837433155080214
3.073907155E8	59.83577712609971
3.073914765E8	21.31756756756757
3.073922355E8	0.0
3.07392992E8	0.6436781609195402
3.073937465E8	0.0
3.073944975E8	0.0
3.073952445E8	0.0
3.073959905E8	0.0
3.073967355E8	0.0
3.073974755E8	0.0
3.073982085E8	6.772790836060696
3.07398938E8	0.0
3.07399665E8	11.0
3.074003845E8	0.0
3.074010975E8	0.0
3.07401809E8	5.555023923444976
3.074025195E8	14.64
3.074032295E8	0.0
3.074039365E8	0.0
3.0740464E8	0.0
3.0740534E8	1.0909090909090908
3.074060365E8	0.0
3.07406728E8	30.272270684641818
3.07407414E8	26.26530612244898
3.07408095E8	0.0
3.07408771E8	0.0
3.074094455E8	0.0
3.07410119E8	0.0
3.07410791E8	0.0
3.074114535E8	0.0
3.074121015E8	0.0
3.07412743E8	0.6841556636553162
3.07413383E8	4.022988505747127
3.07414021E8	0.0
3.07414658E8	0.0
3.07415294E8	0.0
3.074159275E8	0.0
3.074165575E8	0.0
3.07417184E8	0.0
3.074178075E8	55.06976744186046
3.074184285E8	0.0
3.07419046E8	0.0
3.074196585E8	0.0
3.07420267E8	5.284640171858217
3.07420871E8	0.0
3.07421472E8	0.0
3.074220725E8	30.28276509227401
3.07422671E8	0.0
3.074232665E8	40.0
3.074238595E8	14.074358974358974
3.074244515E8	0.0
3.07425042E8	2.985888993414864
3.074256305E8	0.0
3.074262165E8	0.0
3.074268005E8	3.943661971830986
3.074273815E8	0.0
3.074279595E8	0.0
3.07428537E8	40.0
3.07429113E8	5.950704225352113
3.074296855E8	0.0
3.07430254E8	0.0
3.07430819E8	0.0
3.074313815E8	0.0
3.074319415E8	0.0
3.07432497E8	0.0
3.074330485E8	0.0
3.074335975E8	0.0
3.074341455E8	5.229369664568423
3.07434693E8	0.0
3.0743524E8	0.0
3.074357865E8	34.52229299363057
3.074363325E8	0.0
3.07436878E8	0.0
3.07437422E8	0.0
3.07437964E8	0.0
3.07438504E8	35.88151658767772
3.074390425E8	29.758134895898266
3.07439579E8	0.0
3.074401125E8	0.0
3.07440644E8	38.5
3.07441174E8	22.816483516483515
3.074417025E8	0.0
3.07442227E8	0.0
3.07442747E8	0.0
3.07443264E8	24.601910180857548
3.074437785E8	0.0
3.0744429E8	0.0
3.07444798E8	0.0
3.074453045E8	0.0
3.0744581E8	6.0
3.074463125E8	13.0
3.07446812E8	22.420420538152925
3.074473085E8	0.0
3.074478015E8	0.0
3.074482925E8	0.0
3.074487815E8	0.0
3.07449269E8	0.0
3.074497555E8	40.0
3.07450239E8	0.0
3.0745072E8	0.0
3.07451198E8	0.0
3.074516695E8	0.0
3.074521375E8	0.0
3.074526035E8	0.0
3.07453067E8	0.0
3.07453528E8	0.0
3.07453982E8	3.072100313479624
3.074544305E8	0.0
3.074548775E8	0.0
3.07455321E8	0.0
3.074557615E8	0.0
3.07456201E8	0.0
3.07456637E8	0.0
3.0745707E8	0.0
3.07457503E8	0.0
3.07457932E8	0.0
3.07458353E8	0.0
3.0745877E8	0.0
3.07459185E8	0.0
3.074595975E8	0.0
3.07460009E8	0.0
3.07460419E8	0.0
3.074608275E8	0.0
3.07461234E8	4.440191387559809
3.07461637E8	13.0
3.07462037E8	0.0
3.07462436E8	0.0
3.074628295E8	0.0
3.074632175E8	0.0
3.07463604E8	0.0
3.074639885E8	0.0
3.074643725E8	0.0
3.07464756E8	0.0
3.074651385E8	0.8388520971302428
3.0746552E8	0.0
3.074659E8	0.0
3.074662785E8	0.0
3.07466655E8	0.0
3.07467028E8	0.0
3.07467397E8	0.0
3.07467764E8	0.0
3.074681295E8	0.0
3.074684925E8	0.0
3.074688535E8	38.67932489451477
3.074692125E8	2.1232394366197185
3.07469565E8	0.12179037463168234
3.0746991E8	0.0
3.07470252E8	36.0
3.074705915E8	0.0
3.07470929E8	0.0
3.07471266E8	0.0
3.07471601E8	0.0
3.07471933E8	33.01945080091533
3.074722625E8	0.0
3.0747259E8	0.0
3.07472917E8	0.0
3.074732435E8	0.0
3.07473569E8	0.0
3.07473894E8	0.0
3.07474218E8	0.0
3.07474541E8	0.0
3.07474863E8	0.0
3.074751825E8	0.0
3.074754995E8	0.0
3.074758155E8	0.0
3.0747613E8	0.0
3.074764425E8	0.0
3.074767535E8	0.0
3.07477063E8	0.0
3.07477372E8	0.0
3.074776785E8	0.0
3.074779805E8	0.0
3.0747828E8	0.0
3.074785785E8	0.0
3.07478873E8	0.0
3.074791635E8	41.130322949414115
3.074794525E8	0.0
3.07479739E8	0.0
3.07480024E8	0.0
3.074803065E8	0.0
3.074805865E8	0.0
3.07480866E8	0.0
3.07481141E8	0.0
3.07481412E8	52.0
3.074816825E8	0.0
3.0748195E8	0.0
3.07482213E8	0.0
3.074824735E8	0.0
3.074827325E8	0.0
3.074829885E8	0.0
3.074832415E8	0.0
3.074834925E8	0.0
3.07483741E8	0.0
3.07483986E8	0.0
3.07484227E8	0.0
3.07484466E8	0.0
3.07484705E8	0.0
3.07484943E8	0.0
3.074851795E8	0.0
3.074854115E8	0.0
3.07485639E8	0.0
3.074858655E8	0.0
3.074860915E8	0.0
3.074863175E8	0.0
3.07486542E8	0.0
3.07486762E8	0.0
3.074869785E8	0.0
3.074871945E8	0.0
3.07487409E8	0.0
3.07487621E8	0.0
3.0748783E8	0.0
3.074880335E8	0.0
3.07488232E8	0.0
3.07488428E8	0.0
3.074886225E8	14.806122448979592
3.0748881E8	0.0
3.07488991E8	0.0
3.07489172E8	0.0
3.07489351E8	0.0
3.074895275E8	0.0
3.07489703E8	0.0
3.07489878E8	0.0
3.07490053E8	0.0
3.074902265E8	0.0
3.07490395E8	0.0
3.074905575E8	0.0
3.074907135E8	0.0
3.07490864E8	0.0
3.07491012E8	32.412121212121214
3.074911565E8	0.0
3.07491297E8	0.0
3.074914355E8	0.0
3.074915695E8	0.0
3.074916995E8	0.0
3.074918285E8	0.0
3.074919565E8	0.0
3.07492084E8	0.0
3.07492211E8	0.0
3.07492338E8	0.0
3.074924645E8	0.0
3.074925885E8	0.0
3.074927095E8	0.0
3.074928275E8	0.0
3.074929365E8	0.0
3.074930385E8	0.0
3.074931395E8	0.0
3.07493239E8	0.0
3.07493338E8	0.0
3.07493436E8	0.0
3.07493525E8	0.0
3.074936035E8	0.0
3.07493678E8	0.0
3.074937455E8	0.0
3.07493806E8	0.0
