Sample	FastQC_mqc-generalstats-fastqc-percent_duplicates	FastQC_mqc-generalstats-fastqc-percent_gc	FastQC_mqc-generalstats-fastqc-avg_sequence_length	FastQC_mqc-generalstats-fastqc-median_sequence_length	FastQC_mqc-generalstats-fastqc-percent_fails	FastQC_mqc-generalstats-fastqc-total_sequences
FN1_14084_TAGCTT_read1	8.653982587299723	43.0	125.0	125	27.27272727272727	41081895.0
FN1_14084_TAGCTT_read2	9.154669279044441	42.0	125.0	125	9.090909090909092	41081895.0
FN2_14085_GGCTAC_read1	9.163262088259543	42.0	125.0	125	27.27272727272727	40336762.0
FN2_14085_GGCTAC_read2	9.499508498909435	41.0	125.0	125	18.181818181818183	40336762.0
FN3_14086_CTTGTA_read1	9.808695971031327	42.0	125.0	125	36.36363636363637	39337625.0
FN3_14086_CTTGTA_read2	10.474572271126704	41.0	125.0	125	18.181818181818183	39337625.0
FN4_14087_GTGAAA_read1	9.374370959793907	42.0	125.0	125	18.181818181818183	43694916.0
FN4_14087_GTGAAA_read2	9.950498558973436	41.0	125.0	125	18.181818181818183	43694916.0
FW1_14080_ATCACG_read1	8.236012304046426	45.0	125.0	125	18.181818181818183	35473937.0
FW1_14080_ATCACG_read2	8.820483826650815	44.0	125.0	125	0.0	35473937.0
FW2_14081_ACAGTG_read1	8.182826366306116	41.0	125.0	125	18.181818181818183	35795097.0
FW2_14081_ACAGTG_read2	8.799163961671738	40.0	125.0	125	0.0	35795097.0
FW3_14082_GCCAAT_read1	7.76587904648099	43.0	125.0	125	18.181818181818183	35212082.0
FW3_14082_GCCAAT_read2	8.334712470425387	42.0	125.0	125	0.0	35212082.0
FW4_14083_ACTTGA_read1	7.507103528219844	46.0	125.0	125	27.27272727272727	36185971.0
FW4_14083_ACTTGA_read2	7.987051693386931	45.0	125.0	125	9.090909090909092	36185971.0
